ticker,period,model_key,seed,loss_name,update,loss
GAS,BAD,UCB_WITHOUT_VAE_UNCERTAINTY,41,Q loss,0,0.03173871338367462
GAS,BAD,UCB_WITHOUT_VAE_UNCERTAINTY,41,Q loss,1,0.01784604974091053
GAS,BAD,UCB_WITHOUT_VAE_UNCERTAINTY,41,Q loss,2,0.02966625988483429
GAS,BAD,UCB_WITHOUT_VAE_UNCERTAINTY,41,Q loss,3,0.021082675084471703
GAS,BAD,UCB_WITHOUT_VAE_UNCERTAINTY,41,Q loss,4,0.021075963973999023
GAS,BAD,UCB_WITHOUT_VAE_UNCERTAINTY,41,Q loss,5,0.01848806068301201
GAS,BAD,UCB_WITHOUT_VAE_UNCERTAINTY,41,Q loss,6,0.014640068635344505
GAS,BAD,UCB_WITHOUT_VAE_UNCERTAINTY,41,Q loss,7,0.028243832290172577
GAS,BAD,UCB_WITHOUT_VAE_UNCERTAINTY,41,Q loss,8,0.02153836004436016
GAS,BAD,UCB_WITHOUT_VAE_UNCERTAINTY,41,Q loss,9,0.025027375668287277
GAS,BAD,UCB_WITHOUT_VAE_UNCERTAINTY,41,Q loss,10,0.02066314034163952
GAS,BAD,UCB_WITHOUT_VAE_UNCERTAINTY,41,Q loss,11,0.04245954751968384
GAS,BAD,UCB_WITHOUT_VAE_UNCERTAINTY,41,Q loss,12,0.019123569130897522
GAS,BAD,UCB_WITHOUT_VAE_UNCERTAINTY,41,Q loss,13,0.020056067034602165
GAS,BAD,UCB_WITHOUT_VAE_UNCERTAINTY,41,Q loss,14,0.01848585344851017
GAS,BAD,UCB_WITHOUT_VAE_UNCERTAINTY,41,Q loss,15,0.022056233137845993
GAS,BAD,UCB_WITHOUT_VAE_UNCERTAINTY,41,Q loss,16,0.034237273037433624
GAS,BAD,UCB_WITHOUT_VAE_UNCERTAINTY,41,Q loss,17,0.046762704849243164
GAS,BAD,UCB_WITHOUT_VAE_UNCERTAINTY,41,Q loss,18,0.043518610298633575
GAS,BAD,UCB_WITHOUT_VAE_UNCERTAINTY,41,Q loss,19,0.018358008936047554
GAS,BAD,UCB_WITHOUT_VAE_UNCERTAINTY,41,Q loss,20,0.038577936589717865
GAS,BAD,UCB_WITHOUT_VAE_UNCERTAINTY,41,Q loss,21,0.022702086716890335
GAS,BAD,UCB_WITHOUT_VAE_UNCERTAINTY,41,Q loss,22,0.05156906321644783
GAS,BAD,UCB_WITHOUT_VAE_UNCERTAINTY,41,Q loss,23,0.06897474080324173
GAS,BAD,UCB_WITHOUT_VAE_UNCERTAINTY,41,Q loss,24,0.03449250012636185
GAS,BAD,UCB_WITHOUT_VAE_UNCERTAINTY,41,Q loss,25,0.0227377787232399
GAS,BAD,UCB_WITHOUT_VAE_UNCERTAINTY,41,Q loss,26,0.015894105657935143
GAS,BAD,UCB_WITHOUT_VAE_UNCERTAINTY,41,Q loss,27,0.03207775577902794
GAS,BAD,UCB_WITHOUT_VAE_UNCERTAINTY,41,Q loss,28,0.02726614847779274
GAS,BAD,UCB_WITHOUT_VAE_UNCERTAINTY,41,Q loss,29,0.03568895533680916
GAS,BAD,UCB_WITHOUT_VAE_UNCERTAINTY,41,Q loss,30,0.045414671301841736
GAS,BAD,UCB_WITHOUT_VAE_UNCERTAINTY,41,Q loss,31,0.02717883326113224
GAS,BAD,UCB_WITHOUT_VAE_UNCERTAINTY,41,Q loss,32,0.023442884907126427
GAS,BAD,UCB_WITHOUT_VAE_UNCERTAINTY,41,Q loss,33,0.03160173445940018
GAS,BAD,UCB_WITHOUT_VAE_UNCERTAINTY,41,Q loss,34,0.03741580620408058
GAS,BAD,UCB_WITHOUT_VAE_UNCERTAINTY,41,Q loss,35,0.0867127925157547
GAS,BAD,UCB_WITHOUT_VAE_UNCERTAINTY,41,Q loss,36,0.045319411903619766
GAS,BAD,UCB_WITHOUT_VAE_UNCERTAINTY,41,Q loss,37,0.02594939060509205
GAS,BAD,UCB_WITHOUT_VAE_UNCERTAINTY,41,Q loss,38,0.034592099487781525
GAS,BAD,UCB_WITHOUT_VAE_UNCERTAINTY,41,Q loss,39,0.043191175907850266
GAS,BAD,UCB_WITHOUT_VAE_UNCERTAINTY,41,Q loss,40,0.0433255210518837
GAS,BAD,UCB_WITHOUT_VAE_UNCERTAINTY,41,Q loss,41,0.0629451721906662
GAS,BAD,UCB_WITHOUT_VAE_UNCERTAINTY,41,Q loss,42,0.03931301459670067
GAS,BAD,UCB_WITHOUT_VAE_UNCERTAINTY,41,Q loss,43,0.030695263296365738
GAS,BAD,UCB_WITHOUT_VAE_UNCERTAINTY,41,Q loss,44,0.0348232239484787
GAS,BAD,UCB_WITHOUT_VAE_UNCERTAINTY,41,Q loss,45,0.039807286113500595
GAS,BAD,UCB_WITHOUT_VAE_UNCERTAINTY,41,Q loss,46,0.043941207230091095
GAS,BAD,UCB_WITHOUT_VAE_UNCERTAINTY,41,Q loss,47,0.03636676073074341
GAS,BAD,UCB_WITHOUT_VAE_UNCERTAINTY,41,Q loss,48,0.039326995611190796
GAS,BAD,UCB_WITHOUT_VAE_UNCERTAINTY,41,Q loss,49,0.024981044232845306
GAS,BAD,UCB_WITHOUT_VAE_UNCERTAINTY,41,Q loss,50,0.027252862229943275
GAS,BAD,UCB_WITHOUT_VAE_UNCERTAINTY,41,Q loss,51,0.035183489322662354
GAS,BAD,UCB_WITHOUT_VAE_UNCERTAINTY,41,Q loss,52,0.0460093691945076
GAS,BAD,UCB_WITHOUT_VAE_UNCERTAINTY,41,Q loss,53,0.0839705765247345
GAS,BAD,UCB_WITHOUT_VAE_UNCERTAINTY,41,Q loss,54,0.04620465636253357
GAS,BAD,UCB_WITHOUT_VAE_UNCERTAINTY,41,Q loss,55,0.032296475023031235
GAS,BAD,UCB_WITHOUT_VAE_UNCERTAINTY,41,Q loss,56,0.028255539014935493
GAS,BAD,UCB_WITHOUT_VAE_UNCERTAINTY,41,Q loss,57,0.030683081597089767
GAS,BAD,UCB_WITHOUT_VAE_UNCERTAINTY,41,Q loss,58,0.049934159964323044
GAS,BAD,UCB_WITHOUT_VAE_UNCERTAINTY,41,Q loss,59,0.05522032827138901
GAS,BAD,UCB_WITHOUT_VAE_UNCERTAINTY,41,Q loss,60,0.04274315387010574
GAS,BAD,UCB_WITHOUT_VAE_UNCERTAINTY,41,Q loss,61,0.02165590040385723
GAS,BAD,UCB_WITHOUT_VAE_UNCERTAINTY,41,Q loss,62,0.03163033351302147
GAS,BAD,UCB_WITHOUT_VAE_UNCERTAINTY,41,Q loss,63,0.05472515523433685
GAS,BAD,UCB_WITHOUT_VAE_UNCERTAINTY,41,Q loss,64,0.03598181903362274
GAS,BAD,UCB_WITHOUT_VAE_UNCERTAINTY,41,Q loss,65,0.03572636470198631
GAS,BAD,UCB_WITHOUT_VAE_UNCERTAINTY,41,Q loss,66,0.03368934243917465
GAS,BAD,UCB_WITHOUT_VAE_UNCERTAINTY,41,Q loss,67,0.028050728142261505
GAS,BAD,UCB_WITHOUT_VAE_UNCERTAINTY,41,Q loss,68,0.03145718574523926
GAS,BAD,UCB_WITHOUT_VAE_UNCERTAINTY,41,Q loss,69,0.03588896617293358
GAS,BAD,UCB_WITHOUT_VAE_UNCERTAINTY,41,Q loss,70,0.03867298364639282
GAS,BAD,UCB_WITHOUT_VAE_UNCERTAINTY,41,Q loss,71,0.05638369545340538
GAS,BAD,UCB_WITHOUT_VAE_UNCERTAINTY,41,Q loss,72,0.027664870023727417
GAS,BAD,UCB_WITHOUT_VAE_UNCERTAINTY,41,Q loss,73,0.022361181676387787
GAS,BAD,UCB_WITHOUT_VAE_UNCERTAINTY,41,Q loss,74,0.03393358737230301
GAS,BAD,UCB_WITHOUT_VAE_UNCERTAINTY,41,Q loss,75,0.03194326162338257
GAS,BAD,UCB_WITHOUT_VAE_UNCERTAINTY,41,Q loss,76,0.03565477579832077
GAS,BAD,UCB_WITHOUT_VAE_UNCERTAINTY,41,Q loss,77,0.045004893094301224
GAS,BAD,UCB_WITHOUT_VAE_UNCERTAINTY,41,Q loss,78,0.04726828634738922
GAS,BAD,UCB_WITHOUT_VAE_UNCERTAINTY,41,Q loss,79,0.019814148545265198
GAS,BAD,UCB_WITHOUT_VAE_UNCERTAINTY,41,Q loss,80,0.027091506868600845
GAS,BAD,UCB_WITHOUT_VAE_UNCERTAINTY,41,Q loss,81,0.046583808958530426
GAS,BAD,UCB_WITHOUT_VAE_UNCERTAINTY,41,Q loss,82,0.032704371958971024
GAS,BAD,UCB_WITHOUT_VAE_UNCERTAINTY,41,Q loss,83,0.028832361102104187
GAS,BAD,UCB_WITHOUT_VAE_UNCERTAINTY,41,Q loss,84,0.027120327576994896
GAS,BAD,UCB_WITHOUT_VAE_UNCERTAINTY,41,Q loss,85,0.0234215147793293
GAS,BAD,UCB_WITHOUT_VAE_UNCERTAINTY,41,Q loss,86,0.018241144716739655
GAS,BAD,UCB_WITHOUT_VAE_UNCERTAINTY,41,Q loss,87,0.02723432518541813
GAS,BAD,UCB_WITHOUT_VAE_UNCERTAINTY,41,Q loss,88,0.0421251580119133
GAS,BAD,UCB_WITHOUT_VAE_UNCERTAINTY,41,Q loss,89,0.02738204412162304
GAS,BAD,UCB_WITHOUT_VAE_UNCERTAINTY,41,Q loss,90,0.040753260254859924
GAS,BAD,UCB_WITHOUT_VAE_UNCERTAINTY,41,Q loss,91,0.02668359875679016
GAS,BAD,UCB_WITHOUT_VAE_UNCERTAINTY,41,Q loss,92,0.027668217197060585
GAS,BAD,UCB_WITHOUT_VAE_UNCERTAINTY,41,Q loss,93,0.02478494867682457
GAS,BAD,UCB_WITHOUT_VAE_UNCERTAINTY,41,Q loss,94,0.04200367256999016
GAS,BAD,UCB_WITHOUT_VAE_UNCERTAINTY,41,Q loss,95,0.033638935536146164
GAS,BAD,UCB_WITHOUT_VAE_UNCERTAINTY,41,Q loss,96,0.034372925758361816
GAS,BAD,UCB_WITHOUT_VAE_UNCERTAINTY,41,Q loss,97,0.018806084990501404
GAS,BAD,UCB_WITHOUT_VAE_UNCERTAINTY,41,Q loss,98,0.022912368178367615
GAS,BAD,UCB_WITHOUT_VAE_UNCERTAINTY,41,Q loss,99,0.03941670060157776
GAS,BAD,UCB_WITHOUT_VAE_UNCERTAINTY,41,Q loss,100,0.02914426103234291
GAS,BAD,UCB_WITHOUT_VAE_UNCERTAINTY,41,Q loss,101,0.027356769889593124
GAS,BAD,UCB_WITHOUT_VAE_UNCERTAINTY,41,Q loss,102,0.017732858657836914
GAS,BAD,UCB_WITHOUT_VAE_UNCERTAINTY,41,Q loss,103,0.027728231623768806
GAS,BAD,UCB_WITHOUT_VAE_UNCERTAINTY,41,Q loss,104,0.01832425594329834
GAS,BAD,UCB_WITHOUT_VAE_UNCERTAINTY,41,Q loss,105,0.019509539008140564
GAS,BAD,UCB_WITHOUT_VAE_UNCERTAINTY,41,Q loss,106,0.03628752380609512
GAS,BAD,UCB_WITHOUT_VAE_UNCERTAINTY,41,Q loss,107,0.04329356923699379
GAS,BAD,UCB_WITHOUT_VAE_UNCERTAINTY,41,Q loss,108,0.041175127029418945
GAS,BAD,UCB_WITHOUT_VAE_UNCERTAINTY,41,Q loss,109,0.01747496798634529
GAS,BAD,UCB_WITHOUT_VAE_UNCERTAINTY,41,Q loss,110,0.022894544526934624
GAS,BAD,UCB_WITHOUT_VAE_UNCERTAINTY,41,Q loss,111,0.015585708431899548
GAS,BAD,UCB_WITHOUT_VAE_UNCERTAINTY,41,Q loss,112,0.025980545207858086
GAS,BAD,UCB_WITHOUT_VAE_UNCERTAINTY,41,Q loss,113,0.029597144573926926
GAS,BAD,UCB_WITHOUT_VAE_UNCERTAINTY,41,Q loss,114,0.017604831606149673
GAS,BAD,UCB_WITHOUT_VAE_UNCERTAINTY,41,Q loss,115,0.019253220409154892
GAS,BAD,UCB_WITHOUT_VAE_UNCERTAINTY,41,Q loss,116,0.020445920526981354
GAS,BAD,UCB_WITHOUT_VAE_UNCERTAINTY,41,Q loss,117,0.01893819123506546
GAS,BAD,UCB_WITHOUT_VAE_UNCERTAINTY,41,Q loss,118,0.03374398499727249
GAS,BAD,UCB_WITHOUT_VAE_UNCERTAINTY,41,Q loss,119,0.016335226595401764
GAS,BAD,UCB_WITHOUT_VAE_UNCERTAINTY,41,Q loss,120,0.03252401575446129
GAS,BAD,UCB_WITHOUT_VAE_UNCERTAINTY,41,Q loss,121,0.020427018404006958
GAS,BAD,UCB_WITHOUT_VAE_UNCERTAINTY,41,Q loss,122,0.018836472183465958
GAS,BAD,UCB_WITHOUT_VAE_UNCERTAINTY,41,Q loss,123,0.020908379927277565
GAS,BAD,UCB_WITHOUT_VAE_UNCERTAINTY,41,Q loss,124,0.022864140570163727
GAS,BAD,UCB_WITHOUT_VAE_UNCERTAINTY,41,Q loss,125,0.02692779153585434
GAS,BAD,UCB_WITHOUT_VAE_UNCERTAINTY,41,Q loss,126,0.02437559887766838
GAS,BAD,UCB_WITHOUT_VAE_UNCERTAINTY,41,Q loss,127,0.014502951875329018
GAS,BAD,UCB_WITHOUT_VAE_UNCERTAINTY,41,Q loss,128,0.01575028896331787
GAS,BAD,UCB_WITHOUT_VAE_UNCERTAINTY,41,Q loss,129,0.01562688872218132
GAS,BAD,UCB_WITHOUT_VAE_UNCERTAINTY,41,Q loss,130,0.023041315376758575
GAS,BAD,UCB_WITHOUT_VAE_UNCERTAINTY,41,Q loss,131,0.030963025987148285
GAS,BAD,UCB_WITHOUT_VAE_UNCERTAINTY,41,Q loss,132,0.016438625752925873
GAS,BAD,UCB_WITHOUT_VAE_UNCERTAINTY,41,Q loss,133,0.011393357068300247
GAS,BAD,UCB_WITHOUT_VAE_UNCERTAINTY,41,Q loss,134,0.01878093183040619
GAS,BAD,UCB_WITHOUT_VAE_UNCERTAINTY,41,Q loss,135,0.024637022987008095
GAS,BAD,UCB_WITHOUT_VAE_UNCERTAINTY,41,Q loss,136,0.0211862213909626
GAS,BAD,UCB_WITHOUT_VAE_UNCERTAINTY,41,Q loss,137,0.02092239260673523
GAS,BAD,UCB_WITHOUT_VAE_UNCERTAINTY,41,Q loss,138,0.020162086933851242
GAS,BAD,UCB_WITHOUT_VAE_UNCERTAINTY,41,Q loss,139,0.014321559108793736
GAS,BAD,UCB_WITHOUT_VAE_UNCERTAINTY,41,Q loss,140,0.00919460691511631
GAS,BAD,UCB_WITHOUT_VAE_UNCERTAINTY,41,Q loss,141,0.013229063712060452
GAS,BAD,UCB_WITHOUT_VAE_UNCERTAINTY,41,Q loss,142,0.029606830328702927
GAS,BAD,UCB_WITHOUT_VAE_UNCERTAINTY,41,Q loss,143,0.028972920030355453
GAS,BAD,UCB_WITHOUT_VAE_UNCERTAINTY,41,Q loss,144,0.021362805739045143
GAS,BAD,UCB_WITHOUT_VAE_UNCERTAINTY,41,Q loss,145,0.011612324975430965
GAS,BAD,UCB_WITHOUT_VAE_UNCERTAINTY,41,Q loss,146,0.012483924627304077
GAS,BAD,UCB_WITHOUT_VAE_UNCERTAINTY,41,Q loss,147,0.017460890114307404
GAS,BAD,UCB_WITHOUT_VAE_UNCERTAINTY,41,Q loss,148,0.026146624237298965
GAS,BAD,UCB_WITHOUT_VAE_UNCERTAINTY,41,Q loss,149,0.019273478537797928
GAS,BAD,UCB_WITHOUT_VAE_UNCERTAINTY,41,Q loss,150,0.018618354573845863
GAS,BAD,UCB_WITHOUT_VAE_UNCERTAINTY,41,Q loss,151,0.009707295335829258
GAS,BAD,UCB_WITHOUT_VAE_UNCERTAINTY,41,Q loss,152,0.01997872069478035
GAS,BAD,UCB_WITHOUT_VAE_UNCERTAINTY,41,Q loss,153,0.019810181111097336
GAS,BAD,UCB_WITHOUT_VAE_UNCERTAINTY,41,Q loss,154,0.016729410737752914
GAS,BAD,UCB_WITHOUT_VAE_UNCERTAINTY,41,Q loss,155,0.014078957960009575
GAS,BAD,UCB_WITHOUT_VAE_UNCERTAINTY,41,Q loss,156,0.02047630213201046
GAS,BAD,UCB_WITHOUT_VAE_UNCERTAINTY,41,Q loss,157,0.01294162217527628
GAS,BAD,UCB_WITHOUT_VAE_UNCERTAINTY,41,Q loss,158,0.00651166494935751
GAS,BAD,UCB_WITHOUT_VAE_UNCERTAINTY,41,Q loss,159,0.0137559212744236
GAS,BAD,UCB_WITHOUT_VAE_UNCERTAINTY,41,Q loss,160,0.01665453240275383
GAS,BAD,UCB_WITHOUT_VAE_UNCERTAINTY,41,Q loss,161,0.033940497785806656
GAS,BAD,UCB_WITHOUT_VAE_UNCERTAINTY,41,Q loss,162,0.021992823109030724
GAS,BAD,UCB_WITHOUT_VAE_UNCERTAINTY,41,Q loss,163,0.014176453463733196
GAS,BAD,UCB_WITHOUT_VAE_UNCERTAINTY,41,Q loss,164,0.010385680943727493
GAS,BAD,UCB_WITHOUT_VAE_UNCERTAINTY,41,Q loss,165,0.014188669621944427
GAS,BAD,UCB_WITHOUT_VAE_UNCERTAINTY,41,Q loss,166,0.009899970144033432
GAS,BAD,UCB_WITHOUT_VAE_UNCERTAINTY,41,Q loss,167,0.02601039595901966
GAS,BAD,UCB_WITHOUT_VAE_UNCERTAINTY,41,Q loss,168,0.025587815791368484
GAS,BAD,UCB_WITHOUT_VAE_UNCERTAINTY,41,Q loss,169,0.010498927906155586
GAS,BAD,UCB_WITHOUT_VAE_UNCERTAINTY,41,Q loss,170,0.00935580488294363
GAS,BAD,UCB_WITHOUT_VAE_UNCERTAINTY,41,Q loss,171,0.008992263115942478
GAS,BAD,UCB_WITHOUT_VAE_UNCERTAINTY,41,Q loss,172,0.014309478923678398
GAS,BAD,UCB_WITHOUT_VAE_UNCERTAINTY,41,Q loss,173,0.007845303975045681
GAS,BAD,UCB_WITHOUT_VAE_UNCERTAINTY,41,Q loss,174,0.010283301584422588
GAS,BAD,UCB_WITHOUT_VAE_UNCERTAINTY,41,Q loss,175,0.005055625922977924
GAS,BAD,UCB_WITHOUT_VAE_UNCERTAINTY,41,Q loss,176,0.011137982830405235
GAS,BAD,UCB_WITHOUT_VAE_UNCERTAINTY,41,Q loss,177,0.010779431089758873
GAS,BAD,UCB_WITHOUT_VAE_UNCERTAINTY,41,Q loss,178,0.011119917035102844
GAS,BAD,UCB_WITHOUT_VAE_UNCERTAINTY,41,Q loss,179,0.026847824454307556
GAS,BAD,UCB_WITHOUT_VAE_UNCERTAINTY,41,Q loss,180,0.017295975238084793
GAS,BAD,UCB_WITHOUT_VAE_UNCERTAINTY,41,Q loss,181,0.002584100468084216
GAS,BAD,UCB_WITHOUT_VAE_UNCERTAINTY,41,Q loss,182,0.011369473300874233
GAS,BAD,UCB_WITHOUT_VAE_UNCERTAINTY,41,Q loss,183,0.01861576922237873
GAS,BAD,UCB_WITHOUT_VAE_UNCERTAINTY,41,Q loss,184,0.02086421474814415
GAS,BAD,UCB_WITHOUT_VAE_UNCERTAINTY,41,Q loss,185,0.014169351197779179
GAS,BAD,UCB_WITHOUT_VAE_UNCERTAINTY,41,Q loss,186,0.027787543833255768
GAS,BAD,UCB_WITHOUT_VAE_UNCERTAINTY,41,Q loss,187,0.011727535165846348
GAS,BAD,UCB_WITHOUT_VAE_UNCERTAINTY,41,Q loss,188,0.008942210115492344
GAS,BAD,UCB_WITHOUT_VAE_UNCERTAINTY,41,Q loss,189,0.01721324399113655
GAS,BAD,UCB_WITHOUT_VAE_UNCERTAINTY,41,Q loss,190,0.009976213797926903
GAS,BAD,UCB_WITHOUT_VAE_UNCERTAINTY,41,Q loss,191,0.007397432345896959
GAS,BAD,UCB_WITHOUT_VAE_UNCERTAINTY,41,Q loss,192,0.011111480183899403
GAS,BAD,UCB_WITHOUT_VAE_UNCERTAINTY,41,Q loss,193,0.007191414479166269
GAS,BAD,UCB_WITHOUT_VAE_UNCERTAINTY,41,Q loss,194,0.01329666655510664
GAS,BAD,UCB_WITHOUT_VAE_UNCERTAINTY,41,Q loss,195,0.013171621598303318
GAS,BAD,UCB_WITHOUT_VAE_UNCERTAINTY,41,Q loss,196,0.01421007513999939
GAS,BAD,UCB_WITHOUT_VAE_UNCERTAINTY,41,Q loss,197,0.029159430414438248
GAS,BAD,UCB_WITHOUT_VAE_UNCERTAINTY,41,Q loss,198,0.01316644623875618
GAS,BAD,UCB_WITHOUT_VAE_UNCERTAINTY,41,Q loss,199,0.006984611973166466
GAS,BAD,UCB_WITHOUT_VAE_UNCERTAINTY,41,Q loss,200,0.006468638777732849
GAS,BAD,UCB_WITHOUT_VAE_UNCERTAINTY,41,Q loss,201,0.012045348063111305
GAS,BAD,UCB_WITHOUT_VAE_UNCERTAINTY,41,Q loss,202,0.009276527911424637
GAS,BAD,UCB_WITHOUT_VAE_UNCERTAINTY,41,Q loss,203,0.014695372432470322
GAS,BAD,UCB_WITHOUT_VAE_UNCERTAINTY,41,Q loss,204,0.01809898391366005
GAS,BAD,UCB_WITHOUT_VAE_UNCERTAINTY,41,Q loss,205,0.007302675396203995
GAS,BAD,UCB_WITHOUT_VAE_UNCERTAINTY,41,Q loss,206,0.009757493622601032
GAS,BAD,UCB_WITHOUT_VAE_UNCERTAINTY,41,Q loss,207,0.01359831914305687
GAS,BAD,UCB_WITHOUT_VAE_UNCERTAINTY,41,Q loss,208,0.013494877144694328
GAS,BAD,UCB_WITHOUT_VAE_UNCERTAINTY,41,Q loss,209,0.008354158140718937
GAS,BAD,UCB_WITHOUT_VAE_UNCERTAINTY,41,Q loss,210,0.010681061074137688
GAS,BAD,UCB_WITHOUT_VAE_UNCERTAINTY,41,Q loss,211,0.008021642453968525
GAS,BAD,UCB_WITHOUT_VAE_UNCERTAINTY,41,Q loss,212,0.008477272465825081
GAS,BAD,UCB_WITHOUT_VAE_UNCERTAINTY,41,Q loss,213,0.006566016934812069
GAS,BAD,UCB_WITHOUT_VAE_UNCERTAINTY,41,Q loss,214,0.009268547408282757
GAS,BAD,UCB_WITHOUT_VAE_UNCERTAINTY,41,Q loss,215,0.02352888137102127
GAS,BAD,UCB_WITHOUT_VAE_UNCERTAINTY,41,Q loss,216,0.011824499815702438
GAS,BAD,UCB_WITHOUT_VAE_UNCERTAINTY,41,Q loss,217,0.009636850096285343
GAS,BAD,UCB_WITHOUT_VAE_UNCERTAINTY,41,Q loss,218,0.01737288199365139
GAS,BAD,UCB_WITHOUT_VAE_UNCERTAINTY,41,Q loss,219,0.003802298568189144
GAS,BAD,UCB_WITHOUT_VAE_UNCERTAINTY,41,Q loss,220,0.009296564385294914
GAS,BAD,UCB_WITHOUT_VAE_UNCERTAINTY,41,Q loss,221,0.009906342253088951
GAS,BAD,UCB_WITHOUT_VAE_UNCERTAINTY,41,Q loss,222,0.019024208188056946
GAS,BAD,UCB_WITHOUT_VAE_UNCERTAINTY,41,Q loss,223,0.004430809523910284
GAS,BAD,UCB_WITHOUT_VAE_UNCERTAINTY,41,Q loss,224,0.0036010639742016792
GAS,BAD,UCB_WITHOUT_VAE_UNCERTAINTY,41,Q loss,225,0.009613657370209694
GAS,BAD,UCB_WITHOUT_VAE_UNCERTAINTY,41,Q loss,226,0.005288392771035433
GAS,BAD,UCB_WITHOUT_VAE_UNCERTAINTY,41,Q loss,227,0.005635128356516361
GAS,BAD,UCB_WITHOUT_VAE_UNCERTAINTY,41,Q loss,228,0.007494489662349224
GAS,BAD,UCB_WITHOUT_VAE_UNCERTAINTY,41,Q loss,229,0.002805825788527727
GAS,BAD,UCB_WITHOUT_VAE_UNCERTAINTY,41,Q loss,230,0.0035390821285545826
GAS,BAD,UCB_WITHOUT_VAE_UNCERTAINTY,41,Q loss,231,0.007015883922576904
GAS,BAD,UCB_WITHOUT_VAE_UNCERTAINTY,41,Q loss,232,0.007893698289990425
GAS,BAD,UCB_WITHOUT_VAE_UNCERTAINTY,41,Q loss,233,0.025435911491513252
GAS,BAD,UCB_WITHOUT_VAE_UNCERTAINTY,41,Q loss,234,0.01010170392692089
GAS,BAD,UCB_WITHOUT_VAE_UNCERTAINTY,41,Q loss,235,0.007128207478672266
GAS,BAD,UCB_WITHOUT_VAE_UNCERTAINTY,41,Q loss,236,0.01005464792251587
GAS,BAD,UCB_WITHOUT_VAE_UNCERTAINTY,41,Q loss,237,0.010581744834780693
GAS,BAD,UCB_WITHOUT_VAE_UNCERTAINTY,41,Q loss,238,0.005765790119767189
GAS,BAD,UCB_WITHOUT_VAE_UNCERTAINTY,41,Q loss,239,0.00832396186888218
GAS,BAD,UCB_WITHOUT_VAE_UNCERTAINTY,41,Q loss,240,0.013250906951725483
GAS,BAD,UCB_WITHOUT_VAE_UNCERTAINTY,41,Q loss,241,0.003560139797627926
GAS,BAD,UCB_WITHOUT_VAE_UNCERTAINTY,41,Q loss,242,0.003654174041002989
GAS,BAD,UCB_WITHOUT_VAE_UNCERTAINTY,41,Q loss,243,0.010035974904894829
GAS,BAD,UCB_WITHOUT_VAE_UNCERTAINTY,41,Q loss,244,0.005665532313287258
GAS,BAD,UCB_WITHOUT_VAE_UNCERTAINTY,41,Q loss,245,0.011846199631690979
GAS,BAD,UCB_WITHOUT_VAE_UNCERTAINTY,41,Q loss,246,0.0075173103250563145
GAS,BAD,UCB_WITHOUT_VAE_UNCERTAINTY,41,Q loss,247,0.009265451692044735
GAS,BAD,UCB_WITHOUT_VAE_UNCERTAINTY,41,Q loss,248,0.008125348016619682
GAS,BAD,UCB_WITHOUT_VAE_UNCERTAINTY,41,Q loss,249,0.0067365579307079315
GAS,BAD,UCB_WITHOUT_VAE_UNCERTAINTY,41,Q loss,250,0.013772889971733093
GAS,BAD,UCB_WITHOUT_VAE_UNCERTAINTY,41,Q loss,251,0.019048020243644714
GAS,BAD,UCB_WITHOUT_VAE_UNCERTAINTY,41,Q loss,252,0.0082626361399889
GAS,BAD,UCB_WITHOUT_VAE_UNCERTAINTY,41,Q loss,253,0.007335929200053215
GAS,BAD,UCB_WITHOUT_VAE_UNCERTAINTY,41,Q loss,254,0.006002717651426792
GAS,BAD,UCB_WITHOUT_VAE_UNCERTAINTY,41,Q loss,255,0.0062444694340229034
GAS,BAD,UCB_WITHOUT_VAE_UNCERTAINTY,41,Q loss,256,0.007366516627371311
GAS,BAD,UCB_WITHOUT_VAE_UNCERTAINTY,41,Q loss,257,0.013382265344262123
GAS,BAD,UCB_WITHOUT_VAE_UNCERTAINTY,41,Q loss,258,0.016489727422595024
GAS,BAD,UCB_WITHOUT_VAE_UNCERTAINTY,41,Q loss,259,0.004011201672255993
GAS,BAD,UCB_WITHOUT_VAE_UNCERTAINTY,41,Q loss,260,0.005574813112616539
GAS,BAD,UCB_WITHOUT_VAE_UNCERTAINTY,41,Q loss,261,0.00966121070086956
GAS,BAD,UCB_WITHOUT_VAE_UNCERTAINTY,41,Q loss,262,0.0070574297569692135
GAS,BAD,UCB_WITHOUT_VAE_UNCERTAINTY,41,Q loss,263,0.005000739358365536
GAS,BAD,UCB_WITHOUT_VAE_UNCERTAINTY,41,Q loss,264,0.0012468508211895823
GAS,BAD,UCB_WITHOUT_VAE_UNCERTAINTY,41,Q loss,265,0.006109700538218021
GAS,BAD,UCB_WITHOUT_VAE_UNCERTAINTY,41,Q loss,266,0.002125455066561699
GAS,BAD,UCB_WITHOUT_VAE_UNCERTAINTY,41,Q loss,267,0.0037198164500296116
GAS,BAD,UCB_WITHOUT_VAE_UNCERTAINTY,41,Q loss,268,0.006903132889419794
GAS,BAD,UCB_WITHOUT_VAE_UNCERTAINTY,41,Q loss,269,0.010522509925067425
GAS,BAD,UCB_WITHOUT_VAE_UNCERTAINTY,41,Q loss,270,0.006824991200119257
GAS,BAD,UCB_WITHOUT_VAE_UNCERTAINTY,41,Q loss,271,0.008049653843045235
GAS,BAD,UCB_WITHOUT_VAE_UNCERTAINTY,41,Q loss,272,0.007739514112472534
GAS,BAD,UCB_WITHOUT_VAE_UNCERTAINTY,41,Q loss,273,0.004743590950965881
GAS,BAD,UCB_WITHOUT_VAE_UNCERTAINTY,41,Q loss,274,0.0034258023370057344
GAS,BAD,UCB_WITHOUT_VAE_UNCERTAINTY,41,Q loss,275,0.008583050221204758
GAS,BAD,UCB_WITHOUT_VAE_UNCERTAINTY,41,Q loss,276,0.017898356541991234
GAS,BAD,UCB_WITHOUT_VAE_UNCERTAINTY,41,Q loss,277,0.005087847821414471
GAS,BAD,UCB_WITHOUT_VAE_UNCERTAINTY,41,Q loss,278,0.006345987319946289
GAS,BAD,UCB_WITHOUT_VAE_UNCERTAINTY,41,Q loss,279,0.008594500832259655
GAS,BAD,UCB_WITHOUT_VAE_UNCERTAINTY,41,Q loss,280,0.009265188127756119
GAS,BAD,UCB_WITHOUT_VAE_UNCERTAINTY,41,Q loss,281,0.0019363734172657132
GAS,BAD,UCB_WITHOUT_VAE_UNCERTAINTY,41,Q loss,282,0.004699358716607094
GAS,BAD,UCB_WITHOUT_VAE_UNCERTAINTY,41,Q loss,283,0.0023630186915397644
GAS,BAD,UCB_WITHOUT_VAE_UNCERTAINTY,41,Q loss,284,0.007644491735845804
GAS,BAD,UCB_WITHOUT_VAE_UNCERTAINTY,41,Q loss,285,0.005334724672138691
GAS,BAD,UCB_WITHOUT_VAE_UNCERTAINTY,41,Q loss,286,0.00959373451769352
GAS,BAD,UCB_WITHOUT_VAE_UNCERTAINTY,41,Q loss,287,0.013332219794392586
GAS,BAD,UCB_WITHOUT_VAE_UNCERTAINTY,41,Q loss,288,0.011984806507825851
GAS,BAD,UCB_WITHOUT_VAE_UNCERTAINTY,41,Q loss,289,0.006244066171348095
GAS,BAD,UCB_WITHOUT_VAE_UNCERTAINTY,41,Q loss,290,0.006795777939260006
GAS,BAD,UCB_WITHOUT_VAE_UNCERTAINTY,41,Q loss,291,0.006227817852050066
GAS,BAD,UCB_WITHOUT_VAE_UNCERTAINTY,41,Q loss,292,0.00630598422139883
GAS,BAD,UCB_WITHOUT_VAE_UNCERTAINTY,41,Q loss,293,0.008742466568946838
GAS,BAD,UCB_WITHOUT_VAE_UNCERTAINTY,41,Q loss,294,0.015837542712688446
GAS,BAD,UCB_WITHOUT_VAE_UNCERTAINTY,41,Q loss,295,0.008148986846208572
GAS,BAD,UCB_WITHOUT_VAE_UNCERTAINTY,41,Q loss,296,0.003931010141968727
GAS,BAD,UCB_WITHOUT_VAE_UNCERTAINTY,41,Q loss,297,0.0032455027103424072
GAS,BAD,UCB_WITHOUT_VAE_UNCERTAINTY,41,Q loss,298,0.006853402592241764
GAS,BAD,UCB_WITHOUT_VAE_UNCERTAINTY,41,Q loss,299,0.00215267320163548
GAS,BAD,UCB_WITHOUT_VAE_UNCERTAINTY,41,Q loss,300,0.003753658616915345
GAS,BAD,UCB_WITHOUT_VAE_UNCERTAINTY,41,Q loss,301,0.0028776698745787144
GAS,BAD,UCB_WITHOUT_VAE_UNCERTAINTY,41,Q loss,302,0.0019198175286874175
GAS,BAD,UCB_WITHOUT_VAE_UNCERTAINTY,41,Q loss,303,0.0029865861870348454
GAS,BAD,UCB_WITHOUT_VAE_UNCERTAINTY,41,Q loss,304,0.009518152102828026
GAS,BAD,UCB_WITHOUT_VAE_UNCERTAINTY,41,Q loss,305,0.024914387613534927
GAS,BAD,UCB_WITHOUT_VAE_UNCERTAINTY,41,Q loss,306,0.00854799710214138
GAS,BAD,UCB_WITHOUT_VAE_UNCERTAINTY,41,Q loss,307,0.00531174149364233
GAS,BAD,UCB_WITHOUT_VAE_UNCERTAINTY,41,Q loss,308,0.005303727462887764
GAS,BAD,UCB_WITHOUT_VAE_UNCERTAINTY,41,Q loss,309,0.007618696894496679
GAS,BAD,UCB_WITHOUT_VAE_UNCERTAINTY,41,Q loss,310,0.007700088433921337
GAS,BAD,UCB_WITHOUT_VAE_UNCERTAINTY,41,Q loss,311,0.00533008249476552
GAS,BAD,UCB_WITHOUT_VAE_UNCERTAINTY,41,Q loss,312,0.0175708569586277
GAS,BAD,UCB_WITHOUT_VAE_UNCERTAINTY,41,Q loss,313,0.004369068890810013
GAS,BAD,UCB_WITHOUT_VAE_UNCERTAINTY,41,Q loss,314,0.0077031757682561874
GAS,BAD,UCB_WITHOUT_VAE_UNCERTAINTY,41,Q loss,315,0.006493468768894672
GAS,BAD,UCB_WITHOUT_VAE_UNCERTAINTY,41,Q loss,316,0.005488574970513582
GAS,BAD,UCB_WITHOUT_VAE_UNCERTAINTY,41,Q loss,317,0.0041210344061255455
GAS,BAD,UCB_WITHOUT_VAE_UNCERTAINTY,41,Q loss,318,0.004418964497745037
GAS,BAD,UCB_WITHOUT_VAE_UNCERTAINTY,41,Q loss,319,0.002492617815732956
GAS,BAD,UCB_WITHOUT_VAE_UNCERTAINTY,41,Q loss,320,0.008536778390407562
GAS,BAD,UCB_WITHOUT_VAE_UNCERTAINTY,41,Q loss,321,0.002425971906632185
GAS,BAD,UCB_WITHOUT_VAE_UNCERTAINTY,41,Q loss,322,0.006661043968051672
GAS,BAD,UCB_WITHOUT_VAE_UNCERTAINTY,41,Q loss,323,0.009327124804258347
GAS,BAD,UCB_WITHOUT_VAE_UNCERTAINTY,41,Q loss,324,0.0064084650948643684
GAS,BAD,UCB_WITHOUT_VAE_UNCERTAINTY,41,Q loss,325,0.004703153856098652
GAS,BAD,UCB_WITHOUT_VAE_UNCERTAINTY,41,Q loss,326,0.008965101093053818
GAS,BAD,UCB_WITHOUT_VAE_UNCERTAINTY,41,Q loss,327,0.00390810240060091
GAS,BAD,UCB_WITHOUT_VAE_UNCERTAINTY,41,Q loss,328,0.0051059415563941
GAS,BAD,UCB_WITHOUT_VAE_UNCERTAINTY,41,Q loss,329,0.005380937829613686
GAS,BAD,UCB_WITHOUT_VAE_UNCERTAINTY,41,Q loss,330,0.011689512059092522
GAS,BAD,UCB_WITHOUT_VAE_UNCERTAINTY,41,Q loss,331,0.0041989716701209545
GAS,BAD,UCB_WITHOUT_VAE_UNCERTAINTY,41,Q loss,332,0.0066659776493906975
GAS,BAD,UCB_WITHOUT_VAE_UNCERTAINTY,41,Q loss,333,0.0047185285948216915
GAS,BAD,UCB_WITHOUT_VAE_UNCERTAINTY,41,Q loss,334,0.010108785703778267
GAS,BAD,UCB_WITHOUT_VAE_UNCERTAINTY,41,Q loss,335,0.004700933117419481
GAS,BAD,UCB_WITHOUT_VAE_UNCERTAINTY,41,Q loss,336,0.0072881607338786125
GAS,BAD,UCB_WITHOUT_VAE_UNCERTAINTY,41,Q loss,337,0.008101703599095345
GAS,BAD,UCB_WITHOUT_VAE_UNCERTAINTY,41,Q loss,338,0.0031311865895986557
GAS,BAD,UCB_WITHOUT_VAE_UNCERTAINTY,41,Q loss,339,0.00339169311337173
GAS,BAD,UCB_WITHOUT_VAE_UNCERTAINTY,41,Q loss,340,0.006482732482254505
GAS,BAD,UCB_WITHOUT_VAE_UNCERTAINTY,41,Q loss,341,0.010755319148302078
GAS,BAD,UCB_WITHOUT_VAE_UNCERTAINTY,41,Q loss,342,0.012309501878917217
GAS,BAD,UCB_WITHOUT_VAE_UNCERTAINTY,41,Q loss,343,0.003445526584982872
GAS,BAD,UCB_WITHOUT_VAE_UNCERTAINTY,41,Q loss,344,0.003269569482654333
GAS,BAD,UCB_WITHOUT_VAE_UNCERTAINTY,41,Q loss,345,0.009747117757797241
GAS,BAD,UCB_WITHOUT_VAE_UNCERTAINTY,41,Q loss,346,0.0033440408296883106
GAS,BAD,UCB_WITHOUT_VAE_UNCERTAINTY,41,Q loss,347,0.011712705716490746
GAS,BAD,UCB_WITHOUT_VAE_UNCERTAINTY,41,Q loss,348,0.013962214812636375
GAS,BAD,UCB_WITHOUT_VAE_UNCERTAINTY,41,Q loss,349,0.005642250180244446
GAS,BAD,UCB_WITHOUT_VAE_UNCERTAINTY,41,Q loss,350,0.0038403028156608343
GAS,BAD,UCB_WITHOUT_VAE_UNCERTAINTY,41,Q loss,351,0.006769870407879353
GAS,BAD,UCB_WITHOUT_VAE_UNCERTAINTY,41,Q loss,352,0.006365458481013775
GAS,BAD,UCB_WITHOUT_VAE_UNCERTAINTY,41,Q loss,353,0.006609516218304634
GAS,BAD,UCB_WITHOUT_VAE_UNCERTAINTY,41,Q loss,354,0.005033346824347973
GAS,BAD,UCB_WITHOUT_VAE_UNCERTAINTY,41,Q loss,355,0.004985973238945007
GAS,BAD,UCB_WITHOUT_VAE_UNCERTAINTY,41,Q loss,356,0.004681069403886795
GAS,BAD,UCB_WITHOUT_VAE_UNCERTAINTY,41,Q loss,357,0.00522635830566287
GAS,BAD,UCB_WITHOUT_VAE_UNCERTAINTY,41,Q loss,358,0.005854714196175337
GAS,BAD,UCB_WITHOUT_VAE_UNCERTAINTY,41,Q loss,359,0.01531890407204628
GAS,BAD,UCB_WITHOUT_VAE_UNCERTAINTY,41,Q loss,360,0.009492459706962109
GAS,BAD,UCB_WITHOUT_VAE_UNCERTAINTY,41,Q loss,361,0.003235461190342903
GAS,BAD,UCB_WITHOUT_VAE_UNCERTAINTY,41,Q loss,362,0.004104997962713242
GAS,BAD,UCB_WITHOUT_VAE_UNCERTAINTY,41,Q loss,363,0.005976422689855099
GAS,BAD,UCB_WITHOUT_VAE_UNCERTAINTY,41,Q loss,364,0.00525220250710845
GAS,BAD,UCB_WITHOUT_VAE_UNCERTAINTY,41,Q loss,365,0.004712287336587906
GAS,BAD,UCB_WITHOUT_VAE_UNCERTAINTY,41,Q loss,366,0.014955797232687473
GAS,BAD,UCB_WITHOUT_VAE_UNCERTAINTY,41,Q loss,367,0.0038278093561530113
GAS,BAD,UCB_WITHOUT_VAE_UNCERTAINTY,41,Q loss,368,0.0028724854346364737
GAS,BAD,UCB_WITHOUT_VAE_UNCERTAINTY,41,Q loss,369,0.008583860471844673
GAS,BAD,UCB_WITHOUT_VAE_UNCERTAINTY,41,Q loss,370,0.003921504132449627
GAS,BAD,UCB_WITHOUT_VAE_UNCERTAINTY,41,Q loss,371,0.004262540023773909
GAS,BAD,UCB_WITHOUT_VAE_UNCERTAINTY,41,Q loss,372,0.0009417984983883798
GAS,BAD,UCB_WITHOUT_VAE_UNCERTAINTY,41,Q loss,373,0.004075994715094566
GAS,BAD,UCB_WITHOUT_VAE_UNCERTAINTY,41,Q loss,374,0.00412724819034338
GAS,BAD,UCB_WITHOUT_VAE_UNCERTAINTY,41,Q loss,375,0.0035876412875950336
GAS,BAD,UCB_WITHOUT_VAE_UNCERTAINTY,41,Q loss,376,0.0074070775881409645
GAS,BAD,UCB_WITHOUT_VAE_UNCERTAINTY,41,Q loss,377,0.00735461013391614
GAS,BAD,UCB_WITHOUT_VAE_UNCERTAINTY,41,Q loss,378,0.009279605932533741
GAS,BAD,UCB_WITHOUT_VAE_UNCERTAINTY,41,Q loss,379,0.00708190631121397
GAS,BAD,UCB_WITHOUT_VAE_UNCERTAINTY,41,Q loss,380,0.0020362187642604113
GAS,BAD,UCB_WITHOUT_VAE_UNCERTAINTY,41,Q loss,381,0.0033041713759303093
GAS,BAD,UCB_WITHOUT_VAE_UNCERTAINTY,41,Q loss,382,0.004773471038788557
GAS,BAD,UCB_WITHOUT_VAE_UNCERTAINTY,41,Q loss,383,0.013124402612447739
GAS,BAD,UCB_WITHOUT_VAE_UNCERTAINTY,41,Q loss,384,0.01469344086945057
GAS,BAD,UCB_WITHOUT_VAE_UNCERTAINTY,41,Q loss,385,0.003397728782147169
GAS,BAD,UCB_WITHOUT_VAE_UNCERTAINTY,41,Q loss,386,0.008453703485429287
GAS,BAD,UCB_WITHOUT_VAE_UNCERTAINTY,41,Q loss,387,0.0071067605167627335
GAS,BAD,UCB_WITHOUT_VAE_UNCERTAINTY,41,Q loss,388,0.005390063859522343
GAS,BAD,UCB_WITHOUT_VAE_UNCERTAINTY,41,Q loss,389,0.006606787443161011
GAS,BAD,UCB_WITHOUT_VAE_UNCERTAINTY,41,Q loss,390,0.004807258956134319
GAS,BAD,UCB_WITHOUT_VAE_UNCERTAINTY,41,Q loss,391,0.0037908104714006186
GAS,BAD,UCB_WITHOUT_VAE_UNCERTAINTY,41,Q loss,392,0.0037804036401212215
GAS,BAD,UCB_WITHOUT_VAE_UNCERTAINTY,41,Q loss,393,0.005174921825528145
GAS,BAD,UCB_WITHOUT_VAE_UNCERTAINTY,41,Q loss,394,0.005747405346482992
GAS,BAD,UCB_WITHOUT_VAE_UNCERTAINTY,41,Q loss,395,0.009471803903579712
GAS,BAD,UCB_WITHOUT_VAE_UNCERTAINTY,41,Q loss,396,0.009400080889463425
GAS,BAD,UCB_WITHOUT_VAE_UNCERTAINTY,41,Q loss,397,0.0040148054249584675
GAS,BAD,UCB_WITHOUT_VAE_UNCERTAINTY,41,Q loss,398,0.004603725392371416
GAS,BAD,UCB_WITHOUT_VAE_UNCERTAINTY,41,Q loss,399,0.00398944690823555
GAS,BAD,UCB_WITHOUT_VAE_UNCERTAINTY,41,Q loss,400,0.0027660238556563854
GAS,BAD,UCB_WITHOUT_VAE_UNCERTAINTY,41,Q loss,401,0.004939747042953968
GAS,BAD,UCB_WITHOUT_VAE_UNCERTAINTY,41,Q loss,402,0.01038217544555664
GAS,BAD,UCB_WITHOUT_VAE_UNCERTAINTY,41,Q loss,403,0.005473202094435692
GAS,BAD,UCB_WITHOUT_VAE_UNCERTAINTY,41,Q loss,404,0.002218598499894142
GAS,BAD,UCB_WITHOUT_VAE_UNCERTAINTY,41,Q loss,405,0.006221303716301918
GAS,BAD,UCB_WITHOUT_VAE_UNCERTAINTY,41,Q loss,406,0.006629612762480974
GAS,BAD,UCB_WITHOUT_VAE_UNCERTAINTY,41,Q loss,407,0.0033984093461185694
GAS,BAD,UCB_WITHOUT_VAE_UNCERTAINTY,41,Q loss,408,0.003942602779716253
GAS,BAD,UCB_WITHOUT_VAE_UNCERTAINTY,41,Q loss,409,0.0029875622130930424
GAS,BAD,UCB_WITHOUT_VAE_UNCERTAINTY,41,Q loss,410,0.003647134406492114
GAS,BAD,UCB_WITHOUT_VAE_UNCERTAINTY,41,Q loss,411,0.0020883181132376194
GAS,BAD,UCB_WITHOUT_VAE_UNCERTAINTY,41,Q loss,412,0.006291273050010204
GAS,BAD,UCB_WITHOUT_VAE_UNCERTAINTY,41,Q loss,413,0.018970122560858727
GAS,BAD,UCB_WITHOUT_VAE_UNCERTAINTY,41,Q loss,414,0.00832640752196312
GAS,BAD,UCB_WITHOUT_VAE_UNCERTAINTY,41,Q loss,415,0.005794373806566
GAS,BAD,UCB_WITHOUT_VAE_UNCERTAINTY,41,Q loss,416,0.005430224351584911
GAS,BAD,UCB_WITHOUT_VAE_UNCERTAINTY,41,Q loss,417,0.0033802702091634274
GAS,BAD,UCB_WITHOUT_VAE_UNCERTAINTY,41,Q loss,418,0.0048415036872029305
GAS,BAD,UCB_WITHOUT_VAE_UNCERTAINTY,41,Q loss,419,0.01247873529791832
GAS,BAD,UCB_WITHOUT_VAE_UNCERTAINTY,41,Q loss,420,0.013237074948847294
GAS,BAD,UCB_WITHOUT_VAE_UNCERTAINTY,41,Q loss,421,0.0014051188481971622
GAS,BAD,UCB_WITHOUT_VAE_UNCERTAINTY,41,Q loss,422,0.006388837471604347
GAS,BAD,UCB_WITHOUT_VAE_UNCERTAINTY,41,Q loss,423,0.005674796644598246
GAS,BAD,UCB_WITHOUT_VAE_UNCERTAINTY,41,Q loss,424,0.006107419729232788
GAS,BAD,UCB_WITHOUT_VAE_UNCERTAINTY,41,Q loss,425,0.002619474660605192
GAS,BAD,UCB_WITHOUT_VAE_UNCERTAINTY,41,Q loss,426,0.00760282389819622
GAS,BAD,UCB_WITHOUT_VAE_UNCERTAINTY,41,Q loss,427,0.0038056131452322006
GAS,BAD,UCB_WITHOUT_VAE_UNCERTAINTY,41,Q loss,428,0.003534092102199793
GAS,BAD,UCB_WITHOUT_VAE_UNCERTAINTY,41,Q loss,429,0.0036853565834462643
GAS,BAD,UCB_WITHOUT_VAE_UNCERTAINTY,41,Q loss,430,0.007984085939824581
GAS,BAD,UCB_WITHOUT_VAE_UNCERTAINTY,41,Q loss,431,0.007060954347252846
GAS,BAD,UCB_WITHOUT_VAE_UNCERTAINTY,41,Q loss,432,0.00689330231398344
GAS,BAD,UCB_WITHOUT_VAE_UNCERTAINTY,41,Q loss,433,0.002840347122400999
GAS,BAD,UCB_WITHOUT_VAE_UNCERTAINTY,41,Q loss,434,0.006117966026067734
GAS,BAD,UCB_WITHOUT_VAE_UNCERTAINTY,41,Q loss,435,0.003867772873491049
GAS,BAD,UCB_WITHOUT_VAE_UNCERTAINTY,41,Q loss,436,0.0021581286564469337
GAS,BAD,UCB_WITHOUT_VAE_UNCERTAINTY,41,Q loss,437,0.009291640482842922
GAS,BAD,UCB_WITHOUT_VAE_UNCERTAINTY,41,Q loss,438,0.010599767789244652
GAS,BAD,UCB_WITHOUT_VAE_UNCERTAINTY,41,Q loss,439,0.002389180473983288
GAS,BAD,UCB_WITHOUT_VAE_UNCERTAINTY,41,Q loss,440,0.0043016220442950726
GAS,BAD,UCB_WITHOUT_VAE_UNCERTAINTY,41,Q loss,441,0.008172891102731228
GAS,BAD,UCB_WITHOUT_VAE_UNCERTAINTY,41,Q loss,442,0.00682153832167387
GAS,BAD,UCB_WITHOUT_VAE_UNCERTAINTY,41,Q loss,443,0.0016886952798813581
GAS,BAD,UCB_WITHOUT_VAE_UNCERTAINTY,41,Q loss,444,0.006583711132407188
GAS,BAD,UCB_WITHOUT_VAE_UNCERTAINTY,41,Q loss,445,0.011936531402170658
GAS,BAD,UCB_WITHOUT_VAE_UNCERTAINTY,41,Q loss,446,0.002227261196821928
GAS,BAD,UCB_WITHOUT_VAE_UNCERTAINTY,41,Q loss,447,0.004162080120295286
GAS,BAD,UCB_WITHOUT_VAE_UNCERTAINTY,41,Q loss,448,0.007424430921673775
GAS,BAD,UCB_WITHOUT_VAE_UNCERTAINTY,41,Q loss,449,0.007926042191684246
GAS,BAD,UCB_WITHOUT_VAE_UNCERTAINTY,41,Q loss,450,0.008077844977378845
GAS,BAD,UCB_WITHOUT_VAE_UNCERTAINTY,41,Q loss,451,0.0034935972653329372
GAS,BAD,UCB_WITHOUT_VAE_UNCERTAINTY,41,Q loss,452,0.003322028322145343
GAS,BAD,UCB_WITHOUT_VAE_UNCERTAINTY,41,Q loss,453,0.004857095889747143
GAS,BAD,UCB_WITHOUT_VAE_UNCERTAINTY,41,Q loss,454,0.0036171970423310995
GAS,BAD,UCB_WITHOUT_VAE_UNCERTAINTY,41,Q loss,455,0.007781215012073517
GAS,BAD,UCB_WITHOUT_VAE_UNCERTAINTY,41,Q loss,456,0.004379846155643463
GAS,BAD,UCB_WITHOUT_VAE_UNCERTAINTY,41,Q loss,457,0.0036458258982747793
GAS,BAD,UCB_WITHOUT_VAE_UNCERTAINTY,41,Q loss,458,0.003846844658255577
GAS,BAD,UCB_WITHOUT_VAE_UNCERTAINTY,41,Q loss,459,0.0037537170574069023
GAS,BAD,UCB_WITHOUT_VAE_UNCERTAINTY,41,Q loss,460,0.002761884592473507
GAS,BAD,UCB_WITHOUT_VAE_UNCERTAINTY,41,Q loss,461,0.005330504849553108
GAS,BAD,UCB_WITHOUT_VAE_UNCERTAINTY,41,Q loss,462,0.004476056434214115
GAS,BAD,UCB_WITHOUT_VAE_UNCERTAINTY,41,Q loss,463,0.0034825666807591915
GAS,BAD,UCB_WITHOUT_VAE_UNCERTAINTY,41,Q loss,464,0.0021049650385975838
GAS,BAD,UCB_WITHOUT_VAE_UNCERTAINTY,41,Q loss,465,0.002219648100435734
GAS,BAD,UCB_WITHOUT_VAE_UNCERTAINTY,41,Q loss,466,0.006889060139656067
GAS,BAD,UCB_WITHOUT_VAE_UNCERTAINTY,41,Q loss,467,0.009317122399806976
GAS,BAD,UCB_WITHOUT_VAE_UNCERTAINTY,41,Q loss,468,0.005653654225170612
GAS,BAD,UCB_WITHOUT_VAE_UNCERTAINTY,41,Q loss,469,0.004465143661946058
GAS,BAD,UCB_WITHOUT_VAE_UNCERTAINTY,41,Q loss,470,0.004954878240823746
GAS,BAD,UCB_WITHOUT_VAE_UNCERTAINTY,41,Q loss,471,0.002970111556351185
GAS,BAD,UCB_WITHOUT_VAE_UNCERTAINTY,41,Q loss,472,0.0034515662118792534
GAS,BAD,UCB_WITHOUT_VAE_UNCERTAINTY,41,Q loss,473,0.007945496588945389
GAS,BAD,UCB_WITHOUT_VAE_UNCERTAINTY,41,Q loss,474,0.004182636272162199
GAS,BAD,UCB_WITHOUT_VAE_UNCERTAINTY,41,Q loss,475,0.0024744775146245956
GAS,BAD,UCB_WITHOUT_VAE_UNCERTAINTY,41,Q loss,476,0.002956773852929473
GAS,BAD,UCB_WITHOUT_VAE_UNCERTAINTY,41,Q loss,477,0.006762402132153511
GAS,BAD,UCB_WITHOUT_VAE_UNCERTAINTY,41,Q loss,478,0.006003957241773605
GAS,BAD,UCB_WITHOUT_VAE_UNCERTAINTY,41,Q loss,479,0.005412437953054905
GAS,BAD,UCB_WITHOUT_VAE_UNCERTAINTY,41,Q loss,480,0.0031618638895452023
GAS,BAD,UCB_WITHOUT_VAE_UNCERTAINTY,41,Q loss,481,0.002818167442455888
GAS,BAD,UCB_WITHOUT_VAE_UNCERTAINTY,41,Q loss,482,0.0026808297261595726
GAS,BAD,UCB_WITHOUT_VAE_UNCERTAINTY,41,Q loss,483,0.007606907282024622
GAS,BAD,UCB_WITHOUT_VAE_UNCERTAINTY,41,Q loss,484,0.004629080183804035
GAS,BAD,UCB_WITHOUT_VAE_UNCERTAINTY,41,Q loss,485,0.012957283295691013
GAS,BAD,UCB_WITHOUT_VAE_UNCERTAINTY,41,Q loss,486,0.006337241735309362
GAS,BAD,UCB_WITHOUT_VAE_UNCERTAINTY,41,Q loss,487,0.006847313605248928
GAS,BAD,UCB_WITHOUT_VAE_UNCERTAINTY,41,Q loss,488,0.005022862926125526
GAS,BAD,UCB_WITHOUT_VAE_UNCERTAINTY,41,Q loss,489,0.0035916310735046864
GAS,BAD,UCB_WITHOUT_VAE_UNCERTAINTY,41,Q loss,490,0.004358947742730379
GAS,BAD,UCB_WITHOUT_VAE_UNCERTAINTY,41,Q loss,491,0.0068288883194327354
GAS,BAD,UCB_WITHOUT_VAE_UNCERTAINTY,41,Q loss,492,0.013154460117220879
GAS,BAD,UCB_WITHOUT_VAE_UNCERTAINTY,41,Q loss,493,0.0034381463192403316
GAS,BAD,UCB_WITHOUT_VAE_UNCERTAINTY,41,Q loss,494,0.0019069997360929847
GAS,BAD,UCB_WITHOUT_VAE_UNCERTAINTY,41,Q loss,495,0.0096173956990242
GAS,BAD,UCB_WITHOUT_VAE_UNCERTAINTY,41,Q loss,496,0.004912152420729399
GAS,BAD,UCB_WITHOUT_VAE_UNCERTAINTY,41,Q loss,497,0.006414477713406086
GAS,BAD,UCB_WITHOUT_VAE_UNCERTAINTY,41,Q loss,498,0.004000226501375437
GAS,BAD,UCB_WITHOUT_VAE_UNCERTAINTY,41,Q loss,499,0.002589544979855418
GAS,BAD,UCB_WITHOUT_VAE_UNCERTAINTY,41,Q loss,500,0.0024789413437247276
GAS,BAD,UCB_WITHOUT_VAE_UNCERTAINTY,41,Q loss,501,0.002990028588101268
GAS,BAD,UCB_WITHOUT_VAE_UNCERTAINTY,41,Q loss,502,0.008131739683449268
GAS,BAD,UCB_WITHOUT_VAE_UNCERTAINTY,41,Q loss,503,0.013789050281047821
GAS,BAD,UCB_WITHOUT_VAE_UNCERTAINTY,41,Q loss,504,0.010359007865190506
GAS,BAD,UCB_WITHOUT_VAE_UNCERTAINTY,41,Q loss,505,0.0025289314799010754
GAS,BAD,UCB_WITHOUT_VAE_UNCERTAINTY,41,Q loss,506,0.007393348962068558
GAS,BAD,UCB_WITHOUT_VAE_UNCERTAINTY,41,Q loss,507,0.0038812151178717613
GAS,BAD,UCB_WITHOUT_VAE_UNCERTAINTY,41,Q loss,508,0.00169297493994236
GAS,BAD,UCB_WITHOUT_VAE_UNCERTAINTY,41,Q loss,509,0.00752637442201376
GAS,BAD,UCB_WITHOUT_VAE_UNCERTAINTY,41,Q loss,510,0.0029748459346592426
GAS,BAD,UCB_WITHOUT_VAE_UNCERTAINTY,41,Q loss,511,0.003676062449812889
GAS,BAD,UCB_WITHOUT_VAE_UNCERTAINTY,41,Q loss,512,0.0016099287895485759
GAS,BAD,UCB_WITHOUT_VAE_UNCERTAINTY,41,Q loss,513,0.0069730570539832115
GAS,BAD,UCB_WITHOUT_VAE_UNCERTAINTY,41,Q loss,514,0.0040173036977648735
GAS,BAD,UCB_WITHOUT_VAE_UNCERTAINTY,41,Q loss,515,0.004684158135205507
GAS,BAD,UCB_WITHOUT_VAE_UNCERTAINTY,41,Q loss,516,0.0017957023810595274
GAS,BAD,UCB_WITHOUT_VAE_UNCERTAINTY,41,Q loss,517,0.00391136622056365
GAS,BAD,UCB_WITHOUT_VAE_UNCERTAINTY,41,Q loss,518,0.0018125944770872593
GAS,BAD,UCB_WITHOUT_VAE_UNCERTAINTY,41,Q loss,519,0.0027980757877230644
GAS,BAD,UCB_WITHOUT_VAE_UNCERTAINTY,41,Q loss,520,0.0028890555258840322
GAS,BAD,UCB_WITHOUT_VAE_UNCERTAINTY,41,Q loss,521,0.00907150935381651
GAS,BAD,UCB_WITHOUT_VAE_UNCERTAINTY,41,Q loss,522,0.00783689133822918
GAS,BAD,UCB_WITHOUT_VAE_UNCERTAINTY,41,Q loss,523,0.0041268253698945045
GAS,BAD,UCB_WITHOUT_VAE_UNCERTAINTY,41,Q loss,524,0.004336908459663391
GAS,BAD,UCB_WITHOUT_VAE_UNCERTAINTY,41,Q loss,525,0.004089237190783024
GAS,BAD,UCB_WITHOUT_VAE_UNCERTAINTY,41,Q loss,526,0.005778687074780464
GAS,BAD,UCB_WITHOUT_VAE_UNCERTAINTY,41,Q loss,527,0.0077863652259111404
GAS,BAD,UCB_WITHOUT_VAE_UNCERTAINTY,41,Q loss,528,0.010181953199207783
GAS,BAD,UCB_WITHOUT_VAE_UNCERTAINTY,41,Q loss,529,0.002841182053089142
GAS,BAD,UCB_WITHOUT_VAE_UNCERTAINTY,41,Q loss,530,0.0033972144592553377
GAS,BAD,UCB_WITHOUT_VAE_UNCERTAINTY,41,Q loss,531,0.00659618666395545
GAS,BAD,UCB_WITHOUT_VAE_UNCERTAINTY,41,Q loss,532,0.007892493158578873
GAS,BAD,UCB_WITHOUT_VAE_UNCERTAINTY,41,Q loss,533,0.0032720686867833138
GAS,BAD,UCB_WITHOUT_VAE_UNCERTAINTY,41,Q loss,534,0.002699360717087984
GAS,BAD,UCB_WITHOUT_VAE_UNCERTAINTY,41,Q loss,535,0.002322790678590536
GAS,BAD,UCB_WITHOUT_VAE_UNCERTAINTY,41,Q loss,536,0.0016548722051084042
GAS,BAD,UCB_WITHOUT_VAE_UNCERTAINTY,41,Q loss,537,0.0016357970889657736
GAS,BAD,UCB_WITHOUT_VAE_UNCERTAINTY,41,Q loss,538,0.0031422735191881657
GAS,BAD,UCB_WITHOUT_VAE_UNCERTAINTY,41,Q loss,539,0.0078804986551404
GAS,BAD,UCB_WITHOUT_VAE_UNCERTAINTY,41,Q loss,540,0.0066651105880737305
GAS,BAD,UCB_WITHOUT_VAE_UNCERTAINTY,41,Q loss,541,0.005095183849334717
GAS,BAD,UCB_WITHOUT_VAE_UNCERTAINTY,41,Q loss,542,0.0041761817410588264
GAS,BAD,UCB_WITHOUT_VAE_UNCERTAINTY,41,Q loss,543,0.0017176427645608783
GAS,BAD,UCB_WITHOUT_VAE_UNCERTAINTY,41,Q loss,544,0.0006798068643547595
GAS,BAD,UCB_WITHOUT_VAE_UNCERTAINTY,41,Q loss,545,0.0065420689061284065
GAS,BAD,UCB_WITHOUT_VAE_UNCERTAINTY,41,Q loss,546,0.00455315038561821
GAS,BAD,UCB_WITHOUT_VAE_UNCERTAINTY,41,Q loss,547,0.002053209114819765
GAS,BAD,UCB_WITHOUT_VAE_UNCERTAINTY,41,Q loss,548,0.001327653182670474
GAS,BAD,UCB_WITHOUT_VAE_UNCERTAINTY,41,Q loss,549,0.005618348717689514
GAS,BAD,UCB_WITHOUT_VAE_UNCERTAINTY,41,Q loss,550,0.004582250025123358
GAS,BAD,UCB_WITHOUT_VAE_UNCERTAINTY,41,Q loss,551,0.0036559486761689186
GAS,BAD,UCB_WITHOUT_VAE_UNCERTAINTY,41,Q loss,552,0.0027295921463519335
GAS,BAD,UCB_WITHOUT_VAE_UNCERTAINTY,41,Q loss,553,0.006444137543439865
GAS,BAD,UCB_WITHOUT_VAE_UNCERTAINTY,41,Q loss,554,0.0017470315797254443
GAS,BAD,UCB_WITHOUT_VAE_UNCERTAINTY,41,Q loss,555,0.006510314531624317
GAS,BAD,UCB_WITHOUT_VAE_UNCERTAINTY,41,Q loss,556,0.00987100787460804
GAS,BAD,UCB_WITHOUT_VAE_UNCERTAINTY,41,Q loss,557,0.007355988956987858
GAS,BAD,UCB_WITHOUT_VAE_UNCERTAINTY,41,Q loss,558,0.005916673690080643
GAS,BAD,UCB_WITHOUT_VAE_UNCERTAINTY,41,Q loss,559,0.0017997251125052571
GAS,BAD,UCB_WITHOUT_VAE_UNCERTAINTY,41,Q loss,560,0.003091784194111824
GAS,BAD,UCB_WITHOUT_VAE_UNCERTAINTY,41,Q loss,561,0.0019062914652749896
GAS,BAD,UCB_WITHOUT_VAE_UNCERTAINTY,41,Q loss,562,0.003126820083707571
GAS,BAD,UCB_WITHOUT_VAE_UNCERTAINTY,41,Q loss,563,0.010880107060074806
GAS,BAD,UCB_WITHOUT_VAE_UNCERTAINTY,41,Q loss,564,0.013076350092887878
GAS,BAD,UCB_WITHOUT_VAE_UNCERTAINTY,41,Q loss,565,0.0026606901083141565
GAS,BAD,UCB_WITHOUT_VAE_UNCERTAINTY,41,Q loss,566,0.005615169648081064
GAS,BAD,UCB_WITHOUT_VAE_UNCERTAINTY,41,Q loss,567,0.005995037965476513
GAS,BAD,UCB_WITHOUT_VAE_UNCERTAINTY,41,Q loss,568,0.00591080728918314
GAS,BAD,UCB_WITHOUT_VAE_UNCERTAINTY,41,Q loss,569,0.002834239276126027
GAS,BAD,UCB_WITHOUT_VAE_UNCERTAINTY,41,Q loss,570,0.0048216767609119415
GAS,BAD,UCB_WITHOUT_VAE_UNCERTAINTY,41,Q loss,571,0.0026909990701824427
GAS,BAD,UCB_WITHOUT_VAE_UNCERTAINTY,41,Q loss,572,0.003675846615806222
GAS,BAD,UCB_WITHOUT_VAE_UNCERTAINTY,41,Q loss,573,0.002010900992900133
GAS,BAD,UCB_WITHOUT_VAE_UNCERTAINTY,41,Q loss,574,0.007370553445070982
GAS,BAD,UCB_WITHOUT_VAE_UNCERTAINTY,41,Q loss,575,0.008576557971537113
GAS,BAD,UCB_WITHOUT_VAE_UNCERTAINTY,41,Q loss,576,0.007236340548843145
GAS,BAD,UCB_WITHOUT_VAE_UNCERTAINTY,41,Q loss,577,0.003990587778389454
GAS,BAD,UCB_WITHOUT_VAE_UNCERTAINTY,41,Q loss,578,0.0065996721386909485
GAS,BAD,UCB_WITHOUT_VAE_UNCERTAINTY,41,Q loss,579,0.007358329836279154
GAS,BAD,UCB_WITHOUT_VAE_UNCERTAINTY,41,Q loss,580,0.0017705739010125399
GAS,BAD,UCB_WITHOUT_VAE_UNCERTAINTY,41,Q loss,581,0.004544553346931934
GAS,BAD,UCB_WITHOUT_VAE_UNCERTAINTY,41,Q loss,582,0.007672122213989496
GAS,BAD,UCB_WITHOUT_VAE_UNCERTAINTY,41,Q loss,583,0.0025865184143185616
GAS,BAD,UCB_WITHOUT_VAE_UNCERTAINTY,41,Q loss,584,0.0030433330684900284
GAS,BAD,UCB_WITHOUT_VAE_UNCERTAINTY,41,Q loss,585,0.004394122865051031
GAS,BAD,UCB_WITHOUT_VAE_UNCERTAINTY,41,Q loss,586,0.003711296245455742
GAS,BAD,UCB_WITHOUT_VAE_UNCERTAINTY,41,Q loss,587,0.0012305350974202156
GAS,BAD,UCB_WITHOUT_VAE_UNCERTAINTY,41,Q loss,588,0.00549152260646224
GAS,BAD,UCB_WITHOUT_VAE_UNCERTAINTY,41,Q loss,589,0.002318690763786435
GAS,BAD,UCB_WITHOUT_VAE_UNCERTAINTY,41,Q loss,590,0.0010091656586155295
GAS,BAD,UCB_WITHOUT_VAE_UNCERTAINTY,41,Q loss,591,0.0023009460419416428
GAS,BAD,UCB_WITHOUT_VAE_UNCERTAINTY,41,Q loss,592,0.003340404946357012
GAS,BAD,UCB_WITHOUT_VAE_UNCERTAINTY,41,Q loss,593,0.00830909051001072
GAS,BAD,UCB_WITHOUT_VAE_UNCERTAINTY,41,Q loss,594,0.009734069928526878
GAS,BAD,UCB_WITHOUT_VAE_UNCERTAINTY,41,Q loss,595,0.002331595402210951
GAS,BAD,UCB_WITHOUT_VAE_UNCERTAINTY,41,Q loss,596,0.0031339756678789854
GAS,BAD,UCB_WITHOUT_VAE_UNCERTAINTY,41,Q loss,597,0.003081708215177059
GAS,BAD,UCB_WITHOUT_VAE_UNCERTAINTY,41,Q loss,598,0.0017643554601818323
GAS,BAD,UCB_WITHOUT_VAE_UNCERTAINTY,41,Q loss,599,0.005359295755624771
GAS,BAD,UCB_WITHOUT_VAE_UNCERTAINTY,41,Q loss,600,0.007101604714989662
GAS,BAD,UCB_WITHOUT_VAE_UNCERTAINTY,41,Q loss,601,0.0013252277858555317
GAS,BAD,UCB_WITHOUT_VAE_UNCERTAINTY,41,Q loss,602,0.0010743540478870273
GAS,BAD,UCB_WITHOUT_VAE_UNCERTAINTY,41,Q loss,603,0.004326289054006338
GAS,BAD,UCB_WITHOUT_VAE_UNCERTAINTY,41,Q loss,604,0.0032082712277770042
GAS,BAD,UCB_WITHOUT_VAE_UNCERTAINTY,41,Q loss,605,0.002187406877055764
GAS,BAD,UCB_WITHOUT_VAE_UNCERTAINTY,41,Q loss,606,0.004520615562796593
GAS,BAD,UCB_WITHOUT_VAE_UNCERTAINTY,41,Q loss,607,0.0023620608262717724
GAS,BAD,UCB_WITHOUT_VAE_UNCERTAINTY,41,Q loss,608,0.001997762592509389
GAS,BAD,UCB_WITHOUT_VAE_UNCERTAINTY,41,Q loss,609,0.002114411909133196
GAS,BAD,UCB_WITHOUT_VAE_UNCERTAINTY,41,Q loss,610,0.005943399854004383
GAS,BAD,UCB_WITHOUT_VAE_UNCERTAINTY,41,Q loss,611,0.005742721259593964
GAS,BAD,UCB_WITHOUT_VAE_UNCERTAINTY,41,Q loss,612,0.005423215217888355
GAS,BAD,UCB_WITHOUT_VAE_UNCERTAINTY,41,Q loss,613,0.003334534354507923
GAS,BAD,UCB_WITHOUT_VAE_UNCERTAINTY,41,Q loss,614,0.004163867793977261
GAS,BAD,UCB_WITHOUT_VAE_UNCERTAINTY,41,Q loss,615,0.003568790853023529
GAS,BAD,UCB_WITHOUT_VAE_UNCERTAINTY,41,Q loss,616,0.003554064314812422
GAS,BAD,UCB_WITHOUT_VAE_UNCERTAINTY,41,Q loss,617,0.005526606924831867
GAS,BAD,UCB_WITHOUT_VAE_UNCERTAINTY,41,Q loss,618,0.009389062412083149
GAS,BAD,UCB_WITHOUT_VAE_UNCERTAINTY,41,Q loss,619,0.0018761868122965097
GAS,BAD,UCB_WITHOUT_VAE_UNCERTAINTY,41,Q loss,620,0.004667006898671389
GAS,BAD,UCB_WITHOUT_VAE_UNCERTAINTY,41,Q loss,621,0.00707152858376503
GAS,BAD,UCB_WITHOUT_VAE_UNCERTAINTY,41,Q loss,622,0.004136431496590376
GAS,BAD,UCB_WITHOUT_VAE_UNCERTAINTY,41,Q loss,623,0.0054328287951648235
GAS,BAD,UCB_WITHOUT_VAE_UNCERTAINTY,41,Q loss,624,0.0015606663655489683
GAS,BAD,UCB_WITHOUT_VAE_UNCERTAINTY,41,Q loss,625,0.007036197930574417
GAS,BAD,UCB_WITHOUT_VAE_UNCERTAINTY,41,Q loss,626,0.004938784521073103
GAS,BAD,UCB_WITHOUT_VAE_UNCERTAINTY,41,Q loss,627,0.004646561574190855
GAS,BAD,UCB_WITHOUT_VAE_UNCERTAINTY,41,Q loss,628,0.005903713405132294
GAS,BAD,UCB_WITHOUT_VAE_UNCERTAINTY,41,Q loss,629,0.026816831901669502
GAS,BAD,UCB_WITHOUT_VAE_UNCERTAINTY,41,Q loss,630,0.004600768908858299
GAS,BAD,UCB_WITHOUT_VAE_UNCERTAINTY,41,Q loss,631,0.0018195360898971558
GAS,BAD,UCB_WITHOUT_VAE_UNCERTAINTY,41,Q loss,632,0.0038089151494205
GAS,BAD,UCB_WITHOUT_VAE_UNCERTAINTY,41,Q loss,633,0.0026676086708903313
GAS,BAD,UCB_WITHOUT_VAE_UNCERTAINTY,41,Q loss,634,0.00495069520547986
GAS,BAD,UCB_WITHOUT_VAE_UNCERTAINTY,41,Q loss,635,0.00781258661299944
GAS,BAD,UCB_WITHOUT_VAE_UNCERTAINTY,41,Q loss,636,0.014105428010225296
GAS,BAD,UCB_WITHOUT_VAE_UNCERTAINTY,41,Q loss,637,0.0020951787009835243
GAS,BAD,UCB_WITHOUT_VAE_UNCERTAINTY,41,Q loss,638,0.0027439300902187824
GAS,BAD,UCB_WITHOUT_VAE_UNCERTAINTY,41,Q loss,639,0.0024675410240888596
GAS,BAD,UCB_WITHOUT_VAE_UNCERTAINTY,41,Q loss,640,0.002418242394924164
GAS,BAD,UCB_WITHOUT_VAE_UNCERTAINTY,41,Q loss,641,0.015342004597187042
GAS,BAD,UCB_WITHOUT_VAE_UNCERTAINTY,41,Q loss,642,0.0018990813987329602
GAS,BAD,UCB_WITHOUT_VAE_UNCERTAINTY,41,Q loss,643,0.0025374642573297024
GAS,BAD,UCB_WITHOUT_VAE_UNCERTAINTY,41,Q loss,644,0.0022456487640738487
GAS,BAD,UCB_WITHOUT_VAE_UNCERTAINTY,41,Q loss,645,0.005703023634850979
GAS,BAD,UCB_WITHOUT_VAE_UNCERTAINTY,41,Q loss,646,0.004629556089639664
GAS,BAD,UCB_WITHOUT_VAE_UNCERTAINTY,41,Q loss,647,0.006412962451577187
GAS,BAD,UCB_WITHOUT_VAE_UNCERTAINTY,41,Q loss,648,0.008540729060769081
GAS,BAD,UCB_WITHOUT_VAE_UNCERTAINTY,41,Q loss,649,0.003266785992309451
GAS,BAD,UCB_WITHOUT_VAE_UNCERTAINTY,41,Q loss,650,0.0033067534677684307
GAS,BAD,UCB_WITHOUT_VAE_UNCERTAINTY,41,Q loss,651,0.001806032843887806
GAS,BAD,UCB_WITHOUT_VAE_UNCERTAINTY,41,Q loss,652,0.003566539380699396
GAS,BAD,UCB_WITHOUT_VAE_UNCERTAINTY,41,Q loss,653,0.006814326159656048
GAS,BAD,UCB_WITHOUT_VAE_UNCERTAINTY,41,Q loss,654,0.008093846961855888
GAS,BAD,UCB_WITHOUT_VAE_UNCERTAINTY,41,Q loss,655,0.0046835774555802345
GAS,BAD,UCB_WITHOUT_VAE_UNCERTAINTY,41,Q loss,656,0.004151397384703159
GAS,BAD,UCB_WITHOUT_VAE_UNCERTAINTY,41,Q loss,657,0.0031417948193848133
GAS,BAD,UCB_WITHOUT_VAE_UNCERTAINTY,41,Q loss,658,0.0034207941498607397
GAS,BAD,UCB_WITHOUT_VAE_UNCERTAINTY,41,Q loss,659,0.0022127435076981783
GAS,BAD,UCB_WITHOUT_VAE_UNCERTAINTY,41,Q loss,660,0.0031486765947192907
GAS,BAD,UCB_WITHOUT_VAE_UNCERTAINTY,41,Q loss,661,0.0005988389020785689
GAS,BAD,UCB_WITHOUT_VAE_UNCERTAINTY,41,Q loss,662,0.0026995667722076178
GAS,BAD,UCB_WITHOUT_VAE_UNCERTAINTY,41,Q loss,663,0.003294826950877905
GAS,BAD,UCB_WITHOUT_VAE_UNCERTAINTY,41,Q loss,664,0.006159701384603977
GAS,BAD,UCB_WITHOUT_VAE_UNCERTAINTY,41,Q loss,665,0.006122499704360962
GAS,BAD,UCB_WITHOUT_VAE_UNCERTAINTY,41,Q loss,666,0.00932835042476654
GAS,BAD,UCB_WITHOUT_VAE_UNCERTAINTY,41,Q loss,667,0.0035146086011081934
GAS,BAD,UCB_WITHOUT_VAE_UNCERTAINTY,41,Q loss,668,0.004437077324837446
GAS,BAD,UCB_WITHOUT_VAE_UNCERTAINTY,41,Q loss,669,0.003953971434384584
GAS,BAD,UCB_WITHOUT_VAE_UNCERTAINTY,41,Q loss,670,0.0016432009870186448
GAS,BAD,UCB_WITHOUT_VAE_UNCERTAINTY,41,Q loss,671,0.0030964305624365807
GAS,BAD,UCB_WITHOUT_VAE_UNCERTAINTY,41,Q loss,672,0.0059824250638484955
GAS,BAD,UCB_WITHOUT_VAE_UNCERTAINTY,41,Q loss,673,0.0034160178620368242
GAS,BAD,UCB_WITHOUT_VAE_UNCERTAINTY,41,Q loss,674,0.0026309096720069647
GAS,BAD,UCB_WITHOUT_VAE_UNCERTAINTY,41,Q loss,675,0.002816281048581004
GAS,BAD,UCB_WITHOUT_VAE_UNCERTAINTY,41,Q loss,676,0.006433949805796146
GAS,BAD,UCB_WITHOUT_VAE_UNCERTAINTY,41,Q loss,677,0.0018663970986381173
GAS,BAD,UCB_WITHOUT_VAE_UNCERTAINTY,41,Q loss,678,0.001979531953111291
GAS,BAD,UCB_WITHOUT_VAE_UNCERTAINTY,41,Q loss,679,0.003297253977507353
GAS,BAD,UCB_WITHOUT_VAE_UNCERTAINTY,41,Q loss,680,0.003146267030388117
GAS,BAD,UCB_WITHOUT_VAE_UNCERTAINTY,41,Q loss,681,0.001479548984207213
GAS,BAD,UCB_WITHOUT_VAE_UNCERTAINTY,41,Q loss,682,0.001746632275171578
GAS,BAD,UCB_WITHOUT_VAE_UNCERTAINTY,41,Q loss,683,0.016746792942285538
GAS,BAD,UCB_WITHOUT_VAE_UNCERTAINTY,41,Q loss,684,0.009063875302672386
GAS,BAD,UCB_WITHOUT_VAE_UNCERTAINTY,41,Q loss,685,0.0029238546267151833
GAS,BAD,UCB_WITHOUT_VAE_UNCERTAINTY,41,Q loss,686,0.0028533642180263996
GAS,BAD,UCB_WITHOUT_VAE_UNCERTAINTY,41,Q loss,687,0.0018720801454037428
GAS,BAD,UCB_WITHOUT_VAE_UNCERTAINTY,41,Q loss,688,0.0035824947990477085
GAS,BAD,UCB_WITHOUT_VAE_UNCERTAINTY,41,Q loss,689,0.0032957615330815315
GAS,BAD,UCB_WITHOUT_VAE_UNCERTAINTY,41,Q loss,690,0.0112651027739048
GAS,BAD,UCB_WITHOUT_VAE_UNCERTAINTY,41,Q loss,691,0.0006404478917829692
GAS,BAD,UCB_WITHOUT_VAE_UNCERTAINTY,41,Q loss,692,0.003843877464532852
GAS,BAD,UCB_WITHOUT_VAE_UNCERTAINTY,41,Q loss,693,0.008349871262907982
GAS,BAD,UCB_WITHOUT_VAE_UNCERTAINTY,41,Q loss,694,0.005189741961658001
GAS,BAD,UCB_WITHOUT_VAE_UNCERTAINTY,41,Q loss,695,0.00215766835026443
GAS,BAD,UCB_WITHOUT_VAE_UNCERTAINTY,41,Q loss,696,0.006524587981402874
GAS,BAD,UCB_WITHOUT_VAE_UNCERTAINTY,41,Q loss,697,0.001045346725732088
GAS,BAD,UCB_WITHOUT_VAE_UNCERTAINTY,41,Q loss,698,0.0011319943005219102
GAS,BAD,UCB_WITHOUT_VAE_UNCERTAINTY,41,Q loss,699,0.0037177056074142456
GAS,BAD,UCB_WITHOUT_VAE_UNCERTAINTY,41,Q loss,700,0.009397711604833603
GAS,BAD,UCB_WITHOUT_VAE_UNCERTAINTY,41,Q loss,701,0.005696105770766735
GAS,BAD,UCB_WITHOUT_VAE_UNCERTAINTY,41,Q loss,702,0.004956306889653206
GAS,BAD,UCB_WITHOUT_VAE_UNCERTAINTY,41,Q loss,703,0.0035606466699391603
GAS,BAD,UCB_WITHOUT_VAE_UNCERTAINTY,41,Q loss,704,0.002993928734213114
GAS,BAD,UCB_WITHOUT_VAE_UNCERTAINTY,41,Q loss,705,0.004553309176117182
GAS,BAD,UCB_WITHOUT_VAE_UNCERTAINTY,41,Q loss,706,0.003640894778072834
GAS,BAD,UCB_WITHOUT_VAE_UNCERTAINTY,41,Q loss,707,0.0016331109218299389
GAS,BAD,UCB_WITHOUT_VAE_UNCERTAINTY,41,Q loss,708,0.008159657008945942
GAS,BAD,UCB_WITHOUT_VAE_UNCERTAINTY,41,Q loss,709,0.0018308386206626892
GAS,BAD,UCB_WITHOUT_VAE_UNCERTAINTY,41,Q loss,710,0.0019442943157628179
GAS,BAD,UCB_WITHOUT_VAE_UNCERTAINTY,41,Q loss,711,0.004860340617597103
GAS,BAD,UCB_WITHOUT_VAE_UNCERTAINTY,41,Q loss,712,0.0027362434193491936
GAS,BAD,UCB_WITHOUT_VAE_UNCERTAINTY,41,Q loss,713,0.002872931072488427
GAS,BAD,UCB_WITHOUT_VAE_UNCERTAINTY,41,Q loss,714,0.0016805666964501143
GAS,BAD,UCB_WITHOUT_VAE_UNCERTAINTY,41,Q loss,715,0.002963205799460411
GAS,BAD,UCB_WITHOUT_VAE_UNCERTAINTY,41,Q loss,716,0.0018679345957934856
GAS,BAD,UCB_WITHOUT_VAE_UNCERTAINTY,41,Q loss,717,0.004354516975581646
GAS,BAD,UCB_WITHOUT_VAE_UNCERTAINTY,41,Q loss,718,0.004526755306869745
GAS,BAD,UCB_WITHOUT_VAE_UNCERTAINTY,41,Q loss,719,0.012337598018348217
GAS,BAD,UCB_WITHOUT_VAE_UNCERTAINTY,41,Q loss,720,0.011605055071413517
GAS,BAD,UCB_WITHOUT_VAE_UNCERTAINTY,41,Q loss,721,0.004234815016388893
GAS,BAD,UCB_WITHOUT_VAE_UNCERTAINTY,41,Q loss,722,0.0023331944830715656
GAS,BAD,UCB_WITHOUT_VAE_UNCERTAINTY,41,Q loss,723,0.004083576612174511
GAS,BAD,UCB_WITHOUT_VAE_UNCERTAINTY,41,Q loss,724,0.0042109983041882515
GAS,BAD,UCB_WITHOUT_VAE_UNCERTAINTY,41,Q loss,725,0.004992862232029438
GAS,BAD,UCB_WITHOUT_VAE_UNCERTAINTY,41,Q loss,726,0.013831292279064655
GAS,BAD,UCB_WITHOUT_VAE_UNCERTAINTY,41,Q loss,727,0.0016855394933372736
GAS,BAD,UCB_WITHOUT_VAE_UNCERTAINTY,41,Q loss,728,0.004593223333358765
GAS,BAD,UCB_WITHOUT_VAE_UNCERTAINTY,41,Q loss,729,0.007413332350552082
GAS,BAD,UCB_WITHOUT_VAE_UNCERTAINTY,41,Q loss,730,0.0032218904234468937
GAS,BAD,UCB_WITHOUT_VAE_UNCERTAINTY,41,Q loss,731,0.0029503123369067907
GAS,BAD,UCB_WITHOUT_VAE_UNCERTAINTY,41,Q loss,732,0.0017409042920917273
GAS,BAD,UCB_WITHOUT_VAE_UNCERTAINTY,41,Q loss,733,0.005294209346175194
GAS,BAD,UCB_WITHOUT_VAE_UNCERTAINTY,41,Q loss,734,0.00586292427033186
GAS,BAD,UCB_WITHOUT_VAE_UNCERTAINTY,41,Q loss,735,0.004212051164358854
GAS,BAD,UCB_WITHOUT_VAE_UNCERTAINTY,41,Q loss,736,0.0024322690442204475
GAS,BAD,UCB_WITHOUT_VAE_UNCERTAINTY,41,Q loss,737,0.009946182370185852
GAS,BAD,UCB_WITHOUT_VAE_UNCERTAINTY,41,Q loss,738,0.008764865808188915
GAS,BAD,UCB_WITHOUT_VAE_UNCERTAINTY,41,Q loss,739,0.0022988987620919943
GAS,BAD,UCB_WITHOUT_VAE_UNCERTAINTY,41,Q loss,740,0.004354259930551052
GAS,BAD,UCB_WITHOUT_VAE_UNCERTAINTY,41,Q loss,741,0.003003366058692336
GAS,BAD,UCB_WITHOUT_VAE_UNCERTAINTY,41,Q loss,742,0.002612454118207097
GAS,BAD,UCB_WITHOUT_VAE_UNCERTAINTY,41,Q loss,743,0.006028950214385986
GAS,BAD,UCB_WITHOUT_VAE_UNCERTAINTY,41,Q loss,744,0.006381964311003685
GAS,BAD,UCB_WITHOUT_VAE_UNCERTAINTY,41,Q loss,745,0.0015258538769558072
GAS,BAD,UCB_WITHOUT_VAE_UNCERTAINTY,41,Q loss,746,0.001886130659841001
GAS,BAD,UCB_WITHOUT_VAE_UNCERTAINTY,41,Q loss,747,0.004071672447025776
GAS,BAD,UCB_WITHOUT_VAE_UNCERTAINTY,41,Q loss,748,0.003625910496339202
GAS,BAD,UCB_WITHOUT_VAE_UNCERTAINTY,41,Q loss,749,0.0009064468322321773
GAS,BAD,UCB_WITHOUT_VAE_UNCERTAINTY,41,Q loss,750,0.0023444227408617735
GAS,BAD,UCB_WITHOUT_VAE_UNCERTAINTY,41,Q loss,751,0.0022704564034938812
GAS,BAD,UCB_WITHOUT_VAE_UNCERTAINTY,41,Q loss,752,0.0019707961473613977
GAS,BAD,UCB_WITHOUT_VAE_UNCERTAINTY,41,Q loss,753,0.0013988774735480547
GAS,BAD,UCB_WITHOUT_VAE_UNCERTAINTY,41,Q loss,754,0.0026310428511351347
GAS,BAD,UCB_WITHOUT_VAE_UNCERTAINTY,41,Q loss,755,0.004210900980979204
GAS,BAD,UCB_WITHOUT_VAE_UNCERTAINTY,41,Q loss,756,0.004166035912930965
GAS,BAD,UCB_WITHOUT_VAE_UNCERTAINTY,41,Q loss,757,0.004632551223039627
GAS,BAD,UCB_WITHOUT_VAE_UNCERTAINTY,41,Q loss,758,0.005880645476281643
GAS,BAD,UCB_WITHOUT_VAE_UNCERTAINTY,41,Q loss,759,0.0017950007459148765
GAS,BAD,UCB_WITHOUT_VAE_UNCERTAINTY,41,Q loss,760,0.0020508822053670883
GAS,BAD,UCB_WITHOUT_VAE_UNCERTAINTY,41,Q loss,761,0.0032329228706657887
GAS,BAD,UCB_WITHOUT_VAE_UNCERTAINTY,41,Q loss,762,0.005192610435187817
GAS,BAD,UCB_WITHOUT_VAE_UNCERTAINTY,41,Q loss,763,0.0017112396890297532
GAS,BAD,UCB_WITHOUT_VAE_UNCERTAINTY,41,Q loss,764,0.001834990456700325
GAS,BAD,UCB_WITHOUT_VAE_UNCERTAINTY,41,Q loss,765,0.002032254356890917
GAS,BAD,UCB_WITHOUT_VAE_UNCERTAINTY,41,Q loss,766,0.0035106511786580086
GAS,BAD,UCB_WITHOUT_VAE_UNCERTAINTY,41,Q loss,767,0.0004608549934346229
GAS,BAD,UCB_WITHOUT_VAE_UNCERTAINTY,41,Q loss,768,0.00279701198451221
GAS,BAD,UCB_WITHOUT_VAE_UNCERTAINTY,41,Q loss,769,0.005227874498814344
GAS,BAD,UCB_WITHOUT_VAE_UNCERTAINTY,41,Q loss,770,0.0010614886414259672
GAS,BAD,UCB_WITHOUT_VAE_UNCERTAINTY,41,Q loss,771,0.0045857615768909454
GAS,BAD,UCB_WITHOUT_VAE_UNCERTAINTY,41,Q loss,772,0.0047492776066064835
GAS,BAD,UCB_WITHOUT_VAE_UNCERTAINTY,41,Q loss,773,0.007757535204291344
GAS,BAD,UCB_WITHOUT_VAE_UNCERTAINTY,41,Q loss,774,0.0068574948236346245
GAS,BAD,UCB_WITHOUT_VAE_UNCERTAINTY,41,Q loss,775,0.0034368690103292465
GAS,BAD,UCB_WITHOUT_VAE_UNCERTAINTY,41,Q loss,776,0.0017089350149035454
GAS,BAD,UCB_WITHOUT_VAE_UNCERTAINTY,41,Q loss,777,0.004281282424926758
GAS,BAD,UCB_WITHOUT_VAE_UNCERTAINTY,41,Q loss,778,0.0032203621231019497
GAS,BAD,UCB_WITHOUT_VAE_UNCERTAINTY,41,Q loss,779,0.005287978798151016
GAS,BAD,UCB_WITHOUT_VAE_UNCERTAINTY,41,Q loss,780,0.003335346933454275
GAS,BAD,UCB_WITHOUT_VAE_UNCERTAINTY,41,Q loss,781,0.0015178769826889038
GAS,BAD,UCB_WITHOUT_VAE_UNCERTAINTY,41,Q loss,782,0.0023238728754222393
GAS,BAD,UCB_WITHOUT_VAE_UNCERTAINTY,41,Q loss,783,0.0033663841895759106
GAS,BAD,UCB_WITHOUT_VAE_UNCERTAINTY,41,Q loss,784,0.006363668479025364
GAS,BAD,UCB_WITHOUT_VAE_UNCERTAINTY,41,Q loss,785,0.002969389082863927
GAS,BAD,UCB_WITHOUT_VAE_UNCERTAINTY,41,Q loss,786,0.002791308332234621
GAS,BAD,UCB_WITHOUT_VAE_UNCERTAINTY,41,Q loss,787,0.0017878387589007616
GAS,BAD,UCB_WITHOUT_VAE_UNCERTAINTY,41,Q loss,788,0.002085930434986949
GAS,BAD,UCB_WITHOUT_VAE_UNCERTAINTY,41,Q loss,789,0.004426075145602226
GAS,BAD,UCB_WITHOUT_VAE_UNCERTAINTY,41,Q loss,790,0.004071621224284172
GAS,BAD,UCB_WITHOUT_VAE_UNCERTAINTY,41,Q loss,791,0.00895948987454176
GAS,BAD,UCB_WITHOUT_VAE_UNCERTAINTY,41,Q loss,792,0.008106144145131111
GAS,BAD,UCB_WITHOUT_VAE_UNCERTAINTY,41,Q loss,793,0.0023455743212252855
GAS,BAD,UCB_WITHOUT_VAE_UNCERTAINTY,41,Q loss,794,0.003313159802928567
GAS,BAD,UCB_WITHOUT_VAE_UNCERTAINTY,41,Q loss,795,0.0014992558863013983
GAS,BAD,UCB_WITHOUT_VAE_UNCERTAINTY,41,Q loss,796,0.007363520562648773
GAS,BAD,UCB_WITHOUT_VAE_UNCERTAINTY,41,Q loss,797,0.0026084515266120434
GAS,BAD,UCB_WITHOUT_VAE_UNCERTAINTY,41,Q loss,798,0.004144449718296528
GAS,BAD,UCB_WITHOUT_VAE_UNCERTAINTY,41,Q loss,799,0.002450766274705529
GAS,BAD,UCB_WITHOUT_VAE_UNCERTAINTY,41,Q loss,800,0.002364331390708685
GAS,BAD,UCB_WITHOUT_VAE_UNCERTAINTY,41,Q loss,801,0.0058310143649578094
GAS,BAD,UCB_WITHOUT_VAE_UNCERTAINTY,41,Q loss,802,0.0027634426951408386
GAS,BAD,UCB_WITHOUT_VAE_UNCERTAINTY,41,Q loss,803,0.001795645453967154
GAS,BAD,UCB_WITHOUT_VAE_UNCERTAINTY,41,Q loss,804,0.0020388502161949873
GAS,BAD,UCB_WITHOUT_VAE_UNCERTAINTY,41,Q loss,805,0.0019949348643422127
GAS,BAD,UCB_WITHOUT_VAE_UNCERTAINTY,41,Q loss,806,0.0009534665150567889
GAS,BAD,UCB_WITHOUT_VAE_UNCERTAINTY,41,Q loss,807,0.004428173415362835
GAS,BAD,UCB_WITHOUT_VAE_UNCERTAINTY,41,Q loss,808,0.0037360070273280144
GAS,BAD,UCB_WITHOUT_VAE_UNCERTAINTY,41,Q loss,809,0.007037497125566006
GAS,BAD,UCB_WITHOUT_VAE_UNCERTAINTY,41,Cost loss,0,0.09802469611167908
GAS,BAD,UCB_WITHOUT_VAE_UNCERTAINTY,41,Cost loss,1,0.09502257406711578
GAS,BAD,UCB_WITHOUT_VAE_UNCERTAINTY,41,Cost loss,2,0.09252793341875076
GAS,BAD,UCB_WITHOUT_VAE_UNCERTAINTY,41,Cost loss,3,0.09241610765457153
GAS,BAD,UCB_WITHOUT_VAE_UNCERTAINTY,41,Cost loss,4,0.09171519428491592
GAS,BAD,UCB_WITHOUT_VAE_UNCERTAINTY,41,Cost loss,5,0.08883756399154663
GAS,BAD,UCB_WITHOUT_VAE_UNCERTAINTY,41,Cost loss,6,0.08782361447811127
GAS,BAD,UCB_WITHOUT_VAE_UNCERTAINTY,41,Cost loss,7,0.08542785793542862
GAS,BAD,UCB_WITHOUT_VAE_UNCERTAINTY,41,Cost loss,8,0.08609075844287872
GAS,BAD,UCB_WITHOUT_VAE_UNCERTAINTY,41,Cost loss,9,0.08275893330574036
GAS,BAD,UCB_WITHOUT_VAE_UNCERTAINTY,41,Cost loss,10,0.08213265240192413
GAS,BAD,UCB_WITHOUT_VAE_UNCERTAINTY,41,Cost loss,11,0.08246291428804398
GAS,BAD,UCB_WITHOUT_VAE_UNCERTAINTY,41,Cost loss,12,0.07987374067306519
GAS,BAD,UCB_WITHOUT_VAE_UNCERTAINTY,41,Cost loss,13,0.07926447689533234
GAS,BAD,UCB_WITHOUT_VAE_UNCERTAINTY,41,Cost loss,14,0.07672864198684692
GAS,BAD,UCB_WITHOUT_VAE_UNCERTAINTY,41,Cost loss,15,0.07625354826450348
GAS,BAD,UCB_WITHOUT_VAE_UNCERTAINTY,41,Cost loss,16,0.0752488300204277
GAS,BAD,UCB_WITHOUT_VAE_UNCERTAINTY,41,Cost loss,17,0.07155464589595795
GAS,BAD,UCB_WITHOUT_VAE_UNCERTAINTY,41,Cost loss,18,0.0722990408539772
GAS,BAD,UCB_WITHOUT_VAE_UNCERTAINTY,41,Cost loss,19,0.0700644701719284
GAS,BAD,UCB_WITHOUT_VAE_UNCERTAINTY,41,Cost loss,20,0.07097700983285904
GAS,BAD,UCB_WITHOUT_VAE_UNCERTAINTY,41,Cost loss,21,0.06910109519958496
GAS,BAD,UCB_WITHOUT_VAE_UNCERTAINTY,41,Cost loss,22,0.06813324987888336
GAS,BAD,UCB_WITHOUT_VAE_UNCERTAINTY,41,Cost loss,23,0.06663502752780914
GAS,BAD,UCB_WITHOUT_VAE_UNCERTAINTY,41,Cost loss,24,0.0666159987449646
GAS,BAD,UCB_WITHOUT_VAE_UNCERTAINTY,41,Cost loss,25,0.06518803536891937
GAS,BAD,UCB_WITHOUT_VAE_UNCERTAINTY,41,Cost loss,26,0.06396952271461487
GAS,BAD,UCB_WITHOUT_VAE_UNCERTAINTY,41,Cost loss,27,0.06354087591171265
GAS,BAD,UCB_WITHOUT_VAE_UNCERTAINTY,41,Cost loss,28,0.06091964244842529
GAS,BAD,UCB_WITHOUT_VAE_UNCERTAINTY,41,Cost loss,29,0.06177195906639099
GAS,BAD,UCB_WITHOUT_VAE_UNCERTAINTY,41,Cost loss,30,0.059147097170352936
GAS,BAD,UCB_WITHOUT_VAE_UNCERTAINTY,41,Cost loss,31,0.05831035599112511
GAS,BAD,UCB_WITHOUT_VAE_UNCERTAINTY,41,Cost loss,32,0.05624303221702576
GAS,BAD,UCB_WITHOUT_VAE_UNCERTAINTY,41,Cost loss,33,0.05564822256565094
GAS,BAD,UCB_WITHOUT_VAE_UNCERTAINTY,41,Cost loss,34,0.05536327511072159
GAS,BAD,UCB_WITHOUT_VAE_UNCERTAINTY,41,Cost loss,35,0.054578110575675964
GAS,BAD,UCB_WITHOUT_VAE_UNCERTAINTY,41,Cost loss,36,0.05479405075311661
GAS,BAD,UCB_WITHOUT_VAE_UNCERTAINTY,41,Cost loss,37,0.0522179938852787
GAS,BAD,UCB_WITHOUT_VAE_UNCERTAINTY,41,Cost loss,38,0.049928903579711914
GAS,BAD,UCB_WITHOUT_VAE_UNCERTAINTY,41,Cost loss,39,0.049965087324380875
GAS,BAD,UCB_WITHOUT_VAE_UNCERTAINTY,41,Cost loss,40,0.051615118980407715
GAS,BAD,UCB_WITHOUT_VAE_UNCERTAINTY,41,Cost loss,41,0.048126738518476486
GAS,BAD,UCB_WITHOUT_VAE_UNCERTAINTY,41,Cost loss,42,0.04851153492927551
GAS,BAD,UCB_WITHOUT_VAE_UNCERTAINTY,41,Cost loss,43,0.046694688498973846
GAS,BAD,UCB_WITHOUT_VAE_UNCERTAINTY,41,Cost loss,44,0.04685797542333603
GAS,BAD,UCB_WITHOUT_VAE_UNCERTAINTY,41,Cost loss,45,0.044377923011779785
GAS,BAD,UCB_WITHOUT_VAE_UNCERTAINTY,41,Cost loss,46,0.04495484381914139
GAS,BAD,UCB_WITHOUT_VAE_UNCERTAINTY,41,Cost loss,47,0.042926982045173645
GAS,BAD,UCB_WITHOUT_VAE_UNCERTAINTY,41,Cost loss,48,0.0449400320649147
GAS,BAD,UCB_WITHOUT_VAE_UNCERTAINTY,41,Cost loss,49,0.042678628116846085
GAS,BAD,UCB_WITHOUT_VAE_UNCERTAINTY,41,Cost loss,50,0.040602728724479675
GAS,BAD,UCB_WITHOUT_VAE_UNCERTAINTY,41,Cost loss,51,0.04149504005908966
GAS,BAD,UCB_WITHOUT_VAE_UNCERTAINTY,41,Cost loss,52,0.04007812216877937
GAS,BAD,UCB_WITHOUT_VAE_UNCERTAINTY,41,Cost loss,53,0.03785690665245056
GAS,BAD,UCB_WITHOUT_VAE_UNCERTAINTY,41,Cost loss,54,0.037960514426231384
GAS,BAD,UCB_WITHOUT_VAE_UNCERTAINTY,41,Cost loss,55,0.03867199271917343
GAS,BAD,UCB_WITHOUT_VAE_UNCERTAINTY,41,Cost loss,56,0.034138575196266174
GAS,BAD,UCB_WITHOUT_VAE_UNCERTAINTY,41,Cost loss,57,0.035505156964063644
GAS,BAD,UCB_WITHOUT_VAE_UNCERTAINTY,41,Cost loss,58,0.03776802122592926
GAS,BAD,UCB_WITHOUT_VAE_UNCERTAINTY,41,Cost loss,59,0.03371483087539673
GAS,BAD,UCB_WITHOUT_VAE_UNCERTAINTY,41,Cost loss,60,0.03570837154984474
GAS,BAD,UCB_WITHOUT_VAE_UNCERTAINTY,41,Cost loss,61,0.03343810886144638
GAS,BAD,UCB_WITHOUT_VAE_UNCERTAINTY,41,Cost loss,62,0.033599138259887695
GAS,BAD,UCB_WITHOUT_VAE_UNCERTAINTY,41,Cost loss,63,0.03215926140546799
GAS,BAD,UCB_WITHOUT_VAE_UNCERTAINTY,41,Cost loss,64,0.03420494496822357
GAS,BAD,UCB_WITHOUT_VAE_UNCERTAINTY,41,Cost loss,65,0.03116004355251789
GAS,BAD,UCB_WITHOUT_VAE_UNCERTAINTY,41,Cost loss,66,0.030685223639011383
GAS,BAD,UCB_WITHOUT_VAE_UNCERTAINTY,41,Cost loss,67,0.030063554644584656
GAS,BAD,UCB_WITHOUT_VAE_UNCERTAINTY,41,Cost loss,68,0.02973034232854843
GAS,BAD,UCB_WITHOUT_VAE_UNCERTAINTY,41,Cost loss,69,0.028502464294433594
GAS,BAD,UCB_WITHOUT_VAE_UNCERTAINTY,41,Cost loss,70,0.028966497629880905
GAS,BAD,UCB_WITHOUT_VAE_UNCERTAINTY,41,Cost loss,71,0.026631012558937073
GAS,BAD,UCB_WITHOUT_VAE_UNCERTAINTY,41,Cost loss,72,0.029250312596559525
GAS,BAD,UCB_WITHOUT_VAE_UNCERTAINTY,41,Cost loss,73,0.027784112840890884
GAS,BAD,UCB_WITHOUT_VAE_UNCERTAINTY,41,Cost loss,74,0.025853155180811882
GAS,BAD,UCB_WITHOUT_VAE_UNCERTAINTY,41,Cost loss,75,0.024584580212831497
GAS,BAD,UCB_WITHOUT_VAE_UNCERTAINTY,41,Cost loss,76,0.025595905259251595
GAS,BAD,UCB_WITHOUT_VAE_UNCERTAINTY,41,Cost loss,77,0.026422375813126564
GAS,BAD,UCB_WITHOUT_VAE_UNCERTAINTY,41,Cost loss,78,0.023974686861038208
GAS,BAD,UCB_WITHOUT_VAE_UNCERTAINTY,41,Cost loss,79,0.022927716374397278
GAS,BAD,UCB_WITHOUT_VAE_UNCERTAINTY,41,Cost loss,80,0.022276680916547775
GAS,BAD,UCB_WITHOUT_VAE_UNCERTAINTY,41,Cost loss,81,0.023678388446569443
GAS,BAD,UCB_WITHOUT_VAE_UNCERTAINTY,41,Cost loss,82,0.023576993495225906
GAS,BAD,UCB_WITHOUT_VAE_UNCERTAINTY,41,Cost loss,83,0.022519370540976524
GAS,BAD,UCB_WITHOUT_VAE_UNCERTAINTY,41,Cost loss,84,0.02144675888121128
GAS,BAD,UCB_WITHOUT_VAE_UNCERTAINTY,41,Cost loss,85,0.020565077662467957
GAS,BAD,UCB_WITHOUT_VAE_UNCERTAINTY,41,Cost loss,86,0.020640704780817032
GAS,BAD,UCB_WITHOUT_VAE_UNCERTAINTY,41,Cost loss,87,0.020776845514774323
GAS,BAD,UCB_WITHOUT_VAE_UNCERTAINTY,41,Cost loss,88,0.019167348742485046
GAS,BAD,UCB_WITHOUT_VAE_UNCERTAINTY,41,Cost loss,89,0.019054315984249115
GAS,BAD,UCB_WITHOUT_VAE_UNCERTAINTY,41,Cost loss,90,0.020040027797222137
GAS,BAD,UCB_WITHOUT_VAE_UNCERTAINTY,41,Cost loss,91,0.019226819276809692
GAS,BAD,UCB_WITHOUT_VAE_UNCERTAINTY,41,Cost loss,92,0.01880604960024357
GAS,BAD,UCB_WITHOUT_VAE_UNCERTAINTY,41,Cost loss,93,0.018450886011123657
GAS,BAD,UCB_WITHOUT_VAE_UNCERTAINTY,41,Cost loss,94,0.01835501380264759
GAS,BAD,UCB_WITHOUT_VAE_UNCERTAINTY,41,Cost loss,95,0.01695038005709648
GAS,BAD,UCB_WITHOUT_VAE_UNCERTAINTY,41,Cost loss,96,0.01699850894510746
GAS,BAD,UCB_WITHOUT_VAE_UNCERTAINTY,41,Cost loss,97,0.017516817897558212
GAS,BAD,UCB_WITHOUT_VAE_UNCERTAINTY,41,Cost loss,98,0.01645849645137787
GAS,BAD,UCB_WITHOUT_VAE_UNCERTAINTY,41,Cost loss,99,0.016365613788366318
GAS,BAD,UCB_WITHOUT_VAE_UNCERTAINTY,41,Cost loss,100,0.016988351941108704
GAS,BAD,UCB_WITHOUT_VAE_UNCERTAINTY,41,Cost loss,101,0.015918921679258347
GAS,BAD,UCB_WITHOUT_VAE_UNCERTAINTY,41,Cost loss,102,0.01613101363182068
GAS,BAD,UCB_WITHOUT_VAE_UNCERTAINTY,41,Cost loss,103,0.01673508621752262
GAS,BAD,UCB_WITHOUT_VAE_UNCERTAINTY,41,Cost loss,104,0.01657215878367424
GAS,BAD,UCB_WITHOUT_VAE_UNCERTAINTY,41,Cost loss,105,0.016917236149311066
GAS,BAD,UCB_WITHOUT_VAE_UNCERTAINTY,41,Cost loss,106,0.01729639433324337
GAS,BAD,UCB_WITHOUT_VAE_UNCERTAINTY,41,Cost loss,107,0.01628083735704422
GAS,BAD,UCB_WITHOUT_VAE_UNCERTAINTY,41,Cost loss,108,0.01597553677856922
GAS,BAD,UCB_WITHOUT_VAE_UNCERTAINTY,41,Cost loss,109,0.015858344733715057
GAS,BAD,UCB_WITHOUT_VAE_UNCERTAINTY,41,Cost loss,110,0.015266037546098232
GAS,BAD,UCB_WITHOUT_VAE_UNCERTAINTY,41,Cost loss,111,0.015985049307346344
GAS,BAD,UCB_WITHOUT_VAE_UNCERTAINTY,41,Cost loss,112,0.015431602485477924
GAS,BAD,UCB_WITHOUT_VAE_UNCERTAINTY,41,Cost loss,113,0.014838436618447304
GAS,BAD,UCB_WITHOUT_VAE_UNCERTAINTY,41,Cost loss,114,0.014978175051510334
GAS,BAD,UCB_WITHOUT_VAE_UNCERTAINTY,41,Cost loss,115,0.013490185141563416
GAS,BAD,UCB_WITHOUT_VAE_UNCERTAINTY,41,Cost loss,116,0.013707440346479416
GAS,BAD,UCB_WITHOUT_VAE_UNCERTAINTY,41,Cost loss,117,0.01414208859205246
GAS,BAD,UCB_WITHOUT_VAE_UNCERTAINTY,41,Cost loss,118,0.014117918908596039
GAS,BAD,UCB_WITHOUT_VAE_UNCERTAINTY,41,Cost loss,119,0.014007608406245708
GAS,BAD,UCB_WITHOUT_VAE_UNCERTAINTY,41,Cost loss,120,0.0129390899091959
GAS,BAD,UCB_WITHOUT_VAE_UNCERTAINTY,41,Cost loss,121,0.012488873675465584
GAS,BAD,UCB_WITHOUT_VAE_UNCERTAINTY,41,Cost loss,122,0.01259750034660101
GAS,BAD,UCB_WITHOUT_VAE_UNCERTAINTY,41,Cost loss,123,0.012227434664964676
GAS,BAD,UCB_WITHOUT_VAE_UNCERTAINTY,41,Cost loss,124,0.01261916570365429
GAS,BAD,UCB_WITHOUT_VAE_UNCERTAINTY,41,Cost loss,125,0.012122092768549919
GAS,BAD,UCB_WITHOUT_VAE_UNCERTAINTY,41,Cost loss,126,0.010461446829140186
GAS,BAD,UCB_WITHOUT_VAE_UNCERTAINTY,41,Cost loss,127,0.010957197286188602
GAS,BAD,UCB_WITHOUT_VAE_UNCERTAINTY,41,Cost loss,128,0.011192993260920048
GAS,BAD,UCB_WITHOUT_VAE_UNCERTAINTY,41,Cost loss,129,0.010078266263008118
GAS,BAD,UCB_WITHOUT_VAE_UNCERTAINTY,41,Cost loss,130,0.01015782356262207
GAS,BAD,UCB_WITHOUT_VAE_UNCERTAINTY,41,Cost loss,131,0.009708339348435402
GAS,BAD,UCB_WITHOUT_VAE_UNCERTAINTY,41,Cost loss,132,0.009373797103762627
GAS,BAD,UCB_WITHOUT_VAE_UNCERTAINTY,41,Cost loss,133,0.009760926477611065
GAS,BAD,UCB_WITHOUT_VAE_UNCERTAINTY,41,Cost loss,134,0.008280602283775806
GAS,BAD,UCB_WITHOUT_VAE_UNCERTAINTY,41,Cost loss,135,0.008956476114690304
GAS,BAD,UCB_WITHOUT_VAE_UNCERTAINTY,41,Cost loss,136,0.009086950682103634
GAS,BAD,UCB_WITHOUT_VAE_UNCERTAINTY,41,Cost loss,137,0.008493423461914062
GAS,BAD,UCB_WITHOUT_VAE_UNCERTAINTY,41,Cost loss,138,0.00859270989894867
GAS,BAD,UCB_WITHOUT_VAE_UNCERTAINTY,41,Cost loss,139,0.007885118015110493
GAS,BAD,UCB_WITHOUT_VAE_UNCERTAINTY,41,Cost loss,140,0.007936326786875725
GAS,BAD,UCB_WITHOUT_VAE_UNCERTAINTY,41,Cost loss,141,0.00816357508301735
GAS,BAD,UCB_WITHOUT_VAE_UNCERTAINTY,41,Cost loss,142,0.007047188933938742
GAS,BAD,UCB_WITHOUT_VAE_UNCERTAINTY,41,Cost loss,143,0.00749244075268507
GAS,BAD,UCB_WITHOUT_VAE_UNCERTAINTY,41,Cost loss,144,0.007273770868778229
GAS,BAD,UCB_WITHOUT_VAE_UNCERTAINTY,42,Q loss,0,0.010148629546165466
GAS,BAD,UCB_WITHOUT_VAE_UNCERTAINTY,42,Q loss,1,0.009240388870239258
GAS,BAD,UCB_WITHOUT_VAE_UNCERTAINTY,42,Q loss,2,0.020704463124275208
GAS,BAD,UCB_WITHOUT_VAE_UNCERTAINTY,42,Q loss,3,0.01901986636221409
GAS,BAD,UCB_WITHOUT_VAE_UNCERTAINTY,42,Q loss,4,0.02207149565219879
GAS,BAD,UCB_WITHOUT_VAE_UNCERTAINTY,42,Q loss,5,0.03268932178616524
GAS,BAD,UCB_WITHOUT_VAE_UNCERTAINTY,42,Q loss,6,0.012149522081017494
GAS,BAD,UCB_WITHOUT_VAE_UNCERTAINTY,42,Q loss,7,0.018015818670392036
GAS,BAD,UCB_WITHOUT_VAE_UNCERTAINTY,42,Q loss,8,0.014588956721127033
GAS,BAD,UCB_WITHOUT_VAE_UNCERTAINTY,42,Q loss,9,0.0156552791595459
GAS,BAD,UCB_WITHOUT_VAE_UNCERTAINTY,42,Q loss,10,0.015867354348301888
GAS,BAD,UCB_WITHOUT_VAE_UNCERTAINTY,42,Q loss,11,0.012726962566375732
GAS,BAD,UCB_WITHOUT_VAE_UNCERTAINTY,42,Q loss,12,0.014244070276618004
GAS,BAD,UCB_WITHOUT_VAE_UNCERTAINTY,42,Q loss,13,0.022741105407476425
GAS,BAD,UCB_WITHOUT_VAE_UNCERTAINTY,42,Q loss,14,0.014171278104186058
GAS,BAD,UCB_WITHOUT_VAE_UNCERTAINTY,42,Q loss,15,0.010493047535419464
GAS,BAD,UCB_WITHOUT_VAE_UNCERTAINTY,42,Q loss,16,0.01792769879102707
GAS,BAD,UCB_WITHOUT_VAE_UNCERTAINTY,42,Q loss,17,0.022611813619732857
GAS,BAD,UCB_WITHOUT_VAE_UNCERTAINTY,42,Q loss,18,0.014971104450523853
GAS,BAD,UCB_WITHOUT_VAE_UNCERTAINTY,42,Q loss,19,0.011337478645145893
GAS,BAD,UCB_WITHOUT_VAE_UNCERTAINTY,42,Q loss,20,0.02284228801727295
GAS,BAD,UCB_WITHOUT_VAE_UNCERTAINTY,42,Q loss,21,0.020152196288108826
GAS,BAD,UCB_WITHOUT_VAE_UNCERTAINTY,42,Q loss,22,0.026067344471812248
GAS,BAD,UCB_WITHOUT_VAE_UNCERTAINTY,42,Q loss,23,0.031205477192997932
GAS,BAD,UCB_WITHOUT_VAE_UNCERTAINTY,42,Q loss,24,0.010791831649839878
GAS,BAD,UCB_WITHOUT_VAE_UNCERTAINTY,42,Q loss,25,0.011218097060918808
GAS,BAD,UCB_WITHOUT_VAE_UNCERTAINTY,42,Q loss,26,0.007791730109602213
GAS,BAD,UCB_WITHOUT_VAE_UNCERTAINTY,42,Q loss,27,0.014956562779843807
GAS,BAD,UCB_WITHOUT_VAE_UNCERTAINTY,42,Q loss,28,0.02108997106552124
GAS,BAD,UCB_WITHOUT_VAE_UNCERTAINTY,42,Q loss,29,0.01967000588774681
GAS,BAD,UCB_WITHOUT_VAE_UNCERTAINTY,42,Q loss,30,0.015119818970561028
GAS,BAD,UCB_WITHOUT_VAE_UNCERTAINTY,42,Q loss,31,0.029906146228313446
GAS,BAD,UCB_WITHOUT_VAE_UNCERTAINTY,42,Q loss,32,0.012018132954835892
GAS,BAD,UCB_WITHOUT_VAE_UNCERTAINTY,42,Q loss,33,0.010722825303673744
GAS,BAD,UCB_WITHOUT_VAE_UNCERTAINTY,42,Q loss,34,0.022667743265628815
GAS,BAD,UCB_WITHOUT_VAE_UNCERTAINTY,42,Q loss,35,0.03146729990839958
GAS,BAD,UCB_WITHOUT_VAE_UNCERTAINTY,42,Q loss,36,0.013371947221457958
GAS,BAD,UCB_WITHOUT_VAE_UNCERTAINTY,42,Q loss,37,0.010883735492825508
GAS,BAD,UCB_WITHOUT_VAE_UNCERTAINTY,42,Q loss,38,0.017138633877038956
GAS,BAD,UCB_WITHOUT_VAE_UNCERTAINTY,42,Q loss,39,0.017324917018413544
GAS,BAD,UCB_WITHOUT_VAE_UNCERTAINTY,42,Q loss,40,0.021190647035837173
GAS,BAD,UCB_WITHOUT_VAE_UNCERTAINTY,42,Q loss,41,0.024261951446533203
GAS,BAD,UCB_WITHOUT_VAE_UNCERTAINTY,42,Q loss,42,0.013256632722914219
GAS,BAD,UCB_WITHOUT_VAE_UNCERTAINTY,42,Q loss,43,0.009443029761314392
GAS,BAD,UCB_WITHOUT_VAE_UNCERTAINTY,42,Q loss,44,0.008627736940979958
GAS,BAD,UCB_WITHOUT_VAE_UNCERTAINTY,42,Q loss,45,0.01588338613510132
GAS,BAD,UCB_WITHOUT_VAE_UNCERTAINTY,42,Q loss,46,0.018376842141151428
GAS,BAD,UCB_WITHOUT_VAE_UNCERTAINTY,42,Q loss,47,0.015889495611190796
GAS,BAD,UCB_WITHOUT_VAE_UNCERTAINTY,42,Q loss,48,0.012575711123645306
GAS,BAD,UCB_WITHOUT_VAE_UNCERTAINTY,42,Q loss,49,0.023852242156863213
GAS,BAD,UCB_WITHOUT_VAE_UNCERTAINTY,42,Q loss,50,0.009939666837453842
GAS,BAD,UCB_WITHOUT_VAE_UNCERTAINTY,42,Q loss,51,0.010383314453065395
GAS,BAD,UCB_WITHOUT_VAE_UNCERTAINTY,42,Q loss,52,0.017643209546804428
GAS,BAD,UCB_WITHOUT_VAE_UNCERTAINTY,42,Q loss,53,0.027077335864305496
GAS,BAD,UCB_WITHOUT_VAE_UNCERTAINTY,42,Q loss,54,0.01491848286241293
GAS,BAD,UCB_WITHOUT_VAE_UNCERTAINTY,42,Q loss,55,0.00991036370396614
GAS,BAD,UCB_WITHOUT_VAE_UNCERTAINTY,42,Q loss,56,0.012392465025186539
GAS,BAD,UCB_WITHOUT_VAE_UNCERTAINTY,42,Q loss,57,0.016002116724848747
GAS,BAD,UCB_WITHOUT_VAE_UNCERTAINTY,42,Q loss,58,0.015426279976963997
GAS,BAD,UCB_WITHOUT_VAE_UNCERTAINTY,42,Q loss,59,0.02126345969736576
GAS,BAD,UCB_WITHOUT_VAE_UNCERTAINTY,42,Q loss,60,0.011154646053910255
GAS,BAD,UCB_WITHOUT_VAE_UNCERTAINTY,42,Q loss,61,0.011460717767477036
GAS,BAD,UCB_WITHOUT_VAE_UNCERTAINTY,42,Q loss,62,0.007421437650918961
GAS,BAD,UCB_WITHOUT_VAE_UNCERTAINTY,42,Q loss,63,0.015653710812330246
GAS,BAD,UCB_WITHOUT_VAE_UNCERTAINTY,42,Q loss,64,0.01721656695008278
GAS,BAD,UCB_WITHOUT_VAE_UNCERTAINTY,42,Q loss,65,0.01610676199197769
GAS,BAD,UCB_WITHOUT_VAE_UNCERTAINTY,42,Q loss,66,0.011717841029167175
GAS,BAD,UCB_WITHOUT_VAE_UNCERTAINTY,42,Q loss,67,0.019968610256910324
GAS,BAD,UCB_WITHOUT_VAE_UNCERTAINTY,42,Q loss,68,0.014887219294905663
GAS,BAD,UCB_WITHOUT_VAE_UNCERTAINTY,42,Q loss,69,0.016179002821445465
GAS,BAD,UCB_WITHOUT_VAE_UNCERTAINTY,42,Q loss,70,0.017199646681547165
GAS,BAD,UCB_WITHOUT_VAE_UNCERTAINTY,42,Q loss,71,0.04075537249445915
GAS,BAD,UCB_WITHOUT_VAE_UNCERTAINTY,42,Q loss,72,0.011487103067338467
GAS,BAD,UCB_WITHOUT_VAE_UNCERTAINTY,42,Q loss,73,0.007272690534591675
GAS,BAD,UCB_WITHOUT_VAE_UNCERTAINTY,42,Q loss,74,0.011826894246041775
GAS,BAD,UCB_WITHOUT_VAE_UNCERTAINTY,42,Q loss,75,0.01807057484984398
GAS,BAD,UCB_WITHOUT_VAE_UNCERTAINTY,42,Q loss,76,0.01554291881620884
GAS,BAD,UCB_WITHOUT_VAE_UNCERTAINTY,42,Q loss,77,0.028636805713176727
GAS,BAD,UCB_WITHOUT_VAE_UNCERTAINTY,42,Q loss,78,0.0085441367700696
GAS,BAD,UCB_WITHOUT_VAE_UNCERTAINTY,42,Q loss,79,0.007481479085981846
GAS,BAD,UCB_WITHOUT_VAE_UNCERTAINTY,42,Q loss,80,0.006556486710906029
GAS,BAD,UCB_WITHOUT_VAE_UNCERTAINTY,42,Q loss,81,0.00623095640912652
GAS,BAD,UCB_WITHOUT_VAE_UNCERTAINTY,42,Q loss,82,0.01887001469731331
GAS,BAD,UCB_WITHOUT_VAE_UNCERTAINTY,42,Q loss,83,0.012067321687936783
GAS,BAD,UCB_WITHOUT_VAE_UNCERTAINTY,42,Q loss,84,0.00982888974249363
GAS,BAD,UCB_WITHOUT_VAE_UNCERTAINTY,42,Q loss,85,0.010122783482074738
GAS,BAD,UCB_WITHOUT_VAE_UNCERTAINTY,42,Q loss,86,0.010029109194874763
GAS,BAD,UCB_WITHOUT_VAE_UNCERTAINTY,42,Q loss,87,0.007756141014397144
GAS,BAD,UCB_WITHOUT_VAE_UNCERTAINTY,42,Q loss,88,0.010218178853392601
GAS,BAD,UCB_WITHOUT_VAE_UNCERTAINTY,42,Q loss,89,0.026255303993821144
GAS,BAD,UCB_WITHOUT_VAE_UNCERTAINTY,42,Q loss,90,0.009759947657585144
GAS,BAD,UCB_WITHOUT_VAE_UNCERTAINTY,42,Q loss,91,0.005866408348083496
GAS,BAD,UCB_WITHOUT_VAE_UNCERTAINTY,42,Q loss,92,0.009308969601988792
GAS,BAD,UCB_WITHOUT_VAE_UNCERTAINTY,42,Q loss,93,0.015126127749681473
GAS,BAD,UCB_WITHOUT_VAE_UNCERTAINTY,42,Q loss,94,0.012366967275738716
GAS,BAD,UCB_WITHOUT_VAE_UNCERTAINTY,42,Q loss,95,0.022252799943089485
GAS,BAD,UCB_WITHOUT_VAE_UNCERTAINTY,42,Q loss,96,0.007070636376738548
GAS,BAD,UCB_WITHOUT_VAE_UNCERTAINTY,42,Q loss,97,0.009610441513359547
GAS,BAD,UCB_WITHOUT_VAE_UNCERTAINTY,42,Q loss,98,0.006937882397323847
GAS,BAD,UCB_WITHOUT_VAE_UNCERTAINTY,42,Q loss,99,0.012582290917634964
GAS,BAD,UCB_WITHOUT_VAE_UNCERTAINTY,42,Q loss,100,0.012057684361934662
GAS,BAD,UCB_WITHOUT_VAE_UNCERTAINTY,42,Q loss,101,0.010563373565673828
GAS,BAD,UCB_WITHOUT_VAE_UNCERTAINTY,42,Q loss,102,0.010833607986569405
GAS,BAD,UCB_WITHOUT_VAE_UNCERTAINTY,42,Q loss,103,0.009968016296625137
GAS,BAD,UCB_WITHOUT_VAE_UNCERTAINTY,42,Q loss,104,0.012501902878284454
GAS,BAD,UCB_WITHOUT_VAE_UNCERTAINTY,42,Q loss,105,0.009168677031993866
GAS,BAD,UCB_WITHOUT_VAE_UNCERTAINTY,42,Q loss,106,0.01293380931019783
GAS,BAD,UCB_WITHOUT_VAE_UNCERTAINTY,42,Q loss,107,0.025696270167827606
GAS,BAD,UCB_WITHOUT_VAE_UNCERTAINTY,42,Q loss,108,0.008082243613898754
GAS,BAD,UCB_WITHOUT_VAE_UNCERTAINTY,42,Q loss,109,0.004474364221096039
GAS,BAD,UCB_WITHOUT_VAE_UNCERTAINTY,42,Q loss,110,0.0084946658462286
GAS,BAD,UCB_WITHOUT_VAE_UNCERTAINTY,42,Q loss,111,0.009445494040846825
GAS,BAD,UCB_WITHOUT_VAE_UNCERTAINTY,42,Q loss,112,0.009558308869600296
GAS,BAD,UCB_WITHOUT_VAE_UNCERTAINTY,42,Q loss,113,0.01288125105202198
GAS,BAD,UCB_WITHOUT_VAE_UNCERTAINTY,42,Q loss,114,0.004535900894552469
GAS,BAD,UCB_WITHOUT_VAE_UNCERTAINTY,42,Q loss,115,0.005998862907290459
GAS,BAD,UCB_WITHOUT_VAE_UNCERTAINTY,42,Q loss,116,0.00647092005237937
GAS,BAD,UCB_WITHOUT_VAE_UNCERTAINTY,42,Q loss,117,0.00761494692414999
GAS,BAD,UCB_WITHOUT_VAE_UNCERTAINTY,42,Q loss,118,0.009467731229960918
GAS,BAD,UCB_WITHOUT_VAE_UNCERTAINTY,42,Q loss,119,0.005209104623645544
GAS,BAD,UCB_WITHOUT_VAE_UNCERTAINTY,42,Q loss,120,0.006649570539593697
GAS,BAD,UCB_WITHOUT_VAE_UNCERTAINTY,42,Q loss,121,0.016808854416012764
GAS,BAD,UCB_WITHOUT_VAE_UNCERTAINTY,42,Q loss,122,0.0031691354233771563
GAS,BAD,UCB_WITHOUT_VAE_UNCERTAINTY,42,Q loss,123,0.010033102706074715
GAS,BAD,UCB_WITHOUT_VAE_UNCERTAINTY,42,Q loss,124,0.006891502067446709
GAS,BAD,UCB_WITHOUT_VAE_UNCERTAINTY,42,Q loss,125,0.01108879130333662
GAS,BAD,UCB_WITHOUT_VAE_UNCERTAINTY,42,Q loss,126,0.008851701393723488
GAS,BAD,UCB_WITHOUT_VAE_UNCERTAINTY,42,Q loss,127,0.0050361924804747105
GAS,BAD,UCB_WITHOUT_VAE_UNCERTAINTY,42,Q loss,128,0.013036591000854969
GAS,BAD,UCB_WITHOUT_VAE_UNCERTAINTY,42,Q loss,129,0.016707535833120346
GAS,BAD,UCB_WITHOUT_VAE_UNCERTAINTY,42,Q loss,130,0.008516975678503513
GAS,BAD,UCB_WITHOUT_VAE_UNCERTAINTY,42,Q loss,131,0.012432638555765152
GAS,BAD,UCB_WITHOUT_VAE_UNCERTAINTY,42,Q loss,132,0.005239807069301605
GAS,BAD,UCB_WITHOUT_VAE_UNCERTAINTY,42,Q loss,133,0.00581664452329278
GAS,BAD,UCB_WITHOUT_VAE_UNCERTAINTY,42,Q loss,134,0.001976804342120886
GAS,BAD,UCB_WITHOUT_VAE_UNCERTAINTY,42,Q loss,135,0.01002044789493084
GAS,BAD,UCB_WITHOUT_VAE_UNCERTAINTY,42,Q loss,136,0.007952071726322174
GAS,BAD,UCB_WITHOUT_VAE_UNCERTAINTY,42,Q loss,137,0.012117356061935425
GAS,BAD,UCB_WITHOUT_VAE_UNCERTAINTY,42,Q loss,138,0.0080212177708745
GAS,BAD,UCB_WITHOUT_VAE_UNCERTAINTY,42,Q loss,139,0.009222595021128654
GAS,BAD,UCB_WITHOUT_VAE_UNCERTAINTY,42,Q loss,140,0.003439206862822175
GAS,BAD,UCB_WITHOUT_VAE_UNCERTAINTY,42,Q loss,141,0.004788778256624937
GAS,BAD,UCB_WITHOUT_VAE_UNCERTAINTY,42,Q loss,142,0.008388268761336803
GAS,BAD,UCB_WITHOUT_VAE_UNCERTAINTY,42,Q loss,143,0.013948050327599049
GAS,BAD,UCB_WITHOUT_VAE_UNCERTAINTY,42,Q loss,144,0.002720045857131481
GAS,BAD,UCB_WITHOUT_VAE_UNCERTAINTY,42,Q loss,145,0.0050550648011267185
GAS,BAD,UCB_WITHOUT_VAE_UNCERTAINTY,42,Q loss,146,0.004402329679578543
GAS,BAD,UCB_WITHOUT_VAE_UNCERTAINTY,42,Q loss,147,0.014089586213231087
GAS,BAD,UCB_WITHOUT_VAE_UNCERTAINTY,42,Q loss,148,0.006548568606376648
GAS,BAD,UCB_WITHOUT_VAE_UNCERTAINTY,42,Q loss,149,0.014897976070642471
GAS,BAD,UCB_WITHOUT_VAE_UNCERTAINTY,42,Q loss,150,0.002917417325079441
GAS,BAD,UCB_WITHOUT_VAE_UNCERTAINTY,42,Q loss,151,0.002732204971835017
GAS,BAD,UCB_WITHOUT_VAE_UNCERTAINTY,42,Q loss,152,0.0031781229190528393
GAS,BAD,UCB_WITHOUT_VAE_UNCERTAINTY,42,Q loss,153,0.005343719385564327
GAS,BAD,UCB_WITHOUT_VAE_UNCERTAINTY,42,Q loss,154,0.0024651759304106236
GAS,BAD,UCB_WITHOUT_VAE_UNCERTAINTY,42,Q loss,155,0.006291989237070084
GAS,BAD,UCB_WITHOUT_VAE_UNCERTAINTY,42,Q loss,156,0.001999568659812212
GAS,BAD,UCB_WITHOUT_VAE_UNCERTAINTY,42,Q loss,157,0.009083877317607403
GAS,BAD,UCB_WITHOUT_VAE_UNCERTAINTY,42,Q loss,158,0.0040106200613081455
GAS,BAD,UCB_WITHOUT_VAE_UNCERTAINTY,42,Q loss,159,0.0023183589801192284
GAS,BAD,UCB_WITHOUT_VAE_UNCERTAINTY,42,Q loss,160,0.008258956484496593
GAS,BAD,UCB_WITHOUT_VAE_UNCERTAINTY,42,Q loss,161,0.006115495227277279
GAS,BAD,UCB_WITHOUT_VAE_UNCERTAINTY,42,Q loss,162,0.0039024788420647383
GAS,BAD,UCB_WITHOUT_VAE_UNCERTAINTY,42,Q loss,163,0.0016122593078762293
GAS,BAD,UCB_WITHOUT_VAE_UNCERTAINTY,42,Q loss,164,0.006690376438200474
GAS,BAD,UCB_WITHOUT_VAE_UNCERTAINTY,42,Q loss,165,0.003526153042912483
GAS,BAD,UCB_WITHOUT_VAE_UNCERTAINTY,42,Q loss,166,0.005901663564145565
GAS,BAD,UCB_WITHOUT_VAE_UNCERTAINTY,42,Q loss,167,0.01319026667624712
GAS,BAD,UCB_WITHOUT_VAE_UNCERTAINTY,42,Q loss,168,0.003578182775527239
GAS,BAD,UCB_WITHOUT_VAE_UNCERTAINTY,42,Q loss,169,0.00297264801338315
GAS,BAD,UCB_WITHOUT_VAE_UNCERTAINTY,42,Q loss,170,0.0010330919176340103
GAS,BAD,UCB_WITHOUT_VAE_UNCERTAINTY,42,Q loss,171,0.005019050557166338
GAS,BAD,UCB_WITHOUT_VAE_UNCERTAINTY,42,Q loss,172,0.003930213395506144
GAS,BAD,UCB_WITHOUT_VAE_UNCERTAINTY,42,Q loss,173,0.006645000074058771
GAS,BAD,UCB_WITHOUT_VAE_UNCERTAINTY,42,Q loss,174,0.005578605458140373
GAS,BAD,UCB_WITHOUT_VAE_UNCERTAINTY,42,Q loss,175,0.0030946717597544193
GAS,BAD,UCB_WITHOUT_VAE_UNCERTAINTY,42,Q loss,176,0.004118644632399082
GAS,BAD,UCB_WITHOUT_VAE_UNCERTAINTY,42,Q loss,177,0.0023509468883275986
GAS,BAD,UCB_WITHOUT_VAE_UNCERTAINTY,42,Q loss,178,0.004119102843105793
GAS,BAD,UCB_WITHOUT_VAE_UNCERTAINTY,42,Q loss,179,0.012388387694954872
GAS,BAD,UCB_WITHOUT_VAE_UNCERTAINTY,42,Q loss,180,0.006423733197152615
GAS,BAD,UCB_WITHOUT_VAE_UNCERTAINTY,42,Q loss,181,0.0019707921892404556
GAS,BAD,UCB_WITHOUT_VAE_UNCERTAINTY,42,Q loss,182,0.0025286993477493525
GAS,BAD,UCB_WITHOUT_VAE_UNCERTAINTY,42,Q loss,183,0.006567121017724276
GAS,BAD,UCB_WITHOUT_VAE_UNCERTAINTY,42,Q loss,184,0.004768791608512402
GAS,BAD,UCB_WITHOUT_VAE_UNCERTAINTY,42,Q loss,185,0.002007236937060952
GAS,BAD,UCB_WITHOUT_VAE_UNCERTAINTY,42,Q loss,186,0.0017960781697183847
GAS,BAD,UCB_WITHOUT_VAE_UNCERTAINTY,42,Q loss,187,0.003714649472385645
GAS,BAD,UCB_WITHOUT_VAE_UNCERTAINTY,42,Q loss,188,0.0025473698042333126
GAS,BAD,UCB_WITHOUT_VAE_UNCERTAINTY,42,Q loss,189,0.001410456607118249
GAS,BAD,UCB_WITHOUT_VAE_UNCERTAINTY,42,Q loss,190,0.005453028250485659
GAS,BAD,UCB_WITHOUT_VAE_UNCERTAINTY,42,Q loss,191,0.002614144468680024
GAS,BAD,UCB_WITHOUT_VAE_UNCERTAINTY,42,Q loss,192,0.0021820771507918835
GAS,BAD,UCB_WITHOUT_VAE_UNCERTAINTY,42,Q loss,193,0.006676322314888239
GAS,BAD,UCB_WITHOUT_VAE_UNCERTAINTY,42,Q loss,194,0.0034679577220231295
GAS,BAD,UCB_WITHOUT_VAE_UNCERTAINTY,42,Q loss,195,0.004324361681938171
GAS,BAD,UCB_WITHOUT_VAE_UNCERTAINTY,42,Q loss,196,0.003211589064449072
GAS,BAD,UCB_WITHOUT_VAE_UNCERTAINTY,42,Q loss,197,0.019907047972083092
GAS,BAD,UCB_WITHOUT_VAE_UNCERTAINTY,42,Q loss,198,0.004046826623380184
GAS,BAD,UCB_WITHOUT_VAE_UNCERTAINTY,42,Q loss,199,0.0012121389154344797
GAS,BAD,UCB_WITHOUT_VAE_UNCERTAINTY,42,Q loss,200,0.004090145230293274
GAS,BAD,UCB_WITHOUT_VAE_UNCERTAINTY,42,Q loss,201,0.001166407484561205
GAS,BAD,UCB_WITHOUT_VAE_UNCERTAINTY,42,Q loss,202,0.001679952722042799
GAS,BAD,UCB_WITHOUT_VAE_UNCERTAINTY,42,Q loss,203,0.0033398044761270285
GAS,BAD,UCB_WITHOUT_VAE_UNCERTAINTY,42,Q loss,204,0.002424452221021056
GAS,BAD,UCB_WITHOUT_VAE_UNCERTAINTY,42,Q loss,205,0.0017282479675486684
GAS,BAD,UCB_WITHOUT_VAE_UNCERTAINTY,42,Q loss,206,0.0015273099998012185
GAS,BAD,UCB_WITHOUT_VAE_UNCERTAINTY,42,Q loss,207,0.00246457033790648
GAS,BAD,UCB_WITHOUT_VAE_UNCERTAINTY,42,Q loss,208,0.0016449379036203027
GAS,BAD,UCB_WITHOUT_VAE_UNCERTAINTY,42,Q loss,209,0.004159374162554741
GAS,BAD,UCB_WITHOUT_VAE_UNCERTAINTY,42,Q loss,210,0.005836803466081619
GAS,BAD,UCB_WITHOUT_VAE_UNCERTAINTY,42,Q loss,211,0.0035731655079871416
GAS,BAD,UCB_WITHOUT_VAE_UNCERTAINTY,42,Q loss,212,0.0015564007917419076
GAS,BAD,UCB_WITHOUT_VAE_UNCERTAINTY,42,Q loss,213,0.0022096310276538134
GAS,BAD,UCB_WITHOUT_VAE_UNCERTAINTY,42,Q loss,214,0.003130023367702961
GAS,BAD,UCB_WITHOUT_VAE_UNCERTAINTY,42,Q loss,215,0.010038722306489944
GAS,BAD,UCB_WITHOUT_VAE_UNCERTAINTY,42,Q loss,216,0.002644642721861601
GAS,BAD,UCB_WITHOUT_VAE_UNCERTAINTY,42,Q loss,217,0.001732086529955268
GAS,BAD,UCB_WITHOUT_VAE_UNCERTAINTY,42,Q loss,218,0.000931286602281034
GAS,BAD,UCB_WITHOUT_VAE_UNCERTAINTY,42,Q loss,219,0.003286542370915413
GAS,BAD,UCB_WITHOUT_VAE_UNCERTAINTY,42,Q loss,220,0.0036561156157404184
GAS,BAD,UCB_WITHOUT_VAE_UNCERTAINTY,42,Q loss,221,0.0038648482877761126
GAS,BAD,UCB_WITHOUT_VAE_UNCERTAINTY,42,Q loss,222,0.00611967034637928
GAS,BAD,UCB_WITHOUT_VAE_UNCERTAINTY,42,Q loss,223,0.002087467350065708
GAS,BAD,UCB_WITHOUT_VAE_UNCERTAINTY,42,Q loss,224,0.000867142342031002
GAS,BAD,UCB_WITHOUT_VAE_UNCERTAINTY,42,Q loss,225,0.0010768144857138395
GAS,BAD,UCB_WITHOUT_VAE_UNCERTAINTY,42,Q loss,226,0.0022394456900656223
GAS,BAD,UCB_WITHOUT_VAE_UNCERTAINTY,42,Q loss,227,0.002044986467808485
GAS,BAD,UCB_WITHOUT_VAE_UNCERTAINTY,42,Q loss,228,0.0014019429218024015
GAS,BAD,UCB_WITHOUT_VAE_UNCERTAINTY,42,Q loss,229,0.0021238080225884914
GAS,BAD,UCB_WITHOUT_VAE_UNCERTAINTY,42,Q loss,230,0.0018953991821035743
GAS,BAD,UCB_WITHOUT_VAE_UNCERTAINTY,42,Q loss,231,0.0006665417458862066
GAS,BAD,UCB_WITHOUT_VAE_UNCERTAINTY,42,Q loss,232,0.0050090462900698185
GAS,BAD,UCB_WITHOUT_VAE_UNCERTAINTY,42,Q loss,233,0.005096771288663149
GAS,BAD,UCB_WITHOUT_VAE_UNCERTAINTY,42,Q loss,234,0.0006400813581421971
GAS,BAD,UCB_WITHOUT_VAE_UNCERTAINTY,42,Q loss,235,0.0008916379883885384
GAS,BAD,UCB_WITHOUT_VAE_UNCERTAINTY,42,Q loss,236,0.002761819399893284
GAS,BAD,UCB_WITHOUT_VAE_UNCERTAINTY,42,Q loss,237,0.0011230616364628077
GAS,BAD,UCB_WITHOUT_VAE_UNCERTAINTY,42,Q loss,238,0.0030339036602526903
GAS,BAD,UCB_WITHOUT_VAE_UNCERTAINTY,42,Q loss,239,0.004949380178004503
GAS,BAD,UCB_WITHOUT_VAE_UNCERTAINTY,42,Q loss,240,0.001016429509036243
GAS,BAD,UCB_WITHOUT_VAE_UNCERTAINTY,42,Q loss,241,0.0022957923356443644
GAS,BAD,UCB_WITHOUT_VAE_UNCERTAINTY,42,Q loss,242,0.002674439921975136
GAS,BAD,UCB_WITHOUT_VAE_UNCERTAINTY,42,Q loss,243,0.0014471074100583792
GAS,BAD,UCB_WITHOUT_VAE_UNCERTAINTY,42,Q loss,244,0.004478529095649719
GAS,BAD,UCB_WITHOUT_VAE_UNCERTAINTY,42,Q loss,245,0.0014887959696352482
GAS,BAD,UCB_WITHOUT_VAE_UNCERTAINTY,42,Q loss,246,0.00294362660497427
GAS,BAD,UCB_WITHOUT_VAE_UNCERTAINTY,42,Q loss,247,0.0015988912200555205
GAS,BAD,UCB_WITHOUT_VAE_UNCERTAINTY,42,Q loss,248,0.003080450464040041
GAS,BAD,UCB_WITHOUT_VAE_UNCERTAINTY,42,Q loss,249,0.002082205843180418
GAS,BAD,UCB_WITHOUT_VAE_UNCERTAINTY,42,Q loss,250,0.0026830919086933136
GAS,BAD,UCB_WITHOUT_VAE_UNCERTAINTY,42,Q loss,251,0.00830537173897028
GAS,BAD,UCB_WITHOUT_VAE_UNCERTAINTY,42,Q loss,252,0.0022310996428132057
GAS,BAD,UCB_WITHOUT_VAE_UNCERTAINTY,42,Q loss,253,0.0016226901207119226
GAS,BAD,UCB_WITHOUT_VAE_UNCERTAINTY,42,Q loss,254,0.0006611093413084745
GAS,BAD,UCB_WITHOUT_VAE_UNCERTAINTY,42,Q loss,255,0.0022041734773665667
GAS,BAD,UCB_WITHOUT_VAE_UNCERTAINTY,42,Q loss,256,0.0018646216485649347
GAS,BAD,UCB_WITHOUT_VAE_UNCERTAINTY,42,Q loss,257,0.00395424896851182
GAS,BAD,UCB_WITHOUT_VAE_UNCERTAINTY,42,Q loss,258,0.0011503039859235287
GAS,BAD,UCB_WITHOUT_VAE_UNCERTAINTY,42,Q loss,259,0.0011385235702618957
GAS,BAD,UCB_WITHOUT_VAE_UNCERTAINTY,42,Q loss,260,0.00038552668411284685
GAS,BAD,UCB_WITHOUT_VAE_UNCERTAINTY,42,Q loss,261,0.0005040341638959944
GAS,BAD,UCB_WITHOUT_VAE_UNCERTAINTY,42,Q loss,262,0.00098462775349617
GAS,BAD,UCB_WITHOUT_VAE_UNCERTAINTY,42,Q loss,263,0.0018355201464146376
GAS,BAD,UCB_WITHOUT_VAE_UNCERTAINTY,42,Q loss,264,0.001408880576491356
GAS,BAD,UCB_WITHOUT_VAE_UNCERTAINTY,42,Q loss,265,0.0042585646733641624
GAS,BAD,UCB_WITHOUT_VAE_UNCERTAINTY,42,Q loss,266,0.0006567934178747237
GAS,BAD,UCB_WITHOUT_VAE_UNCERTAINTY,42,Q loss,267,0.0011383630335330963
GAS,BAD,UCB_WITHOUT_VAE_UNCERTAINTY,42,Q loss,268,0.002813932253047824
GAS,BAD,UCB_WITHOUT_VAE_UNCERTAINTY,42,Q loss,269,0.0038267411291599274
GAS,BAD,UCB_WITHOUT_VAE_UNCERTAINTY,42,Q loss,270,0.0012492283713072538
GAS,BAD,UCB_WITHOUT_VAE_UNCERTAINTY,42,Q loss,271,0.001384554198011756
GAS,BAD,UCB_WITHOUT_VAE_UNCERTAINTY,42,Q loss,272,0.0009558045421727002
GAS,BAD,UCB_WITHOUT_VAE_UNCERTAINTY,42,Q loss,273,0.0026143607683479786
GAS,BAD,UCB_WITHOUT_VAE_UNCERTAINTY,42,Q loss,274,0.001179841929115355
GAS,BAD,UCB_WITHOUT_VAE_UNCERTAINTY,42,Q loss,275,0.00480008777230978
GAS,BAD,UCB_WITHOUT_VAE_UNCERTAINTY,42,Q loss,276,0.00533303851261735
GAS,BAD,UCB_WITHOUT_VAE_UNCERTAINTY,42,Q loss,277,0.001179440412670374
GAS,BAD,UCB_WITHOUT_VAE_UNCERTAINTY,42,Q loss,278,0.0010844375938177109
GAS,BAD,UCB_WITHOUT_VAE_UNCERTAINTY,42,Q loss,279,0.0028960281051695347
GAS,BAD,UCB_WITHOUT_VAE_UNCERTAINTY,42,Q loss,280,0.0018793721683323383
GAS,BAD,UCB_WITHOUT_VAE_UNCERTAINTY,42,Q loss,281,0.0031849434599280357
GAS,BAD,UCB_WITHOUT_VAE_UNCERTAINTY,42,Q loss,282,0.0036522806622087955
GAS,BAD,UCB_WITHOUT_VAE_UNCERTAINTY,42,Q loss,283,0.001577908406034112
GAS,BAD,UCB_WITHOUT_VAE_UNCERTAINTY,42,Q loss,284,0.0009716810891404748
GAS,BAD,UCB_WITHOUT_VAE_UNCERTAINTY,42,Q loss,285,0.001022671815007925
GAS,BAD,UCB_WITHOUT_VAE_UNCERTAINTY,42,Q loss,286,0.002132928464561701
GAS,BAD,UCB_WITHOUT_VAE_UNCERTAINTY,42,Q loss,287,0.00514199398458004
GAS,BAD,UCB_WITHOUT_VAE_UNCERTAINTY,42,Q loss,288,0.0008326959796249866
GAS,BAD,UCB_WITHOUT_VAE_UNCERTAINTY,42,Q loss,289,0.0010940935462713242
GAS,BAD,UCB_WITHOUT_VAE_UNCERTAINTY,42,Q loss,290,0.0004714747192338109
GAS,BAD,UCB_WITHOUT_VAE_UNCERTAINTY,42,Q loss,291,0.0016623559640720487
GAS,BAD,UCB_WITHOUT_VAE_UNCERTAINTY,42,Q loss,292,0.0021994903218001127
GAS,BAD,UCB_WITHOUT_VAE_UNCERTAINTY,42,Q loss,293,0.003236102405935526
GAS,BAD,UCB_WITHOUT_VAE_UNCERTAINTY,42,Q loss,294,0.0018633907893672585
GAS,BAD,UCB_WITHOUT_VAE_UNCERTAINTY,42,Q loss,295,0.0016628103330731392
GAS,BAD,UCB_WITHOUT_VAE_UNCERTAINTY,42,Q loss,296,0.00261539313942194
GAS,BAD,UCB_WITHOUT_VAE_UNCERTAINTY,42,Q loss,297,0.0017886071000248194
GAS,BAD,UCB_WITHOUT_VAE_UNCERTAINTY,42,Q loss,298,0.0039673312567174435
GAS,BAD,UCB_WITHOUT_VAE_UNCERTAINTY,42,Q loss,299,0.004180103540420532
GAS,BAD,UCB_WITHOUT_VAE_UNCERTAINTY,42,Q loss,300,0.00223992089740932
GAS,BAD,UCB_WITHOUT_VAE_UNCERTAINTY,42,Q loss,301,0.005746251903474331
GAS,BAD,UCB_WITHOUT_VAE_UNCERTAINTY,42,Q loss,302,0.000752499618101865
GAS,BAD,UCB_WITHOUT_VAE_UNCERTAINTY,42,Q loss,303,0.0010274247033521533
GAS,BAD,UCB_WITHOUT_VAE_UNCERTAINTY,42,Q loss,304,0.0008119151461869478
GAS,BAD,UCB_WITHOUT_VAE_UNCERTAINTY,42,Q loss,305,0.004873985890299082
GAS,BAD,UCB_WITHOUT_VAE_UNCERTAINTY,42,Q loss,306,0.0010059552732855082
GAS,BAD,UCB_WITHOUT_VAE_UNCERTAINTY,42,Q loss,307,0.0013489981647580862
GAS,BAD,UCB_WITHOUT_VAE_UNCERTAINTY,42,Q loss,308,0.002444694982841611
GAS,BAD,UCB_WITHOUT_VAE_UNCERTAINTY,42,Q loss,309,0.0028692693449556828
GAS,BAD,UCB_WITHOUT_VAE_UNCERTAINTY,42,Q loss,310,0.0020363819785416126
GAS,BAD,UCB_WITHOUT_VAE_UNCERTAINTY,42,Q loss,311,0.003355254651978612
GAS,BAD,UCB_WITHOUT_VAE_UNCERTAINTY,42,Q loss,312,0.0015115736750885844
GAS,BAD,UCB_WITHOUT_VAE_UNCERTAINTY,42,Q loss,313,0.0008405116386711597
GAS,BAD,UCB_WITHOUT_VAE_UNCERTAINTY,42,Q loss,314,0.0003718966618180275
GAS,BAD,UCB_WITHOUT_VAE_UNCERTAINTY,42,Q loss,315,0.0017814055318012834
GAS,BAD,UCB_WITHOUT_VAE_UNCERTAINTY,42,Q loss,316,0.0009654593886807561
GAS,BAD,UCB_WITHOUT_VAE_UNCERTAINTY,42,Q loss,317,0.001858259318396449
GAS,BAD,UCB_WITHOUT_VAE_UNCERTAINTY,42,Q loss,318,0.002916086232289672
GAS,BAD,UCB_WITHOUT_VAE_UNCERTAINTY,42,Q loss,319,0.006720609962940216
GAS,BAD,UCB_WITHOUT_VAE_UNCERTAINTY,42,Q loss,320,0.0015244224341586232
GAS,BAD,UCB_WITHOUT_VAE_UNCERTAINTY,42,Q loss,321,0.0005991499638184905
GAS,BAD,UCB_WITHOUT_VAE_UNCERTAINTY,42,Q loss,322,0.0009411440696567297
GAS,BAD,UCB_WITHOUT_VAE_UNCERTAINTY,42,Q loss,323,0.00455213338136673
GAS,BAD,UCB_WITHOUT_VAE_UNCERTAINTY,42,Q loss,324,0.00246448814868927
GAS,BAD,UCB_WITHOUT_VAE_UNCERTAINTY,42,Q loss,325,0.0016683859284967184
GAS,BAD,UCB_WITHOUT_VAE_UNCERTAINTY,42,Q loss,326,0.001144201261922717
GAS,BAD,UCB_WITHOUT_VAE_UNCERTAINTY,42,Q loss,327,0.0008009750745259225
GAS,BAD,UCB_WITHOUT_VAE_UNCERTAINTY,42,Q loss,328,0.00225213635712862
GAS,BAD,UCB_WITHOUT_VAE_UNCERTAINTY,42,Q loss,329,0.010945264250040054
GAS,BAD,UCB_WITHOUT_VAE_UNCERTAINTY,42,Q loss,330,0.0012096358695998788
GAS,BAD,UCB_WITHOUT_VAE_UNCERTAINTY,42,Q loss,331,0.0011771159479394555
GAS,BAD,UCB_WITHOUT_VAE_UNCERTAINTY,42,Q loss,332,0.0009375602239742875
GAS,BAD,UCB_WITHOUT_VAE_UNCERTAINTY,42,Q loss,333,0.0006064907647669315
GAS,BAD,UCB_WITHOUT_VAE_UNCERTAINTY,42,Q loss,334,0.0030161868780851364
GAS,BAD,UCB_WITHOUT_VAE_UNCERTAINTY,42,Q loss,335,0.002085065934807062
GAS,BAD,UCB_WITHOUT_VAE_UNCERTAINTY,42,Q loss,336,0.0005892690387554467
GAS,BAD,UCB_WITHOUT_VAE_UNCERTAINTY,42,Q loss,337,0.002273529302328825
GAS,BAD,UCB_WITHOUT_VAE_UNCERTAINTY,42,Q loss,338,0.0008324599475599825
GAS,BAD,UCB_WITHOUT_VAE_UNCERTAINTY,42,Q loss,339,0.00103001797106117
GAS,BAD,UCB_WITHOUT_VAE_UNCERTAINTY,42,Q loss,340,0.0007912474684417248
GAS,BAD,UCB_WITHOUT_VAE_UNCERTAINTY,42,Q loss,341,0.0030823664274066687
GAS,BAD,UCB_WITHOUT_VAE_UNCERTAINTY,42,Q loss,342,0.00047639093827456236
GAS,BAD,UCB_WITHOUT_VAE_UNCERTAINTY,42,Q loss,343,0.002080253092572093
GAS,BAD,UCB_WITHOUT_VAE_UNCERTAINTY,42,Q loss,344,0.0020378618501126766
GAS,BAD,UCB_WITHOUT_VAE_UNCERTAINTY,42,Q loss,345,0.002041660249233246
GAS,BAD,UCB_WITHOUT_VAE_UNCERTAINTY,42,Q loss,346,0.003201679792255163
GAS,BAD,UCB_WITHOUT_VAE_UNCERTAINTY,42,Q loss,347,0.0010527216363698244
GAS,BAD,UCB_WITHOUT_VAE_UNCERTAINTY,42,Q loss,348,0.0017052905168384314
GAS,BAD,UCB_WITHOUT_VAE_UNCERTAINTY,42,Q loss,349,0.0015184576623141766
GAS,BAD,UCB_WITHOUT_VAE_UNCERTAINTY,42,Q loss,350,0.0005780401406809688
GAS,BAD,UCB_WITHOUT_VAE_UNCERTAINTY,42,Q loss,351,0.0013645758153870702
GAS,BAD,UCB_WITHOUT_VAE_UNCERTAINTY,42,Q loss,352,0.0009586275555193424
GAS,BAD,UCB_WITHOUT_VAE_UNCERTAINTY,42,Q loss,353,0.001391021884046495
GAS,BAD,UCB_WITHOUT_VAE_UNCERTAINTY,42,Q loss,354,0.0007210221374407411
GAS,BAD,UCB_WITHOUT_VAE_UNCERTAINTY,42,Q loss,355,0.0021935193799436092
GAS,BAD,UCB_WITHOUT_VAE_UNCERTAINTY,42,Q loss,356,0.0018061063019558787
GAS,BAD,UCB_WITHOUT_VAE_UNCERTAINTY,42,Q loss,357,0.001176818972453475
GAS,BAD,UCB_WITHOUT_VAE_UNCERTAINTY,42,Q loss,358,0.008363991975784302
GAS,BAD,UCB_WITHOUT_VAE_UNCERTAINTY,42,Q loss,359,0.004561212845146656
GAS,BAD,UCB_WITHOUT_VAE_UNCERTAINTY,42,Q loss,360,0.0014272069092839956
GAS,BAD,UCB_WITHOUT_VAE_UNCERTAINTY,42,Q loss,361,0.0019841280300170183
GAS,BAD,UCB_WITHOUT_VAE_UNCERTAINTY,42,Q loss,362,0.0005882209516130388
GAS,BAD,UCB_WITHOUT_VAE_UNCERTAINTY,42,Q loss,363,0.0015404119621962309
GAS,BAD,UCB_WITHOUT_VAE_UNCERTAINTY,42,Q loss,364,0.0033295804169028997
GAS,BAD,UCB_WITHOUT_VAE_UNCERTAINTY,42,Q loss,365,0.0021257931366562843
GAS,BAD,UCB_WITHOUT_VAE_UNCERTAINTY,42,Q loss,366,0.0015840427950024605
GAS,BAD,UCB_WITHOUT_VAE_UNCERTAINTY,42,Q loss,367,0.0014676968567073345
GAS,BAD,UCB_WITHOUT_VAE_UNCERTAINTY,42,Q loss,368,0.0007519961218349636
GAS,BAD,UCB_WITHOUT_VAE_UNCERTAINTY,42,Q loss,369,0.003026373451575637
GAS,BAD,UCB_WITHOUT_VAE_UNCERTAINTY,42,Q loss,370,0.004210065584629774
GAS,BAD,UCB_WITHOUT_VAE_UNCERTAINTY,42,Q loss,371,0.0016497868346050382
GAS,BAD,UCB_WITHOUT_VAE_UNCERTAINTY,42,Q loss,372,0.0035318511072546244
GAS,BAD,UCB_WITHOUT_VAE_UNCERTAINTY,42,Q loss,373,0.004786791279911995
GAS,BAD,UCB_WITHOUT_VAE_UNCERTAINTY,42,Q loss,374,0.0010546408593654633
GAS,BAD,UCB_WITHOUT_VAE_UNCERTAINTY,42,Q loss,375,0.0011006081476807594
GAS,BAD,UCB_WITHOUT_VAE_UNCERTAINTY,42,Q loss,376,0.0012908228673040867
GAS,BAD,UCB_WITHOUT_VAE_UNCERTAINTY,42,Q loss,377,0.006320965476334095
GAS,BAD,UCB_WITHOUT_VAE_UNCERTAINTY,42,Q loss,378,0.001985701732337475
GAS,BAD,UCB_WITHOUT_VAE_UNCERTAINTY,42,Q loss,379,0.001206439919769764
GAS,BAD,UCB_WITHOUT_VAE_UNCERTAINTY,42,Q loss,380,0.002882968168705702
GAS,BAD,UCB_WITHOUT_VAE_UNCERTAINTY,42,Q loss,381,0.004042473156005144
GAS,BAD,UCB_WITHOUT_VAE_UNCERTAINTY,42,Q loss,382,0.0026196776889264584
GAS,BAD,UCB_WITHOUT_VAE_UNCERTAINTY,42,Q loss,383,0.0006296415813267231
GAS,BAD,UCB_WITHOUT_VAE_UNCERTAINTY,42,Q loss,384,0.0013348159845918417
GAS,BAD,UCB_WITHOUT_VAE_UNCERTAINTY,42,Q loss,385,0.0011668155202642083
GAS,BAD,UCB_WITHOUT_VAE_UNCERTAINTY,42,Q loss,386,0.0036558802239596844
GAS,BAD,UCB_WITHOUT_VAE_UNCERTAINTY,42,Q loss,387,0.001112272497266531
GAS,BAD,UCB_WITHOUT_VAE_UNCERTAINTY,42,Q loss,388,0.0013288591289892793
GAS,BAD,UCB_WITHOUT_VAE_UNCERTAINTY,42,Q loss,389,0.005363043397665024
GAS,BAD,UCB_WITHOUT_VAE_UNCERTAINTY,42,Q loss,390,0.0017926120199263096
GAS,BAD,UCB_WITHOUT_VAE_UNCERTAINTY,42,Q loss,391,0.0009408866171725094
GAS,BAD,UCB_WITHOUT_VAE_UNCERTAINTY,42,Q loss,392,0.00033782675745896995
GAS,BAD,UCB_WITHOUT_VAE_UNCERTAINTY,42,Q loss,393,0.0008624858455732465
GAS,BAD,UCB_WITHOUT_VAE_UNCERTAINTY,42,Q loss,394,0.003807402215898037
GAS,BAD,UCB_WITHOUT_VAE_UNCERTAINTY,42,Q loss,395,0.0061506349593400955
GAS,BAD,UCB_WITHOUT_VAE_UNCERTAINTY,42,Q loss,396,0.0014232932589948177
GAS,BAD,UCB_WITHOUT_VAE_UNCERTAINTY,42,Q loss,397,0.0010264025768265128
GAS,BAD,UCB_WITHOUT_VAE_UNCERTAINTY,42,Q loss,398,0.005669502541422844
GAS,BAD,UCB_WITHOUT_VAE_UNCERTAINTY,42,Q loss,399,0.004010987468063831
GAS,BAD,UCB_WITHOUT_VAE_UNCERTAINTY,42,Q loss,400,0.002080256585031748
GAS,BAD,UCB_WITHOUT_VAE_UNCERTAINTY,42,Q loss,401,0.006228665355592966
GAS,BAD,UCB_WITHOUT_VAE_UNCERTAINTY,42,Q loss,402,0.000906796136405319
GAS,BAD,UCB_WITHOUT_VAE_UNCERTAINTY,42,Q loss,403,0.002651757560670376
GAS,BAD,UCB_WITHOUT_VAE_UNCERTAINTY,42,Q loss,404,0.0006957732257433236
GAS,BAD,UCB_WITHOUT_VAE_UNCERTAINTY,42,Q loss,405,0.0011662208708003163
GAS,BAD,UCB_WITHOUT_VAE_UNCERTAINTY,42,Q loss,406,0.004719278775155544
GAS,BAD,UCB_WITHOUT_VAE_UNCERTAINTY,42,Q loss,407,0.001463503809645772
GAS,BAD,UCB_WITHOUT_VAE_UNCERTAINTY,42,Q loss,408,0.00125408498570323
GAS,BAD,UCB_WITHOUT_VAE_UNCERTAINTY,42,Q loss,409,0.0012222189689055085
GAS,BAD,UCB_WITHOUT_VAE_UNCERTAINTY,42,Q loss,410,0.0036725264508277178
GAS,BAD,UCB_WITHOUT_VAE_UNCERTAINTY,42,Q loss,411,0.001595516107045114
GAS,BAD,UCB_WITHOUT_VAE_UNCERTAINTY,42,Q loss,412,0.0009342378471046686
GAS,BAD,UCB_WITHOUT_VAE_UNCERTAINTY,42,Q loss,413,0.004753565415740013
GAS,BAD,UCB_WITHOUT_VAE_UNCERTAINTY,42,Q loss,414,0.0014061459805816412
GAS,BAD,UCB_WITHOUT_VAE_UNCERTAINTY,42,Q loss,415,0.0008616092381998897
GAS,BAD,UCB_WITHOUT_VAE_UNCERTAINTY,42,Q loss,416,0.0008461437537334859
GAS,BAD,UCB_WITHOUT_VAE_UNCERTAINTY,42,Q loss,417,0.0009780656546354294
GAS,BAD,UCB_WITHOUT_VAE_UNCERTAINTY,42,Q loss,418,0.001739754225127399
GAS,BAD,UCB_WITHOUT_VAE_UNCERTAINTY,42,Q loss,419,0.007590136490762234
GAS,BAD,UCB_WITHOUT_VAE_UNCERTAINTY,42,Q loss,420,0.002154590329155326
GAS,BAD,UCB_WITHOUT_VAE_UNCERTAINTY,42,Q loss,421,0.0011507871095091105
GAS,BAD,UCB_WITHOUT_VAE_UNCERTAINTY,42,Q loss,422,0.0003317560185678303
GAS,BAD,UCB_WITHOUT_VAE_UNCERTAINTY,42,Q loss,423,0.0007334844558499753
GAS,BAD,UCB_WITHOUT_VAE_UNCERTAINTY,42,Q loss,424,0.004338194150477648
GAS,BAD,UCB_WITHOUT_VAE_UNCERTAINTY,42,Q loss,425,0.001437897328287363
GAS,BAD,UCB_WITHOUT_VAE_UNCERTAINTY,42,Q loss,426,0.0009398682159371674
GAS,BAD,UCB_WITHOUT_VAE_UNCERTAINTY,42,Q loss,427,0.0023656028788536787
GAS,BAD,UCB_WITHOUT_VAE_UNCERTAINTY,42,Q loss,428,0.0007582623511552811
GAS,BAD,UCB_WITHOUT_VAE_UNCERTAINTY,42,Q loss,429,0.0011045517167076468
GAS,BAD,UCB_WITHOUT_VAE_UNCERTAINTY,42,Q loss,430,0.0012822238495573401
GAS,BAD,UCB_WITHOUT_VAE_UNCERTAINTY,42,Q loss,431,0.005303501151502132
GAS,BAD,UCB_WITHOUT_VAE_UNCERTAINTY,42,Q loss,432,0.0028114630840718746
GAS,BAD,UCB_WITHOUT_VAE_UNCERTAINTY,42,Q loss,433,0.0015779542736709118
GAS,BAD,UCB_WITHOUT_VAE_UNCERTAINTY,42,Q loss,434,0.00026299915043637156
GAS,BAD,UCB_WITHOUT_VAE_UNCERTAINTY,42,Q loss,435,0.0035790931433439255
GAS,BAD,UCB_WITHOUT_VAE_UNCERTAINTY,42,Q loss,436,0.001440173014998436
GAS,BAD,UCB_WITHOUT_VAE_UNCERTAINTY,42,Q loss,437,0.002106127329170704
GAS,BAD,UCB_WITHOUT_VAE_UNCERTAINTY,42,Q loss,438,0.0017696244176477194
GAS,BAD,UCB_WITHOUT_VAE_UNCERTAINTY,42,Q loss,439,0.0012437182012945414
GAS,BAD,UCB_WITHOUT_VAE_UNCERTAINTY,42,Q loss,440,0.0010532804299145937
GAS,BAD,UCB_WITHOUT_VAE_UNCERTAINTY,42,Q loss,441,0.0008151257643476129
GAS,BAD,UCB_WITHOUT_VAE_UNCERTAINTY,42,Q loss,442,0.0018136318540200591
GAS,BAD,UCB_WITHOUT_VAE_UNCERTAINTY,42,Q loss,443,0.00175341940484941
GAS,BAD,UCB_WITHOUT_VAE_UNCERTAINTY,42,Q loss,444,0.0007075140019878745
GAS,BAD,UCB_WITHOUT_VAE_UNCERTAINTY,42,Q loss,445,0.006670934148132801
GAS,BAD,UCB_WITHOUT_VAE_UNCERTAINTY,42,Q loss,446,0.005636709742248058
GAS,BAD,UCB_WITHOUT_VAE_UNCERTAINTY,42,Q loss,447,0.0006287540891207755
GAS,BAD,UCB_WITHOUT_VAE_UNCERTAINTY,42,Q loss,448,0.0009512825636193156
GAS,BAD,UCB_WITHOUT_VAE_UNCERTAINTY,42,Q loss,449,0.0034674215130507946
GAS,BAD,UCB_WITHOUT_VAE_UNCERTAINTY,42,Q loss,450,0.0019932924769818783
GAS,BAD,UCB_WITHOUT_VAE_UNCERTAINTY,42,Q loss,451,0.0016343933530151844
GAS,BAD,UCB_WITHOUT_VAE_UNCERTAINTY,42,Q loss,452,0.0023735109716653824
GAS,BAD,UCB_WITHOUT_VAE_UNCERTAINTY,42,Q loss,453,0.00438916077837348
GAS,BAD,UCB_WITHOUT_VAE_UNCERTAINTY,42,Q loss,454,0.003608733881264925
GAS,BAD,UCB_WITHOUT_VAE_UNCERTAINTY,42,Q loss,455,0.00212818942964077
GAS,BAD,UCB_WITHOUT_VAE_UNCERTAINTY,42,Q loss,456,0.001589435851201415
GAS,BAD,UCB_WITHOUT_VAE_UNCERTAINTY,42,Q loss,457,0.0010269932681694627
GAS,BAD,UCB_WITHOUT_VAE_UNCERTAINTY,42,Q loss,458,0.001090063713490963
GAS,BAD,UCB_WITHOUT_VAE_UNCERTAINTY,42,Q loss,459,0.0011217171559110284
GAS,BAD,UCB_WITHOUT_VAE_UNCERTAINTY,42,Q loss,460,0.0026191233191639185
GAS,BAD,UCB_WITHOUT_VAE_UNCERTAINTY,42,Q loss,461,0.0014075965154916048
GAS,BAD,UCB_WITHOUT_VAE_UNCERTAINTY,42,Q loss,462,0.0035560226533561945
GAS,BAD,UCB_WITHOUT_VAE_UNCERTAINTY,42,Q loss,463,0.0015051396330818534
GAS,BAD,UCB_WITHOUT_VAE_UNCERTAINTY,42,Q loss,464,0.0009610017878003418
GAS,BAD,UCB_WITHOUT_VAE_UNCERTAINTY,42,Q loss,465,0.0026970503386110067
GAS,BAD,UCB_WITHOUT_VAE_UNCERTAINTY,42,Q loss,466,0.0050919679924845695
GAS,BAD,UCB_WITHOUT_VAE_UNCERTAINTY,42,Q loss,467,0.004541757982224226
GAS,BAD,UCB_WITHOUT_VAE_UNCERTAINTY,42,Q loss,468,0.0010869126999750733
GAS,BAD,UCB_WITHOUT_VAE_UNCERTAINTY,42,Q loss,469,0.0014222098980098963
GAS,BAD,UCB_WITHOUT_VAE_UNCERTAINTY,42,Q loss,470,0.0025960667990148067
GAS,BAD,UCB_WITHOUT_VAE_UNCERTAINTY,42,Q loss,471,0.001841396326199174
GAS,BAD,UCB_WITHOUT_VAE_UNCERTAINTY,42,Q loss,472,0.002442516852170229
GAS,BAD,UCB_WITHOUT_VAE_UNCERTAINTY,42,Q loss,473,0.0036997124552726746
GAS,BAD,UCB_WITHOUT_VAE_UNCERTAINTY,42,Q loss,474,0.0012478572316467762
GAS,BAD,UCB_WITHOUT_VAE_UNCERTAINTY,42,Q loss,475,0.0023202747106552124
GAS,BAD,UCB_WITHOUT_VAE_UNCERTAINTY,42,Q loss,476,0.000730163068510592
GAS,BAD,UCB_WITHOUT_VAE_UNCERTAINTY,42,Q loss,477,0.0009088543010875583
GAS,BAD,UCB_WITHOUT_VAE_UNCERTAINTY,42,Q loss,478,0.004598379600793123
GAS,BAD,UCB_WITHOUT_VAE_UNCERTAINTY,42,Q loss,479,0.0008294287254102528
GAS,BAD,UCB_WITHOUT_VAE_UNCERTAINTY,42,Q loss,480,0.0026810765266418457
GAS,BAD,UCB_WITHOUT_VAE_UNCERTAINTY,42,Q loss,481,0.002535872394219041
GAS,BAD,UCB_WITHOUT_VAE_UNCERTAINTY,42,Q loss,482,0.0019183566328138113
GAS,BAD,UCB_WITHOUT_VAE_UNCERTAINTY,42,Q loss,483,0.0013651920016855001
GAS,BAD,UCB_WITHOUT_VAE_UNCERTAINTY,42,Q loss,484,0.0007027053507044911
GAS,BAD,UCB_WITHOUT_VAE_UNCERTAINTY,42,Q loss,485,0.003124805400148034
GAS,BAD,UCB_WITHOUT_VAE_UNCERTAINTY,42,Q loss,486,0.0010621607070788741
GAS,BAD,UCB_WITHOUT_VAE_UNCERTAINTY,42,Q loss,487,0.0011080345138907433
GAS,BAD,UCB_WITHOUT_VAE_UNCERTAINTY,42,Q loss,488,0.0038853026926517487
GAS,BAD,UCB_WITHOUT_VAE_UNCERTAINTY,42,Q loss,489,0.0008944441797211766
GAS,BAD,UCB_WITHOUT_VAE_UNCERTAINTY,42,Q loss,490,0.00114271673373878
GAS,BAD,UCB_WITHOUT_VAE_UNCERTAINTY,42,Q loss,491,0.005257428623735905
GAS,BAD,UCB_WITHOUT_VAE_UNCERTAINTY,42,Q loss,492,0.001324053155258298
GAS,BAD,UCB_WITHOUT_VAE_UNCERTAINTY,42,Q loss,493,0.001287619350478053
GAS,BAD,UCB_WITHOUT_VAE_UNCERTAINTY,42,Q loss,494,0.0005486668087542057
GAS,BAD,UCB_WITHOUT_VAE_UNCERTAINTY,42,Q loss,495,0.0006007082993164659
GAS,BAD,UCB_WITHOUT_VAE_UNCERTAINTY,42,Q loss,496,0.0015296335332095623
GAS,BAD,UCB_WITHOUT_VAE_UNCERTAINTY,42,Q loss,497,0.00252684042789042
GAS,BAD,UCB_WITHOUT_VAE_UNCERTAINTY,42,Q loss,498,0.0009123315685428679
GAS,BAD,UCB_WITHOUT_VAE_UNCERTAINTY,42,Q loss,499,0.001989983720704913
GAS,BAD,UCB_WITHOUT_VAE_UNCERTAINTY,42,Q loss,500,0.00042425101855769753
GAS,BAD,UCB_WITHOUT_VAE_UNCERTAINTY,42,Q loss,501,0.0011536846868693829
GAS,BAD,UCB_WITHOUT_VAE_UNCERTAINTY,42,Q loss,502,0.001352273509837687
GAS,BAD,UCB_WITHOUT_VAE_UNCERTAINTY,42,Q loss,503,0.002435082569718361
GAS,BAD,UCB_WITHOUT_VAE_UNCERTAINTY,42,Q loss,504,0.001906443852931261
GAS,BAD,UCB_WITHOUT_VAE_UNCERTAINTY,42,Q loss,505,0.0015362988924607635
GAS,BAD,UCB_WITHOUT_VAE_UNCERTAINTY,42,Q loss,506,0.004886232782155275
GAS,BAD,UCB_WITHOUT_VAE_UNCERTAINTY,42,Q loss,507,0.001963066402822733
GAS,BAD,UCB_WITHOUT_VAE_UNCERTAINTY,42,Q loss,508,0.0014540584525093436
GAS,BAD,UCB_WITHOUT_VAE_UNCERTAINTY,42,Q loss,509,0.0030373134650290012
GAS,BAD,UCB_WITHOUT_VAE_UNCERTAINTY,42,Q loss,510,0.000867433671373874
GAS,BAD,UCB_WITHOUT_VAE_UNCERTAINTY,42,Q loss,511,0.0013518045889213681
GAS,BAD,UCB_WITHOUT_VAE_UNCERTAINTY,42,Q loss,512,0.000386409112252295
GAS,BAD,UCB_WITHOUT_VAE_UNCERTAINTY,42,Q loss,513,0.0025175106711685658
GAS,BAD,UCB_WITHOUT_VAE_UNCERTAINTY,42,Q loss,514,0.0021466331090778112
GAS,BAD,UCB_WITHOUT_VAE_UNCERTAINTY,42,Q loss,515,0.002847123658284545
GAS,BAD,UCB_WITHOUT_VAE_UNCERTAINTY,42,Q loss,516,0.0019858619198203087
GAS,BAD,UCB_WITHOUT_VAE_UNCERTAINTY,42,Q loss,517,0.002191329374909401
GAS,BAD,UCB_WITHOUT_VAE_UNCERTAINTY,42,Q loss,518,0.0014552641659975052
GAS,BAD,UCB_WITHOUT_VAE_UNCERTAINTY,42,Q loss,519,0.0007594786584377289
GAS,BAD,UCB_WITHOUT_VAE_UNCERTAINTY,42,Q loss,520,0.0019626207649707794
GAS,BAD,UCB_WITHOUT_VAE_UNCERTAINTY,42,Q loss,521,0.003656856482848525
GAS,BAD,UCB_WITHOUT_VAE_UNCERTAINTY,42,Q loss,522,0.0006737621733918786
GAS,BAD,UCB_WITHOUT_VAE_UNCERTAINTY,42,Q loss,523,0.0007640667026862502
GAS,BAD,UCB_WITHOUT_VAE_UNCERTAINTY,42,Q loss,524,0.0008928951574489474
GAS,BAD,UCB_WITHOUT_VAE_UNCERTAINTY,42,Q loss,525,0.003550445893779397
GAS,BAD,UCB_WITHOUT_VAE_UNCERTAINTY,42,Q loss,526,0.0019995674956589937
GAS,BAD,UCB_WITHOUT_VAE_UNCERTAINTY,42,Q loss,527,0.003065559547394514
GAS,BAD,UCB_WITHOUT_VAE_UNCERTAINTY,42,Q loss,528,0.0019835871644318104
GAS,BAD,UCB_WITHOUT_VAE_UNCERTAINTY,42,Q loss,529,0.0012650811113417149
GAS,BAD,UCB_WITHOUT_VAE_UNCERTAINTY,42,Q loss,530,0.0017054147319868207
GAS,BAD,UCB_WITHOUT_VAE_UNCERTAINTY,42,Q loss,531,0.0013873594580218196
GAS,BAD,UCB_WITHOUT_VAE_UNCERTAINTY,42,Q loss,532,0.002039173152297735
GAS,BAD,UCB_WITHOUT_VAE_UNCERTAINTY,42,Q loss,533,0.0008624824695289135
GAS,BAD,UCB_WITHOUT_VAE_UNCERTAINTY,42,Q loss,534,0.0009369240724481642
GAS,BAD,UCB_WITHOUT_VAE_UNCERTAINTY,42,Q loss,535,0.003540591336786747
GAS,BAD,UCB_WITHOUT_VAE_UNCERTAINTY,42,Q loss,536,0.0023948396556079388
GAS,BAD,UCB_WITHOUT_VAE_UNCERTAINTY,42,Q loss,537,0.002573210746049881
GAS,BAD,UCB_WITHOUT_VAE_UNCERTAINTY,42,Q loss,538,0.0027452525682747364
GAS,BAD,UCB_WITHOUT_VAE_UNCERTAINTY,42,Q loss,539,0.00320235313847661
GAS,BAD,UCB_WITHOUT_VAE_UNCERTAINTY,42,Q loss,540,0.0019176313653588295
GAS,BAD,UCB_WITHOUT_VAE_UNCERTAINTY,42,Q loss,541,0.0009704981930553913
GAS,BAD,UCB_WITHOUT_VAE_UNCERTAINTY,42,Q loss,542,0.0006084117922000587
GAS,BAD,UCB_WITHOUT_VAE_UNCERTAINTY,42,Q loss,543,0.0008143654558807611
GAS,BAD,UCB_WITHOUT_VAE_UNCERTAINTY,42,Q loss,544,0.0015375856310129166
GAS,BAD,UCB_WITHOUT_VAE_UNCERTAINTY,42,Q loss,545,0.0016624577110633254
GAS,BAD,UCB_WITHOUT_VAE_UNCERTAINTY,42,Q loss,546,0.0014330280246213078
GAS,BAD,UCB_WITHOUT_VAE_UNCERTAINTY,42,Q loss,547,0.0005965428426861763
GAS,BAD,UCB_WITHOUT_VAE_UNCERTAINTY,42,Q loss,548,0.001316069858148694
GAS,BAD,UCB_WITHOUT_VAE_UNCERTAINTY,42,Q loss,549,0.0006526339566335082
GAS,BAD,UCB_WITHOUT_VAE_UNCERTAINTY,42,Q loss,550,0.0031829664949327707
GAS,BAD,UCB_WITHOUT_VAE_UNCERTAINTY,42,Q loss,551,0.0013042716309428215
GAS,BAD,UCB_WITHOUT_VAE_UNCERTAINTY,42,Q loss,552,0.0018817340023815632
GAS,BAD,UCB_WITHOUT_VAE_UNCERTAINTY,42,Q loss,553,0.0022145090624690056
GAS,BAD,UCB_WITHOUT_VAE_UNCERTAINTY,42,Q loss,554,0.0007936275214888155
GAS,BAD,UCB_WITHOUT_VAE_UNCERTAINTY,42,Q loss,555,0.0024929619394242764
GAS,BAD,UCB_WITHOUT_VAE_UNCERTAINTY,42,Q loss,556,0.00175871467217803
GAS,BAD,UCB_WITHOUT_VAE_UNCERTAINTY,42,Q loss,557,0.006343890447169542
GAS,BAD,UCB_WITHOUT_VAE_UNCERTAINTY,42,Q loss,558,0.0020512910559773445
GAS,BAD,UCB_WITHOUT_VAE_UNCERTAINTY,42,Q loss,559,0.0027784546837210655
GAS,BAD,UCB_WITHOUT_VAE_UNCERTAINTY,42,Q loss,560,0.0007256745011545718
GAS,BAD,UCB_WITHOUT_VAE_UNCERTAINTY,42,Q loss,561,0.0008835417684167624
GAS,BAD,UCB_WITHOUT_VAE_UNCERTAINTY,42,Q loss,562,0.00227951817214489
GAS,BAD,UCB_WITHOUT_VAE_UNCERTAINTY,42,Q loss,563,0.0016371551901102066
GAS,BAD,UCB_WITHOUT_VAE_UNCERTAINTY,42,Q loss,564,0.0015360971447080374
GAS,BAD,UCB_WITHOUT_VAE_UNCERTAINTY,42,Q loss,565,0.0006116824224591255
GAS,BAD,UCB_WITHOUT_VAE_UNCERTAINTY,42,Q loss,566,0.0010597135405987501
GAS,BAD,UCB_WITHOUT_VAE_UNCERTAINTY,42,Q loss,567,0.001580617274157703
GAS,BAD,UCB_WITHOUT_VAE_UNCERTAINTY,42,Q loss,568,0.002202412113547325
GAS,BAD,UCB_WITHOUT_VAE_UNCERTAINTY,42,Q loss,569,0.002393020549789071
GAS,BAD,UCB_WITHOUT_VAE_UNCERTAINTY,42,Q loss,570,0.003603479126468301
GAS,BAD,UCB_WITHOUT_VAE_UNCERTAINTY,42,Q loss,571,0.0010328646749258041
GAS,BAD,UCB_WITHOUT_VAE_UNCERTAINTY,42,Q loss,572,0.003370497841387987
GAS,BAD,UCB_WITHOUT_VAE_UNCERTAINTY,42,Q loss,573,0.0012515764683485031
GAS,BAD,UCB_WITHOUT_VAE_UNCERTAINTY,42,Q loss,574,0.0013609868474304676
GAS,BAD,UCB_WITHOUT_VAE_UNCERTAINTY,42,Q loss,575,0.0019209845922887325
GAS,BAD,UCB_WITHOUT_VAE_UNCERTAINTY,42,Q loss,576,0.0018326377030462027
GAS,BAD,UCB_WITHOUT_VAE_UNCERTAINTY,42,Q loss,577,0.0018679557833820581
GAS,BAD,UCB_WITHOUT_VAE_UNCERTAINTY,42,Q loss,578,0.0002642116160131991
GAS,BAD,UCB_WITHOUT_VAE_UNCERTAINTY,42,Q loss,579,0.0009137392626143992
GAS,BAD,UCB_WITHOUT_VAE_UNCERTAINTY,42,Q loss,580,0.0011840746738016605
GAS,BAD,UCB_WITHOUT_VAE_UNCERTAINTY,42,Q loss,581,0.0006693483446724713
GAS,BAD,UCB_WITHOUT_VAE_UNCERTAINTY,42,Q loss,582,0.0009398312540724874
GAS,BAD,UCB_WITHOUT_VAE_UNCERTAINTY,42,Q loss,583,0.0012894668616354465
GAS,BAD,UCB_WITHOUT_VAE_UNCERTAINTY,42,Q loss,584,0.0007536347839049995
GAS,BAD,UCB_WITHOUT_VAE_UNCERTAINTY,42,Q loss,585,0.0007312861271202564
GAS,BAD,UCB_WITHOUT_VAE_UNCERTAINTY,42,Q loss,586,0.000919509504456073
GAS,BAD,UCB_WITHOUT_VAE_UNCERTAINTY,42,Q loss,587,0.0022050021216273308
GAS,BAD,UCB_WITHOUT_VAE_UNCERTAINTY,42,Q loss,588,0.0025702975690364838
GAS,BAD,UCB_WITHOUT_VAE_UNCERTAINTY,42,Q loss,589,0.003302379511296749
GAS,BAD,UCB_WITHOUT_VAE_UNCERTAINTY,42,Q loss,590,0.00045363407116383314
GAS,BAD,UCB_WITHOUT_VAE_UNCERTAINTY,42,Q loss,591,0.00300061097368598
GAS,BAD,UCB_WITHOUT_VAE_UNCERTAINTY,42,Q loss,592,0.0007411472615785897
GAS,BAD,UCB_WITHOUT_VAE_UNCERTAINTY,42,Q loss,593,0.002746781799942255
GAS,BAD,UCB_WITHOUT_VAE_UNCERTAINTY,42,Q loss,594,0.0013695297529920936
GAS,BAD,UCB_WITHOUT_VAE_UNCERTAINTY,42,Q loss,595,0.0016974043101072311
GAS,BAD,UCB_WITHOUT_VAE_UNCERTAINTY,42,Q loss,596,0.0019507898250594735
GAS,BAD,UCB_WITHOUT_VAE_UNCERTAINTY,42,Q loss,597,0.001960037974640727
GAS,BAD,UCB_WITHOUT_VAE_UNCERTAINTY,42,Q loss,598,0.0013355251867324114
GAS,BAD,UCB_WITHOUT_VAE_UNCERTAINTY,42,Q loss,599,0.005288826301693916
GAS,BAD,UCB_WITHOUT_VAE_UNCERTAINTY,42,Q loss,600,0.002038818085566163
GAS,BAD,UCB_WITHOUT_VAE_UNCERTAINTY,42,Q loss,601,0.0007799966260790825
GAS,BAD,UCB_WITHOUT_VAE_UNCERTAINTY,42,Q loss,602,0.0004208735772408545
GAS,BAD,UCB_WITHOUT_VAE_UNCERTAINTY,42,Q loss,603,0.001171525102108717
GAS,BAD,UCB_WITHOUT_VAE_UNCERTAINTY,42,Q loss,604,0.0007753593381494284
GAS,BAD,UCB_WITHOUT_VAE_UNCERTAINTY,42,Q loss,605,0.0016734239179641008
GAS,BAD,UCB_WITHOUT_VAE_UNCERTAINTY,42,Q loss,606,0.0008242834592238069
GAS,BAD,UCB_WITHOUT_VAE_UNCERTAINTY,42,Q loss,607,0.002854377729818225
GAS,BAD,UCB_WITHOUT_VAE_UNCERTAINTY,42,Q loss,608,0.0009261256200261414
GAS,BAD,UCB_WITHOUT_VAE_UNCERTAINTY,42,Q loss,609,0.0016791194211691618
GAS,BAD,UCB_WITHOUT_VAE_UNCERTAINTY,42,Q loss,610,0.0012284396216273308
GAS,BAD,UCB_WITHOUT_VAE_UNCERTAINTY,42,Q loss,611,0.004774748347699642
GAS,BAD,UCB_WITHOUT_VAE_UNCERTAINTY,42,Q loss,612,0.0008192402310669422
GAS,BAD,UCB_WITHOUT_VAE_UNCERTAINTY,42,Q loss,613,0.0007649068720638752
GAS,BAD,UCB_WITHOUT_VAE_UNCERTAINTY,42,Q loss,614,0.0033608190715312958
GAS,BAD,UCB_WITHOUT_VAE_UNCERTAINTY,42,Q loss,615,0.0011070581385865808
GAS,BAD,UCB_WITHOUT_VAE_UNCERTAINTY,42,Q loss,616,0.0025933904107660055
GAS,BAD,UCB_WITHOUT_VAE_UNCERTAINTY,42,Q loss,617,0.00254895375110209
GAS,BAD,UCB_WITHOUT_VAE_UNCERTAINTY,42,Q loss,618,0.0010185011196881533
GAS,BAD,UCB_WITHOUT_VAE_UNCERTAINTY,42,Q loss,619,0.0008087301393970847
GAS,BAD,UCB_WITHOUT_VAE_UNCERTAINTY,42,Q loss,620,0.0009014889365062118
GAS,BAD,UCB_WITHOUT_VAE_UNCERTAINTY,42,Q loss,621,0.0021266471594572067
GAS,BAD,UCB_WITHOUT_VAE_UNCERTAINTY,42,Q loss,622,0.002836893778294325
GAS,BAD,UCB_WITHOUT_VAE_UNCERTAINTY,42,Q loss,623,0.0012752012116834521
GAS,BAD,UCB_WITHOUT_VAE_UNCERTAINTY,42,Q loss,624,0.003102758666500449
GAS,BAD,UCB_WITHOUT_VAE_UNCERTAINTY,42,Q loss,625,0.002195194363594055
GAS,BAD,UCB_WITHOUT_VAE_UNCERTAINTY,42,Q loss,626,0.0006080683087930083
GAS,BAD,UCB_WITHOUT_VAE_UNCERTAINTY,42,Q loss,627,0.000571040203794837
GAS,BAD,UCB_WITHOUT_VAE_UNCERTAINTY,42,Q loss,628,0.0006022047018632293
GAS,BAD,UCB_WITHOUT_VAE_UNCERTAINTY,42,Q loss,629,0.00640603294596076
GAS,BAD,UCB_WITHOUT_VAE_UNCERTAINTY,42,Q loss,630,0.001585938036441803
GAS,BAD,UCB_WITHOUT_VAE_UNCERTAINTY,42,Q loss,631,0.0014431914314627647
GAS,BAD,UCB_WITHOUT_VAE_UNCERTAINTY,42,Q loss,632,0.0022203526459634304
GAS,BAD,UCB_WITHOUT_VAE_UNCERTAINTY,42,Q loss,633,0.001443521585315466
GAS,BAD,UCB_WITHOUT_VAE_UNCERTAINTY,42,Q loss,634,0.003975908271968365
GAS,BAD,UCB_WITHOUT_VAE_UNCERTAINTY,42,Q loss,635,0.0017978501273319125
GAS,BAD,UCB_WITHOUT_VAE_UNCERTAINTY,42,Q loss,636,0.001786460867151618
GAS,BAD,UCB_WITHOUT_VAE_UNCERTAINTY,42,Q loss,637,0.00042784225661307573
GAS,BAD,UCB_WITHOUT_VAE_UNCERTAINTY,42,Q loss,638,0.0007824242347851396
GAS,BAD,UCB_WITHOUT_VAE_UNCERTAINTY,42,Q loss,639,0.0006594410515390337
GAS,BAD,UCB_WITHOUT_VAE_UNCERTAINTY,42,Q loss,640,0.005533216986805201
GAS,BAD,UCB_WITHOUT_VAE_UNCERTAINTY,42,Q loss,641,0.001829497399739921
GAS,BAD,UCB_WITHOUT_VAE_UNCERTAINTY,42,Q loss,642,0.0017539151012897491
GAS,BAD,UCB_WITHOUT_VAE_UNCERTAINTY,42,Q loss,643,0.000561489665415138
GAS,BAD,UCB_WITHOUT_VAE_UNCERTAINTY,42,Q loss,644,0.0018478763522580266
GAS,BAD,UCB_WITHOUT_VAE_UNCERTAINTY,42,Q loss,645,0.0007467464311048388
GAS,BAD,UCB_WITHOUT_VAE_UNCERTAINTY,42,Q loss,646,0.0019983025267720222
GAS,BAD,UCB_WITHOUT_VAE_UNCERTAINTY,42,Q loss,647,0.003926747944205999
GAS,BAD,UCB_WITHOUT_VAE_UNCERTAINTY,42,Q loss,648,0.001302284188568592
GAS,BAD,UCB_WITHOUT_VAE_UNCERTAINTY,42,Q loss,649,0.0006017510895617306
GAS,BAD,UCB_WITHOUT_VAE_UNCERTAINTY,42,Q loss,650,0.001602053176611662
GAS,BAD,UCB_WITHOUT_VAE_UNCERTAINTY,42,Q loss,651,0.0027635847218334675
GAS,BAD,UCB_WITHOUT_VAE_UNCERTAINTY,42,Q loss,652,0.0014834790490567684
GAS,BAD,UCB_WITHOUT_VAE_UNCERTAINTY,42,Q loss,653,0.0009262500680051744
GAS,BAD,UCB_WITHOUT_VAE_UNCERTAINTY,42,Q loss,654,0.0006210011197254062
GAS,BAD,UCB_WITHOUT_VAE_UNCERTAINTY,42,Q loss,655,0.001582867233082652
GAS,BAD,UCB_WITHOUT_VAE_UNCERTAINTY,42,Q loss,656,0.0007913761655800045
GAS,BAD,UCB_WITHOUT_VAE_UNCERTAINTY,42,Q loss,657,0.0012317749205976725
GAS,BAD,UCB_WITHOUT_VAE_UNCERTAINTY,42,Q loss,658,0.0009101070463657379
GAS,BAD,UCB_WITHOUT_VAE_UNCERTAINTY,42,Q loss,659,0.0015426321187987924
GAS,BAD,UCB_WITHOUT_VAE_UNCERTAINTY,42,Q loss,660,0.0016618531662970781
GAS,BAD,UCB_WITHOUT_VAE_UNCERTAINTY,42,Q loss,661,0.0009525794885121286
GAS,BAD,UCB_WITHOUT_VAE_UNCERTAINTY,42,Q loss,662,0.001990591874346137
GAS,BAD,UCB_WITHOUT_VAE_UNCERTAINTY,42,Q loss,663,0.0009396822424605489
GAS,BAD,UCB_WITHOUT_VAE_UNCERTAINTY,42,Q loss,664,0.0030848183669149876
GAS,BAD,UCB_WITHOUT_VAE_UNCERTAINTY,42,Q loss,665,0.003694858169183135
GAS,BAD,UCB_WITHOUT_VAE_UNCERTAINTY,42,Q loss,666,0.001098476815968752
GAS,BAD,UCB_WITHOUT_VAE_UNCERTAINTY,42,Q loss,667,0.0018526017665863037
GAS,BAD,UCB_WITHOUT_VAE_UNCERTAINTY,42,Q loss,668,0.002119074109941721
GAS,BAD,UCB_WITHOUT_VAE_UNCERTAINTY,42,Q loss,669,0.0014829086139798164
GAS,BAD,UCB_WITHOUT_VAE_UNCERTAINTY,42,Q loss,670,0.0015898648416623473
GAS,BAD,UCB_WITHOUT_VAE_UNCERTAINTY,42,Q loss,671,0.0010140088852494955
GAS,BAD,UCB_WITHOUT_VAE_UNCERTAINTY,42,Q loss,672,0.001803152495995164
GAS,BAD,UCB_WITHOUT_VAE_UNCERTAINTY,42,Q loss,673,0.0009155225125141442
GAS,BAD,UCB_WITHOUT_VAE_UNCERTAINTY,42,Q loss,674,0.0009904971811920404
GAS,BAD,UCB_WITHOUT_VAE_UNCERTAINTY,42,Q loss,675,0.0014083734713494778
GAS,BAD,UCB_WITHOUT_VAE_UNCERTAINTY,42,Q loss,676,0.0017589633353054523
GAS,BAD,UCB_WITHOUT_VAE_UNCERTAINTY,42,Q loss,677,0.0015670417342334986
GAS,BAD,UCB_WITHOUT_VAE_UNCERTAINTY,42,Q loss,678,0.000602749758400023
GAS,BAD,UCB_WITHOUT_VAE_UNCERTAINTY,42,Q loss,679,0.0008849473088048398
GAS,BAD,UCB_WITHOUT_VAE_UNCERTAINTY,42,Q loss,680,0.0016316036926582456
GAS,BAD,UCB_WITHOUT_VAE_UNCERTAINTY,42,Q loss,681,0.0004335969570092857
GAS,BAD,UCB_WITHOUT_VAE_UNCERTAINTY,42,Q loss,682,0.0045655276626348495
GAS,BAD,UCB_WITHOUT_VAE_UNCERTAINTY,42,Q loss,683,0.0033813389018177986
GAS,BAD,UCB_WITHOUT_VAE_UNCERTAINTY,42,Q loss,684,0.0003498258301988244
GAS,BAD,UCB_WITHOUT_VAE_UNCERTAINTY,42,Q loss,685,0.0007000301266089082
GAS,BAD,UCB_WITHOUT_VAE_UNCERTAINTY,42,Q loss,686,0.004391505848616362
GAS,BAD,UCB_WITHOUT_VAE_UNCERTAINTY,42,Q loss,687,0.0036339126527309418
GAS,BAD,UCB_WITHOUT_VAE_UNCERTAINTY,42,Q loss,688,0.002430024091154337
GAS,BAD,UCB_WITHOUT_VAE_UNCERTAINTY,42,Q loss,689,0.002960636280477047
GAS,BAD,UCB_WITHOUT_VAE_UNCERTAINTY,42,Q loss,690,0.001095830462872982
GAS,BAD,UCB_WITHOUT_VAE_UNCERTAINTY,42,Q loss,691,0.000881325569935143
GAS,BAD,UCB_WITHOUT_VAE_UNCERTAINTY,42,Q loss,692,0.0005786519031971693
GAS,BAD,UCB_WITHOUT_VAE_UNCERTAINTY,42,Q loss,693,0.0006851323414593935
GAS,BAD,UCB_WITHOUT_VAE_UNCERTAINTY,42,Q loss,694,0.0020130430348217487
GAS,BAD,UCB_WITHOUT_VAE_UNCERTAINTY,42,Q loss,695,0.0008399058715440333
GAS,BAD,UCB_WITHOUT_VAE_UNCERTAINTY,42,Q loss,696,0.0008148483466356993
GAS,BAD,UCB_WITHOUT_VAE_UNCERTAINTY,42,Q loss,697,0.0020476633217185736
GAS,BAD,UCB_WITHOUT_VAE_UNCERTAINTY,42,Q loss,698,0.0029939983505755663
GAS,BAD,UCB_WITHOUT_VAE_UNCERTAINTY,42,Q loss,699,0.00274099363014102
GAS,BAD,UCB_WITHOUT_VAE_UNCERTAINTY,42,Q loss,700,0.0007319205906242132
GAS,BAD,UCB_WITHOUT_VAE_UNCERTAINTY,42,Q loss,701,0.008355262689292431
GAS,BAD,UCB_WITHOUT_VAE_UNCERTAINTY,42,Q loss,702,0.0011482774280011654
GAS,BAD,UCB_WITHOUT_VAE_UNCERTAINTY,42,Q loss,703,0.0014873356558382511
GAS,BAD,UCB_WITHOUT_VAE_UNCERTAINTY,42,Q loss,704,0.0006883085006847978
GAS,BAD,UCB_WITHOUT_VAE_UNCERTAINTY,42,Q loss,705,0.002931040246039629
GAS,BAD,UCB_WITHOUT_VAE_UNCERTAINTY,42,Q loss,706,0.002648640191182494
GAS,BAD,UCB_WITHOUT_VAE_UNCERTAINTY,42,Q loss,707,0.0025085508823394775
GAS,BAD,UCB_WITHOUT_VAE_UNCERTAINTY,42,Q loss,708,0.0010984987020492554
GAS,BAD,UCB_WITHOUT_VAE_UNCERTAINTY,42,Q loss,709,0.0015999890165403485
GAS,BAD,UCB_WITHOUT_VAE_UNCERTAINTY,42,Q loss,710,0.0011417546775192022
GAS,BAD,UCB_WITHOUT_VAE_UNCERTAINTY,42,Q loss,711,0.002412566915154457
GAS,BAD,UCB_WITHOUT_VAE_UNCERTAINTY,42,Q loss,712,0.0017961969133466482
GAS,BAD,UCB_WITHOUT_VAE_UNCERTAINTY,42,Q loss,713,0.0026039443910121918
GAS,BAD,UCB_WITHOUT_VAE_UNCERTAINTY,42,Q loss,714,0.0010829189559444785
GAS,BAD,UCB_WITHOUT_VAE_UNCERTAINTY,42,Q loss,715,0.0013340380974113941
GAS,BAD,UCB_WITHOUT_VAE_UNCERTAINTY,42,Q loss,716,0.0003540613688528538
GAS,BAD,UCB_WITHOUT_VAE_UNCERTAINTY,42,Q loss,717,0.0012084407499060035
GAS,BAD,UCB_WITHOUT_VAE_UNCERTAINTY,42,Q loss,718,0.002584652742370963
GAS,BAD,UCB_WITHOUT_VAE_UNCERTAINTY,42,Q loss,719,0.0025322851724922657
GAS,BAD,UCB_WITHOUT_VAE_UNCERTAINTY,42,Q loss,720,0.0009455076069571078
GAS,BAD,UCB_WITHOUT_VAE_UNCERTAINTY,42,Q loss,721,0.0009488068171776831
GAS,BAD,UCB_WITHOUT_VAE_UNCERTAINTY,42,Q loss,722,0.002731231041252613
GAS,BAD,UCB_WITHOUT_VAE_UNCERTAINTY,42,Q loss,723,0.0006035672267898917
GAS,BAD,UCB_WITHOUT_VAE_UNCERTAINTY,42,Q loss,724,0.0032485504634678364
GAS,BAD,UCB_WITHOUT_VAE_UNCERTAINTY,42,Q loss,725,0.0008210111409425735
GAS,BAD,UCB_WITHOUT_VAE_UNCERTAINTY,42,Q loss,726,0.0017696557333692908
GAS,BAD,UCB_WITHOUT_VAE_UNCERTAINTY,42,Q loss,727,0.0005005641141906381
GAS,BAD,UCB_WITHOUT_VAE_UNCERTAINTY,42,Q loss,728,0.0008228120859712362
GAS,BAD,UCB_WITHOUT_VAE_UNCERTAINTY,42,Q loss,729,0.0014765106607228518
GAS,BAD,UCB_WITHOUT_VAE_UNCERTAINTY,42,Q loss,730,0.0018152178963646293
GAS,BAD,UCB_WITHOUT_VAE_UNCERTAINTY,42,Q loss,731,0.0009939468000084162
GAS,BAD,UCB_WITHOUT_VAE_UNCERTAINTY,42,Q loss,732,0.0009307725122198462
GAS,BAD,UCB_WITHOUT_VAE_UNCERTAINTY,42,Q loss,733,0.003812322160229087
GAS,BAD,UCB_WITHOUT_VAE_UNCERTAINTY,42,Q loss,734,0.001040233881212771
GAS,BAD,UCB_WITHOUT_VAE_UNCERTAINTY,42,Q loss,735,0.0005769358831457794
GAS,BAD,UCB_WITHOUT_VAE_UNCERTAINTY,42,Q loss,736,0.0019255767110735178
GAS,BAD,UCB_WITHOUT_VAE_UNCERTAINTY,42,Q loss,737,0.003145993687212467
GAS,BAD,UCB_WITHOUT_VAE_UNCERTAINTY,42,Q loss,738,0.001374505925923586
GAS,BAD,UCB_WITHOUT_VAE_UNCERTAINTY,42,Q loss,739,0.0012113305274397135
GAS,BAD,UCB_WITHOUT_VAE_UNCERTAINTY,42,Q loss,740,0.002370422473177314
GAS,BAD,UCB_WITHOUT_VAE_UNCERTAINTY,42,Q loss,741,0.0012372398050501943
GAS,BAD,UCB_WITHOUT_VAE_UNCERTAINTY,42,Q loss,742,0.0014994177035987377
GAS,BAD,UCB_WITHOUT_VAE_UNCERTAINTY,42,Q loss,743,0.003393949009478092
GAS,BAD,UCB_WITHOUT_VAE_UNCERTAINTY,42,Q loss,744,0.0012990192044526339
GAS,BAD,UCB_WITHOUT_VAE_UNCERTAINTY,42,Q loss,745,0.0018977823201566935
GAS,BAD,UCB_WITHOUT_VAE_UNCERTAINTY,42,Q loss,746,0.0005889727035537362
GAS,BAD,UCB_WITHOUT_VAE_UNCERTAINTY,42,Q loss,747,0.0007886186940595508
GAS,BAD,UCB_WITHOUT_VAE_UNCERTAINTY,42,Q loss,748,0.003507638815790415
GAS,BAD,UCB_WITHOUT_VAE_UNCERTAINTY,42,Q loss,749,0.0017510737525299191
GAS,BAD,UCB_WITHOUT_VAE_UNCERTAINTY,42,Q loss,750,0.003872377797961235
GAS,BAD,UCB_WITHOUT_VAE_UNCERTAINTY,42,Q loss,751,0.0015306785935536027
GAS,BAD,UCB_WITHOUT_VAE_UNCERTAINTY,42,Q loss,752,0.0020651142112910748
GAS,BAD,UCB_WITHOUT_VAE_UNCERTAINTY,42,Q loss,753,0.0023068313021212816
GAS,BAD,UCB_WITHOUT_VAE_UNCERTAINTY,42,Q loss,754,0.0035299761220812798
GAS,BAD,UCB_WITHOUT_VAE_UNCERTAINTY,42,Q loss,755,0.0021802594419568777
GAS,BAD,UCB_WITHOUT_VAE_UNCERTAINTY,42,Q loss,756,0.0015591162955388427
GAS,BAD,UCB_WITHOUT_VAE_UNCERTAINTY,42,Q loss,757,0.002448353450745344
GAS,BAD,UCB_WITHOUT_VAE_UNCERTAINTY,42,Q loss,758,0.002145655220374465
GAS,BAD,UCB_WITHOUT_VAE_UNCERTAINTY,42,Q loss,759,0.0005603148601949215
GAS,BAD,UCB_WITHOUT_VAE_UNCERTAINTY,42,Q loss,760,0.0009239352075383067
GAS,BAD,UCB_WITHOUT_VAE_UNCERTAINTY,42,Q loss,761,0.0032298569567501545
GAS,BAD,UCB_WITHOUT_VAE_UNCERTAINTY,42,Q loss,762,0.0008768169209361076
GAS,BAD,UCB_WITHOUT_VAE_UNCERTAINTY,42,Q loss,763,0.0020710942335426807
GAS,BAD,UCB_WITHOUT_VAE_UNCERTAINTY,42,Q loss,764,0.0003517073346301913
GAS,BAD,UCB_WITHOUT_VAE_UNCERTAINTY,42,Q loss,765,0.0022829226218163967
GAS,BAD,UCB_WITHOUT_VAE_UNCERTAINTY,42,Q loss,766,0.0015438452828675508
GAS,BAD,UCB_WITHOUT_VAE_UNCERTAINTY,42,Q loss,767,0.001144904876127839
GAS,BAD,UCB_WITHOUT_VAE_UNCERTAINTY,42,Q loss,768,0.0011717518791556358
GAS,BAD,UCB_WITHOUT_VAE_UNCERTAINTY,42,Q loss,769,0.0015518463915213943
GAS,BAD,UCB_WITHOUT_VAE_UNCERTAINTY,42,Q loss,770,0.0003787506138905883
GAS,BAD,UCB_WITHOUT_VAE_UNCERTAINTY,42,Q loss,771,0.0008938944083638489
GAS,BAD,UCB_WITHOUT_VAE_UNCERTAINTY,42,Q loss,772,0.0029561102855950594
GAS,BAD,UCB_WITHOUT_VAE_UNCERTAINTY,42,Q loss,773,0.0038810379337519407
GAS,BAD,UCB_WITHOUT_VAE_UNCERTAINTY,42,Q loss,774,0.0007248941110447049
GAS,BAD,UCB_WITHOUT_VAE_UNCERTAINTY,42,Q loss,775,0.0008035013452172279
GAS,BAD,UCB_WITHOUT_VAE_UNCERTAINTY,42,Q loss,776,0.002521098591387272
GAS,BAD,UCB_WITHOUT_VAE_UNCERTAINTY,42,Q loss,777,0.0010125042172148824
GAS,BAD,UCB_WITHOUT_VAE_UNCERTAINTY,42,Q loss,778,0.0025247388985008
GAS,BAD,UCB_WITHOUT_VAE_UNCERTAINTY,42,Q loss,779,0.0022218686062842607
GAS,BAD,UCB_WITHOUT_VAE_UNCERTAINTY,42,Q loss,780,0.00282395351678133
GAS,BAD,UCB_WITHOUT_VAE_UNCERTAINTY,42,Q loss,781,0.0008750517154112458
GAS,BAD,UCB_WITHOUT_VAE_UNCERTAINTY,42,Q loss,782,0.0005562733858823776
GAS,BAD,UCB_WITHOUT_VAE_UNCERTAINTY,42,Q loss,783,0.0015313999028876424
GAS,BAD,UCB_WITHOUT_VAE_UNCERTAINTY,42,Q loss,784,0.0009061828604899347
GAS,BAD,UCB_WITHOUT_VAE_UNCERTAINTY,42,Q loss,785,0.0012273387983441353
GAS,BAD,UCB_WITHOUT_VAE_UNCERTAINTY,42,Q loss,786,0.0007783375913277268
GAS,BAD,UCB_WITHOUT_VAE_UNCERTAINTY,42,Q loss,787,0.0008801762014627457
GAS,BAD,UCB_WITHOUT_VAE_UNCERTAINTY,42,Q loss,788,0.002097443677484989
GAS,BAD,UCB_WITHOUT_VAE_UNCERTAINTY,42,Q loss,789,0.000737639726139605
GAS,BAD,UCB_WITHOUT_VAE_UNCERTAINTY,42,Q loss,790,0.004632157273590565
GAS,BAD,UCB_WITHOUT_VAE_UNCERTAINTY,42,Q loss,791,0.0024601786863058805
GAS,BAD,UCB_WITHOUT_VAE_UNCERTAINTY,42,Q loss,792,0.0013734856620430946
GAS,BAD,UCB_WITHOUT_VAE_UNCERTAINTY,42,Q loss,793,0.0011310238623991609
GAS,BAD,UCB_WITHOUT_VAE_UNCERTAINTY,42,Q loss,794,0.0037413821555674076
GAS,BAD,UCB_WITHOUT_VAE_UNCERTAINTY,42,Q loss,795,0.0012287169229239225
GAS,BAD,UCB_WITHOUT_VAE_UNCERTAINTY,42,Q loss,796,0.0011013397015631199
GAS,BAD,UCB_WITHOUT_VAE_UNCERTAINTY,42,Q loss,797,0.0013697806280106306
GAS,BAD,UCB_WITHOUT_VAE_UNCERTAINTY,42,Q loss,798,0.0019148822175338864
GAS,BAD,UCB_WITHOUT_VAE_UNCERTAINTY,42,Q loss,799,0.0006875345716252923
GAS,BAD,UCB_WITHOUT_VAE_UNCERTAINTY,42,Q loss,800,0.0006278447108343244
GAS,BAD,UCB_WITHOUT_VAE_UNCERTAINTY,42,Q loss,801,0.000532186240889132
GAS,BAD,UCB_WITHOUT_VAE_UNCERTAINTY,42,Q loss,802,0.0012909919023513794
GAS,BAD,UCB_WITHOUT_VAE_UNCERTAINTY,42,Q loss,803,0.0015354848001152277
GAS,BAD,UCB_WITHOUT_VAE_UNCERTAINTY,42,Q loss,804,0.0006178293842822313
GAS,BAD,UCB_WITHOUT_VAE_UNCERTAINTY,42,Q loss,805,0.0009451310033909976
GAS,BAD,UCB_WITHOUT_VAE_UNCERTAINTY,42,Q loss,806,0.0024694865569472313
GAS,BAD,UCB_WITHOUT_VAE_UNCERTAINTY,42,Q loss,807,0.0011898959055542946
GAS,BAD,UCB_WITHOUT_VAE_UNCERTAINTY,42,Q loss,808,0.0031912412960082293
GAS,BAD,UCB_WITHOUT_VAE_UNCERTAINTY,42,Q loss,809,0.0018941133748739958
GAS,BAD,UCB_WITHOUT_VAE_UNCERTAINTY,42,Cost loss,0,0.11133748292922974
GAS,BAD,UCB_WITHOUT_VAE_UNCERTAINTY,42,Cost loss,1,0.10999757051467896
GAS,BAD,UCB_WITHOUT_VAE_UNCERTAINTY,42,Cost loss,2,0.10830891132354736
GAS,BAD,UCB_WITHOUT_VAE_UNCERTAINTY,42,Cost loss,3,0.10698087513446808
GAS,BAD,UCB_WITHOUT_VAE_UNCERTAINTY,42,Cost loss,4,0.10514900088310242
GAS,BAD,UCB_WITHOUT_VAE_UNCERTAINTY,42,Cost loss,5,0.10453952103853226
GAS,BAD,UCB_WITHOUT_VAE_UNCERTAINTY,42,Cost loss,6,0.10289871692657471
GAS,BAD,UCB_WITHOUT_VAE_UNCERTAINTY,42,Cost loss,7,0.10281193256378174
GAS,BAD,UCB_WITHOUT_VAE_UNCERTAINTY,42,Cost loss,8,0.10049661248922348
GAS,BAD,UCB_WITHOUT_VAE_UNCERTAINTY,42,Cost loss,9,0.09893879294395447
GAS,BAD,UCB_WITHOUT_VAE_UNCERTAINTY,42,Cost loss,10,0.09922721982002258
GAS,BAD,UCB_WITHOUT_VAE_UNCERTAINTY,42,Cost loss,11,0.09778150171041489
GAS,BAD,UCB_WITHOUT_VAE_UNCERTAINTY,42,Cost loss,12,0.09749273955821991
GAS,BAD,UCB_WITHOUT_VAE_UNCERTAINTY,42,Cost loss,13,0.09605203568935394
GAS,BAD,UCB_WITHOUT_VAE_UNCERTAINTY,42,Cost loss,14,0.09501977264881134
GAS,BAD,UCB_WITHOUT_VAE_UNCERTAINTY,42,Cost loss,15,0.09327106177806854
GAS,BAD,UCB_WITHOUT_VAE_UNCERTAINTY,42,Cost loss,16,0.09195763617753983
GAS,BAD,UCB_WITHOUT_VAE_UNCERTAINTY,42,Cost loss,17,0.09100383520126343
GAS,BAD,UCB_WITHOUT_VAE_UNCERTAINTY,42,Cost loss,18,0.09029722958803177
GAS,BAD,UCB_WITHOUT_VAE_UNCERTAINTY,42,Cost loss,19,0.08823633939027786
GAS,BAD,UCB_WITHOUT_VAE_UNCERTAINTY,42,Cost loss,20,0.08672841638326645
GAS,BAD,UCB_WITHOUT_VAE_UNCERTAINTY,42,Cost loss,21,0.08698047697544098
GAS,BAD,UCB_WITHOUT_VAE_UNCERTAINTY,42,Cost loss,22,0.08514486253261566
GAS,BAD,UCB_WITHOUT_VAE_UNCERTAINTY,42,Cost loss,23,0.08439020067453384
GAS,BAD,UCB_WITHOUT_VAE_UNCERTAINTY,42,Cost loss,24,0.0833202451467514
GAS,BAD,UCB_WITHOUT_VAE_UNCERTAINTY,42,Cost loss,25,0.08255080878734589
GAS,BAD,UCB_WITHOUT_VAE_UNCERTAINTY,42,Cost loss,26,0.08100128173828125
GAS,BAD,UCB_WITHOUT_VAE_UNCERTAINTY,42,Cost loss,27,0.08106265962123871
GAS,BAD,UCB_WITHOUT_VAE_UNCERTAINTY,42,Cost loss,28,0.07972437143325806
GAS,BAD,UCB_WITHOUT_VAE_UNCERTAINTY,42,Cost loss,29,0.07884795218706131
GAS,BAD,UCB_WITHOUT_VAE_UNCERTAINTY,42,Cost loss,30,0.07725971937179565
GAS,BAD,UCB_WITHOUT_VAE_UNCERTAINTY,42,Cost loss,31,0.0753214880824089
GAS,BAD,UCB_WITHOUT_VAE_UNCERTAINTY,42,Cost loss,32,0.07573134452104568
GAS,BAD,UCB_WITHOUT_VAE_UNCERTAINTY,42,Cost loss,33,0.07466164231300354
GAS,BAD,UCB_WITHOUT_VAE_UNCERTAINTY,42,Cost loss,34,0.0734010562300682
GAS,BAD,UCB_WITHOUT_VAE_UNCERTAINTY,42,Cost loss,35,0.07338203489780426
GAS,BAD,UCB_WITHOUT_VAE_UNCERTAINTY,42,Cost loss,36,0.07232983410358429
GAS,BAD,UCB_WITHOUT_VAE_UNCERTAINTY,42,Cost loss,37,0.07030841708183289
GAS,BAD,UCB_WITHOUT_VAE_UNCERTAINTY,42,Cost loss,38,0.0700024738907814
GAS,BAD,UCB_WITHOUT_VAE_UNCERTAINTY,42,Cost loss,39,0.06969666481018066
GAS,BAD,UCB_WITHOUT_VAE_UNCERTAINTY,42,Cost loss,40,0.06699947267770767
GAS,BAD,UCB_WITHOUT_VAE_UNCERTAINTY,42,Cost loss,41,0.06692041456699371
GAS,BAD,UCB_WITHOUT_VAE_UNCERTAINTY,42,Cost loss,42,0.06753627955913544
GAS,BAD,UCB_WITHOUT_VAE_UNCERTAINTY,42,Cost loss,43,0.06530636548995972
GAS,BAD,UCB_WITHOUT_VAE_UNCERTAINTY,42,Cost loss,44,0.06460878252983093
GAS,BAD,UCB_WITHOUT_VAE_UNCERTAINTY,42,Cost loss,45,0.062287576496601105
GAS,BAD,UCB_WITHOUT_VAE_UNCERTAINTY,42,Cost loss,46,0.06282700598239899
GAS,BAD,UCB_WITHOUT_VAE_UNCERTAINTY,42,Cost loss,47,0.061759237200021744
GAS,BAD,UCB_WITHOUT_VAE_UNCERTAINTY,42,Cost loss,48,0.06148780509829521
GAS,BAD,UCB_WITHOUT_VAE_UNCERTAINTY,42,Cost loss,49,0.060274939984083176
GAS,BAD,UCB_WITHOUT_VAE_UNCERTAINTY,42,Cost loss,50,0.05792562663555145
GAS,BAD,UCB_WITHOUT_VAE_UNCERTAINTY,42,Cost loss,51,0.0592336542904377
GAS,BAD,UCB_WITHOUT_VAE_UNCERTAINTY,42,Cost loss,52,0.056547947227954865
GAS,BAD,UCB_WITHOUT_VAE_UNCERTAINTY,42,Cost loss,53,0.05635467916727066
GAS,BAD,UCB_WITHOUT_VAE_UNCERTAINTY,42,Cost loss,54,0.05575799196958542
GAS,BAD,UCB_WITHOUT_VAE_UNCERTAINTY,42,Cost loss,55,0.05512000992894173
GAS,BAD,UCB_WITHOUT_VAE_UNCERTAINTY,42,Cost loss,56,0.053067661821842194
GAS,BAD,UCB_WITHOUT_VAE_UNCERTAINTY,42,Cost loss,57,0.0527203343808651
GAS,BAD,UCB_WITHOUT_VAE_UNCERTAINTY,42,Cost loss,58,0.052180010825395584
GAS,BAD,UCB_WITHOUT_VAE_UNCERTAINTY,42,Cost loss,59,0.050983548164367676
GAS,BAD,UCB_WITHOUT_VAE_UNCERTAINTY,42,Cost loss,60,0.05034899711608887
GAS,BAD,UCB_WITHOUT_VAE_UNCERTAINTY,42,Cost loss,61,0.04933514446020126
GAS,BAD,UCB_WITHOUT_VAE_UNCERTAINTY,42,Cost loss,62,0.049378734081983566
GAS,BAD,UCB_WITHOUT_VAE_UNCERTAINTY,42,Cost loss,63,0.04685592278838158
GAS,BAD,UCB_WITHOUT_VAE_UNCERTAINTY,42,Cost loss,64,0.047795284539461136
GAS,BAD,UCB_WITHOUT_VAE_UNCERTAINTY,42,Cost loss,65,0.045702870935201645
GAS,BAD,UCB_WITHOUT_VAE_UNCERTAINTY,42,Cost loss,66,0.0455973744392395
GAS,BAD,UCB_WITHOUT_VAE_UNCERTAINTY,42,Cost loss,67,0.04556414484977722
GAS,BAD,UCB_WITHOUT_VAE_UNCERTAINTY,42,Cost loss,68,0.044261328876018524
GAS,BAD,UCB_WITHOUT_VAE_UNCERTAINTY,42,Cost loss,69,0.041316695511341095
GAS,BAD,UCB_WITHOUT_VAE_UNCERTAINTY,42,Cost loss,70,0.04196900874376297
GAS,BAD,UCB_WITHOUT_VAE_UNCERTAINTY,42,Cost loss,71,0.041513603180646896
GAS,BAD,UCB_WITHOUT_VAE_UNCERTAINTY,42,Cost loss,72,0.04055561125278473
GAS,BAD,UCB_WITHOUT_VAE_UNCERTAINTY,42,Cost loss,73,0.03810054436326027
GAS,BAD,UCB_WITHOUT_VAE_UNCERTAINTY,42,Cost loss,74,0.03855448216199875
GAS,BAD,UCB_WITHOUT_VAE_UNCERTAINTY,42,Cost loss,75,0.0387115553021431
GAS,BAD,UCB_WITHOUT_VAE_UNCERTAINTY,42,Cost loss,76,0.03729834407567978
GAS,BAD,UCB_WITHOUT_VAE_UNCERTAINTY,42,Cost loss,77,0.036408960819244385
GAS,BAD,UCB_WITHOUT_VAE_UNCERTAINTY,42,Cost loss,78,0.03637968748807907
GAS,BAD,UCB_WITHOUT_VAE_UNCERTAINTY,42,Cost loss,79,0.03553027659654617
GAS,BAD,UCB_WITHOUT_VAE_UNCERTAINTY,42,Cost loss,80,0.03481324017047882
GAS,BAD,UCB_WITHOUT_VAE_UNCERTAINTY,42,Cost loss,81,0.03406378626823425
GAS,BAD,UCB_WITHOUT_VAE_UNCERTAINTY,42,Cost loss,82,0.03375643491744995
GAS,BAD,UCB_WITHOUT_VAE_UNCERTAINTY,42,Cost loss,83,0.03296275436878204
GAS,BAD,UCB_WITHOUT_VAE_UNCERTAINTY,42,Cost loss,84,0.0325956866145134
GAS,BAD,UCB_WITHOUT_VAE_UNCERTAINTY,42,Cost loss,85,0.03144683316349983
GAS,BAD,UCB_WITHOUT_VAE_UNCERTAINTY,42,Cost loss,86,0.03121461346745491
GAS,BAD,UCB_WITHOUT_VAE_UNCERTAINTY,42,Cost loss,87,0.030299458652734756
GAS,BAD,UCB_WITHOUT_VAE_UNCERTAINTY,42,Cost loss,88,0.029697038233280182
GAS,BAD,UCB_WITHOUT_VAE_UNCERTAINTY,42,Cost loss,89,0.029576145112514496
GAS,BAD,UCB_WITHOUT_VAE_UNCERTAINTY,42,Cost loss,90,0.03057456575334072
GAS,BAD,UCB_WITHOUT_VAE_UNCERTAINTY,42,Cost loss,91,0.02911679446697235
GAS,BAD,UCB_WITHOUT_VAE_UNCERTAINTY,42,Cost loss,92,0.02731066755950451
GAS,BAD,UCB_WITHOUT_VAE_UNCERTAINTY,42,Cost loss,93,0.027731211856007576
GAS,BAD,UCB_WITHOUT_VAE_UNCERTAINTY,42,Cost loss,94,0.025969482958316803
GAS,BAD,UCB_WITHOUT_VAE_UNCERTAINTY,42,Cost loss,95,0.026393383741378784
GAS,BAD,UCB_WITHOUT_VAE_UNCERTAINTY,42,Cost loss,96,0.02440859191119671
GAS,BAD,UCB_WITHOUT_VAE_UNCERTAINTY,42,Cost loss,97,0.023772308602929115
GAS,BAD,UCB_WITHOUT_VAE_UNCERTAINTY,42,Cost loss,98,0.024591971188783646
GAS,BAD,UCB_WITHOUT_VAE_UNCERTAINTY,42,Cost loss,99,0.023198142647743225
GAS,BAD,UCB_WITHOUT_VAE_UNCERTAINTY,42,Cost loss,100,0.023706108331680298
GAS,BAD,UCB_WITHOUT_VAE_UNCERTAINTY,42,Cost loss,101,0.024270329624414444
GAS,BAD,UCB_WITHOUT_VAE_UNCERTAINTY,42,Cost loss,102,0.023481745272874832
GAS,BAD,UCB_WITHOUT_VAE_UNCERTAINTY,42,Cost loss,103,0.02306782454252243
GAS,BAD,UCB_WITHOUT_VAE_UNCERTAINTY,42,Cost loss,104,0.02203863486647606
GAS,BAD,UCB_WITHOUT_VAE_UNCERTAINTY,42,Cost loss,105,0.021640492603182793
GAS,BAD,UCB_WITHOUT_VAE_UNCERTAINTY,42,Cost loss,106,0.022956950590014458
GAS,BAD,UCB_WITHOUT_VAE_UNCERTAINTY,42,Cost loss,107,0.020934339612722397
GAS,BAD,UCB_WITHOUT_VAE_UNCERTAINTY,42,Cost loss,108,0.02120176889002323
GAS,BAD,UCB_WITHOUT_VAE_UNCERTAINTY,42,Cost loss,109,0.021038614213466644
GAS,BAD,UCB_WITHOUT_VAE_UNCERTAINTY,42,Cost loss,110,0.02046055719256401
GAS,BAD,UCB_WITHOUT_VAE_UNCERTAINTY,42,Cost loss,111,0.01890522800385952
GAS,BAD,UCB_WITHOUT_VAE_UNCERTAINTY,42,Cost loss,112,0.01945479027926922
GAS,BAD,UCB_WITHOUT_VAE_UNCERTAINTY,42,Cost loss,113,0.01957031339406967
GAS,BAD,UCB_WITHOUT_VAE_UNCERTAINTY,42,Cost loss,114,0.018934138119220734
GAS,BAD,UCB_WITHOUT_VAE_UNCERTAINTY,42,Cost loss,115,0.018845032900571823
GAS,BAD,UCB_WITHOUT_VAE_UNCERTAINTY,42,Cost loss,116,0.01762547343969345
GAS,BAD,UCB_WITHOUT_VAE_UNCERTAINTY,42,Cost loss,117,0.016619928181171417
GAS,BAD,UCB_WITHOUT_VAE_UNCERTAINTY,42,Cost loss,118,0.017394712194800377
GAS,BAD,UCB_WITHOUT_VAE_UNCERTAINTY,42,Cost loss,119,0.01620837301015854
GAS,BAD,UCB_WITHOUT_VAE_UNCERTAINTY,42,Cost loss,120,0.015308059751987457
GAS,BAD,UCB_WITHOUT_VAE_UNCERTAINTY,42,Cost loss,121,0.015156315639615059
GAS,BAD,UCB_WITHOUT_VAE_UNCERTAINTY,42,Cost loss,122,0.014900143258273602
GAS,BAD,UCB_WITHOUT_VAE_UNCERTAINTY,42,Cost loss,123,0.014180321246385574
GAS,BAD,UCB_WITHOUT_VAE_UNCERTAINTY,42,Cost loss,124,0.01423193234950304
GAS,BAD,UCB_WITHOUT_VAE_UNCERTAINTY,42,Cost loss,125,0.012875869870185852
GAS,BAD,UCB_WITHOUT_VAE_UNCERTAINTY,42,Cost loss,126,0.013001685962080956
GAS,BAD,UCB_WITHOUT_VAE_UNCERTAINTY,42,Cost loss,127,0.012824798934161663
GAS,BAD,UCB_WITHOUT_VAE_UNCERTAINTY,42,Cost loss,128,0.012636955827474594
GAS,BAD,UCB_WITHOUT_VAE_UNCERTAINTY,42,Cost loss,129,0.01179479993879795
GAS,BAD,UCB_WITHOUT_VAE_UNCERTAINTY,42,Cost loss,130,0.011622955091297626
GAS,BAD,UCB_WITHOUT_VAE_UNCERTAINTY,42,Cost loss,131,0.011178581044077873
GAS,BAD,UCB_WITHOUT_VAE_UNCERTAINTY,42,Cost loss,132,0.01133495382964611
GAS,BAD,UCB_WITHOUT_VAE_UNCERTAINTY,42,Cost loss,133,0.010437455028295517
GAS,BAD,UCB_WITHOUT_VAE_UNCERTAINTY,42,Cost loss,134,0.011069688014686108
GAS,BAD,UCB_WITHOUT_VAE_UNCERTAINTY,42,Cost loss,135,0.010507052764296532
GAS,BAD,UCB_WITHOUT_VAE_UNCERTAINTY,42,Cost loss,136,0.010109130293130875
GAS,BAD,UCB_WITHOUT_VAE_UNCERTAINTY,42,Cost loss,137,0.009717128239572048
GAS,BAD,UCB_WITHOUT_VAE_UNCERTAINTY,42,Cost loss,138,0.009389171376824379
GAS,BAD,UCB_WITHOUT_VAE_UNCERTAINTY,42,Cost loss,139,0.008753914386034012
GAS,BAD,UCB_WITHOUT_VAE_UNCERTAINTY,42,Cost loss,140,0.009176475927233696
GAS,BAD,UCB_WITHOUT_VAE_UNCERTAINTY,42,Cost loss,141,0.009170686826109886
GAS,BAD,UCB_WITHOUT_VAE_UNCERTAINTY,42,Cost loss,142,0.008235250599682331
GAS,BAD,UCB_WITHOUT_VAE_UNCERTAINTY,42,Cost loss,143,0.00875316746532917
GAS,BAD,UCB_WITHOUT_VAE_UNCERTAINTY,42,Cost loss,144,0.008249117992818356
GAS,BAD,UCB_WITHOUT_VAE_UNCERTAINTY,43,Q loss,0,0.020843058824539185
GAS,BAD,UCB_WITHOUT_VAE_UNCERTAINTY,43,Q loss,1,0.018946463242173195
GAS,BAD,UCB_WITHOUT_VAE_UNCERTAINTY,43,Q loss,2,0.02133907936513424
GAS,BAD,UCB_WITHOUT_VAE_UNCERTAINTY,43,Q loss,3,0.012056756764650345
GAS,BAD,UCB_WITHOUT_VAE_UNCERTAINTY,43,Q loss,4,0.01845034398138523
GAS,BAD,UCB_WITHOUT_VAE_UNCERTAINTY,43,Q loss,5,0.028539903461933136
GAS,BAD,UCB_WITHOUT_VAE_UNCERTAINTY,43,Q loss,6,0.017182569950819016
GAS,BAD,UCB_WITHOUT_VAE_UNCERTAINTY,43,Q loss,7,0.015063663013279438
GAS,BAD,UCB_WITHOUT_VAE_UNCERTAINTY,43,Q loss,8,0.015954546630382538
GAS,BAD,UCB_WITHOUT_VAE_UNCERTAINTY,43,Q loss,9,0.03348112478852272
GAS,BAD,UCB_WITHOUT_VAE_UNCERTAINTY,43,Q loss,10,0.020171349868178368
GAS,BAD,UCB_WITHOUT_VAE_UNCERTAINTY,43,Q loss,11,0.02536957338452339
GAS,BAD,UCB_WITHOUT_VAE_UNCERTAINTY,43,Q loss,12,0.014697195962071419
GAS,BAD,UCB_WITHOUT_VAE_UNCERTAINTY,43,Q loss,13,0.015064042061567307
GAS,BAD,UCB_WITHOUT_VAE_UNCERTAINTY,43,Q loss,14,0.012528270483016968
GAS,BAD,UCB_WITHOUT_VAE_UNCERTAINTY,43,Q loss,15,0.021086376160383224
GAS,BAD,UCB_WITHOUT_VAE_UNCERTAINTY,43,Q loss,16,0.015549578703939915
GAS,BAD,UCB_WITHOUT_VAE_UNCERTAINTY,43,Q loss,17,0.047977011650800705
GAS,BAD,UCB_WITHOUT_VAE_UNCERTAINTY,43,Q loss,18,0.020470019429922104
GAS,BAD,UCB_WITHOUT_VAE_UNCERTAINTY,43,Q loss,19,0.02464100904762745
GAS,BAD,UCB_WITHOUT_VAE_UNCERTAINTY,43,Q loss,20,0.021425679326057434
GAS,BAD,UCB_WITHOUT_VAE_UNCERTAINTY,43,Q loss,21,0.018673785030841827
GAS,BAD,UCB_WITHOUT_VAE_UNCERTAINTY,43,Q loss,22,0.04043729230761528
GAS,BAD,UCB_WITHOUT_VAE_UNCERTAINTY,43,Q loss,23,0.03584827110171318
GAS,BAD,UCB_WITHOUT_VAE_UNCERTAINTY,43,Q loss,24,0.02007938362658024
GAS,BAD,UCB_WITHOUT_VAE_UNCERTAINTY,43,Q loss,25,0.021136170253157616
GAS,BAD,UCB_WITHOUT_VAE_UNCERTAINTY,43,Q loss,26,0.023367034271359444
GAS,BAD,UCB_WITHOUT_VAE_UNCERTAINTY,43,Q loss,27,0.0405578538775444
GAS,BAD,UCB_WITHOUT_VAE_UNCERTAINTY,43,Q loss,28,0.031220771372318268
GAS,BAD,UCB_WITHOUT_VAE_UNCERTAINTY,43,Q loss,29,0.02570955827832222
GAS,BAD,UCB_WITHOUT_VAE_UNCERTAINTY,43,Q loss,30,0.021420640870928764
GAS,BAD,UCB_WITHOUT_VAE_UNCERTAINTY,43,Q loss,31,0.015075882896780968
GAS,BAD,UCB_WITHOUT_VAE_UNCERTAINTY,43,Q loss,32,0.018507888540625572
GAS,BAD,UCB_WITHOUT_VAE_UNCERTAINTY,43,Q loss,33,0.028528165072202682
GAS,BAD,UCB_WITHOUT_VAE_UNCERTAINTY,43,Q loss,34,0.02557072788476944
GAS,BAD,UCB_WITHOUT_VAE_UNCERTAINTY,43,Q loss,35,0.0801922008395195
GAS,BAD,UCB_WITHOUT_VAE_UNCERTAINTY,43,Q loss,36,0.023764654994010925
GAS,BAD,UCB_WITHOUT_VAE_UNCERTAINTY,43,Q loss,37,0.02592015266418457
GAS,BAD,UCB_WITHOUT_VAE_UNCERTAINTY,43,Q loss,38,0.023953653872013092
GAS,BAD,UCB_WITHOUT_VAE_UNCERTAINTY,43,Q loss,39,0.017489196732640266
GAS,BAD,UCB_WITHOUT_VAE_UNCERTAINTY,43,Q loss,40,0.031562548130750656
GAS,BAD,UCB_WITHOUT_VAE_UNCERTAINTY,43,Q loss,41,0.02513841539621353
GAS,BAD,UCB_WITHOUT_VAE_UNCERTAINTY,43,Q loss,42,0.020629821345210075
GAS,BAD,UCB_WITHOUT_VAE_UNCERTAINTY,43,Q loss,43,0.021767981350421906
GAS,BAD,UCB_WITHOUT_VAE_UNCERTAINTY,43,Q loss,44,0.018876411020755768
GAS,BAD,UCB_WITHOUT_VAE_UNCERTAINTY,43,Q loss,45,0.0385064035654068
GAS,BAD,UCB_WITHOUT_VAE_UNCERTAINTY,43,Q loss,46,0.02798807993531227
GAS,BAD,UCB_WITHOUT_VAE_UNCERTAINTY,43,Q loss,47,0.03366001695394516
GAS,BAD,UCB_WITHOUT_VAE_UNCERTAINTY,43,Q loss,48,0.021874137222766876
GAS,BAD,UCB_WITHOUT_VAE_UNCERTAINTY,43,Q loss,49,0.01579151302576065
GAS,BAD,UCB_WITHOUT_VAE_UNCERTAINTY,43,Q loss,50,0.018332434818148613
GAS,BAD,UCB_WITHOUT_VAE_UNCERTAINTY,43,Q loss,51,0.01892179436981678
GAS,BAD,UCB_WITHOUT_VAE_UNCERTAINTY,43,Q loss,52,0.01281056646257639
GAS,BAD,UCB_WITHOUT_VAE_UNCERTAINTY,43,Q loss,53,0.042664557695388794
GAS,BAD,UCB_WITHOUT_VAE_UNCERTAINTY,43,Q loss,54,0.019522104412317276
GAS,BAD,UCB_WITHOUT_VAE_UNCERTAINTY,43,Q loss,55,0.024501852691173553
GAS,BAD,UCB_WITHOUT_VAE_UNCERTAINTY,43,Q loss,56,0.02677926979959011
GAS,BAD,UCB_WITHOUT_VAE_UNCERTAINTY,43,Q loss,57,0.016718225553631783
GAS,BAD,UCB_WITHOUT_VAE_UNCERTAINTY,43,Q loss,58,0.022756217047572136
GAS,BAD,UCB_WITHOUT_VAE_UNCERTAINTY,43,Q loss,59,0.030792420729994774
GAS,BAD,UCB_WITHOUT_VAE_UNCERTAINTY,43,Q loss,60,0.022291772067546844
GAS,BAD,UCB_WITHOUT_VAE_UNCERTAINTY,43,Q loss,61,0.018266241997480392
GAS,BAD,UCB_WITHOUT_VAE_UNCERTAINTY,43,Q loss,62,0.022651981562376022
GAS,BAD,UCB_WITHOUT_VAE_UNCERTAINTY,43,Q loss,63,0.032349783927202225
GAS,BAD,UCB_WITHOUT_VAE_UNCERTAINTY,43,Q loss,64,0.013189361430704594
GAS,BAD,UCB_WITHOUT_VAE_UNCERTAINTY,43,Q loss,65,0.03161819651722908
GAS,BAD,UCB_WITHOUT_VAE_UNCERTAINTY,43,Q loss,66,0.016615722328424454
GAS,BAD,UCB_WITHOUT_VAE_UNCERTAINTY,43,Q loss,67,0.0149419866502285
GAS,BAD,UCB_WITHOUT_VAE_UNCERTAINTY,43,Q loss,68,0.014566207304596901
GAS,BAD,UCB_WITHOUT_VAE_UNCERTAINTY,43,Q loss,69,0.018143171444535255
GAS,BAD,UCB_WITHOUT_VAE_UNCERTAINTY,43,Q loss,70,0.01912975125014782
GAS,BAD,UCB_WITHOUT_VAE_UNCERTAINTY,43,Q loss,71,0.07494375854730606
GAS,BAD,UCB_WITHOUT_VAE_UNCERTAINTY,43,Q loss,72,0.01164190098643303
GAS,BAD,UCB_WITHOUT_VAE_UNCERTAINTY,43,Q loss,73,0.02760370448231697
GAS,BAD,UCB_WITHOUT_VAE_UNCERTAINTY,43,Q loss,74,0.012494497001171112
GAS,BAD,UCB_WITHOUT_VAE_UNCERTAINTY,43,Q loss,75,0.011992464773356915
GAS,BAD,UCB_WITHOUT_VAE_UNCERTAINTY,43,Q loss,76,0.027971815317869186
GAS,BAD,UCB_WITHOUT_VAE_UNCERTAINTY,43,Q loss,77,0.02266313135623932
GAS,BAD,UCB_WITHOUT_VAE_UNCERTAINTY,43,Q loss,78,0.018176861107349396
GAS,BAD,UCB_WITHOUT_VAE_UNCERTAINTY,43,Q loss,79,0.020956888794898987
GAS,BAD,UCB_WITHOUT_VAE_UNCERTAINTY,43,Q loss,80,0.021779155358672142
GAS,BAD,UCB_WITHOUT_VAE_UNCERTAINTY,43,Q loss,81,0.026637544855475426
GAS,BAD,UCB_WITHOUT_VAE_UNCERTAINTY,43,Q loss,82,0.019963057711720467
GAS,BAD,UCB_WITHOUT_VAE_UNCERTAINTY,43,Q loss,83,0.013537809252738953
GAS,BAD,UCB_WITHOUT_VAE_UNCERTAINTY,43,Q loss,84,0.01782381348311901
GAS,BAD,UCB_WITHOUT_VAE_UNCERTAINTY,43,Q loss,85,0.01587619073688984
GAS,BAD,UCB_WITHOUT_VAE_UNCERTAINTY,43,Q loss,86,0.01357937790453434
GAS,BAD,UCB_WITHOUT_VAE_UNCERTAINTY,43,Q loss,87,0.022330917418003082
GAS,BAD,UCB_WITHOUT_VAE_UNCERTAINTY,43,Q loss,88,0.01669856160879135
GAS,BAD,UCB_WITHOUT_VAE_UNCERTAINTY,43,Q loss,89,0.03433825075626373
GAS,BAD,UCB_WITHOUT_VAE_UNCERTAINTY,43,Q loss,90,0.014927132986485958
GAS,BAD,UCB_WITHOUT_VAE_UNCERTAINTY,43,Q loss,91,0.025737019255757332
GAS,BAD,UCB_WITHOUT_VAE_UNCERTAINTY,43,Q loss,92,0.01630435138940811
GAS,BAD,UCB_WITHOUT_VAE_UNCERTAINTY,43,Q loss,93,0.01146739162504673
GAS,BAD,UCB_WITHOUT_VAE_UNCERTAINTY,43,Q loss,94,0.02745232917368412
GAS,BAD,UCB_WITHOUT_VAE_UNCERTAINTY,43,Q loss,95,0.024354007095098495
GAS,BAD,UCB_WITHOUT_VAE_UNCERTAINTY,43,Q loss,96,0.014511045068502426
GAS,BAD,UCB_WITHOUT_VAE_UNCERTAINTY,43,Q loss,97,0.012485724873840809
GAS,BAD,UCB_WITHOUT_VAE_UNCERTAINTY,43,Q loss,98,0.014020067639648914
GAS,BAD,UCB_WITHOUT_VAE_UNCERTAINTY,43,Q loss,99,0.01729259081184864
GAS,BAD,UCB_WITHOUT_VAE_UNCERTAINTY,43,Q loss,100,0.010987085290253162
GAS,BAD,UCB_WITHOUT_VAE_UNCERTAINTY,43,Q loss,101,0.01351100206375122
GAS,BAD,UCB_WITHOUT_VAE_UNCERTAINTY,43,Q loss,102,0.011741038411855698
GAS,BAD,UCB_WITHOUT_VAE_UNCERTAINTY,43,Q loss,103,0.008483842946588993
GAS,BAD,UCB_WITHOUT_VAE_UNCERTAINTY,43,Q loss,104,0.007915192283689976
GAS,BAD,UCB_WITHOUT_VAE_UNCERTAINTY,43,Q loss,105,0.007264294661581516
GAS,BAD,UCB_WITHOUT_VAE_UNCERTAINTY,43,Q loss,106,0.007795532699674368
GAS,BAD,UCB_WITHOUT_VAE_UNCERTAINTY,43,Q loss,107,0.012811558321118355
GAS,BAD,UCB_WITHOUT_VAE_UNCERTAINTY,43,Q loss,108,0.013023560866713524
GAS,BAD,UCB_WITHOUT_VAE_UNCERTAINTY,43,Q loss,109,0.015332631766796112
GAS,BAD,UCB_WITHOUT_VAE_UNCERTAINTY,43,Q loss,110,0.01805756241083145
GAS,BAD,UCB_WITHOUT_VAE_UNCERTAINTY,43,Q loss,111,0.010624910704791546
GAS,BAD,UCB_WITHOUT_VAE_UNCERTAINTY,43,Q loss,112,0.013360943645238876
GAS,BAD,UCB_WITHOUT_VAE_UNCERTAINTY,43,Q loss,113,0.020712995901703835
GAS,BAD,UCB_WITHOUT_VAE_UNCERTAINTY,43,Q loss,114,0.01407723780721426
GAS,BAD,UCB_WITHOUT_VAE_UNCERTAINTY,43,Q loss,115,0.009242888540029526
GAS,BAD,UCB_WITHOUT_VAE_UNCERTAINTY,43,Q loss,116,0.010093051008880138
GAS,BAD,UCB_WITHOUT_VAE_UNCERTAINTY,43,Q loss,117,0.020903782919049263
GAS,BAD,UCB_WITHOUT_VAE_UNCERTAINTY,43,Q loss,118,0.01140047237277031
GAS,BAD,UCB_WITHOUT_VAE_UNCERTAINTY,43,Q loss,119,0.016022201627492905
GAS,BAD,UCB_WITHOUT_VAE_UNCERTAINTY,43,Q loss,120,0.007971938699483871
GAS,BAD,UCB_WITHOUT_VAE_UNCERTAINTY,43,Q loss,121,0.008370231837034225
GAS,BAD,UCB_WITHOUT_VAE_UNCERTAINTY,43,Q loss,122,0.006542641669511795
GAS,BAD,UCB_WITHOUT_VAE_UNCERTAINTY,43,Q loss,123,0.010243230499327183
GAS,BAD,UCB_WITHOUT_VAE_UNCERTAINTY,43,Q loss,124,0.01249294076114893
GAS,BAD,UCB_WITHOUT_VAE_UNCERTAINTY,43,Q loss,125,0.02468687668442726
GAS,BAD,UCB_WITHOUT_VAE_UNCERTAINTY,43,Q loss,126,0.009961890056729317
GAS,BAD,UCB_WITHOUT_VAE_UNCERTAINTY,43,Q loss,127,0.01821923442184925
GAS,BAD,UCB_WITHOUT_VAE_UNCERTAINTY,43,Q loss,128,0.010184944607317448
GAS,BAD,UCB_WITHOUT_VAE_UNCERTAINTY,43,Q loss,129,0.007531739305704832
GAS,BAD,UCB_WITHOUT_VAE_UNCERTAINTY,43,Q loss,130,0.013660052791237831
GAS,BAD,UCB_WITHOUT_VAE_UNCERTAINTY,43,Q loss,131,0.011661083437502384
GAS,BAD,UCB_WITHOUT_VAE_UNCERTAINTY,43,Q loss,132,0.010047980584204197
GAS,BAD,UCB_WITHOUT_VAE_UNCERTAINTY,43,Q loss,133,0.009457238018512726
GAS,BAD,UCB_WITHOUT_VAE_UNCERTAINTY,43,Q loss,134,0.012980708852410316
GAS,BAD,UCB_WITHOUT_VAE_UNCERTAINTY,43,Q loss,135,0.014770660549402237
GAS,BAD,UCB_WITHOUT_VAE_UNCERTAINTY,43,Q loss,136,0.00898155476897955
GAS,BAD,UCB_WITHOUT_VAE_UNCERTAINTY,43,Q loss,137,0.009693091735243797
GAS,BAD,UCB_WITHOUT_VAE_UNCERTAINTY,43,Q loss,138,0.014765135943889618
GAS,BAD,UCB_WITHOUT_VAE_UNCERTAINTY,43,Q loss,139,0.007291082292795181
GAS,BAD,UCB_WITHOUT_VAE_UNCERTAINTY,43,Q loss,140,0.0063562155701220036
GAS,BAD,UCB_WITHOUT_VAE_UNCERTAINTY,43,Q loss,141,0.009294731542468071
GAS,BAD,UCB_WITHOUT_VAE_UNCERTAINTY,43,Q loss,142,0.011741481721401215
GAS,BAD,UCB_WITHOUT_VAE_UNCERTAINTY,43,Q loss,143,0.010437235236167908
GAS,BAD,UCB_WITHOUT_VAE_UNCERTAINTY,43,Q loss,144,0.005814889445900917
GAS,BAD,UCB_WITHOUT_VAE_UNCERTAINTY,43,Q loss,145,0.014321465976536274
GAS,BAD,UCB_WITHOUT_VAE_UNCERTAINTY,43,Q loss,146,0.01515175774693489
GAS,BAD,UCB_WITHOUT_VAE_UNCERTAINTY,43,Q loss,147,0.006946682929992676
GAS,BAD,UCB_WITHOUT_VAE_UNCERTAINTY,43,Q loss,148,0.014320402406156063
GAS,BAD,UCB_WITHOUT_VAE_UNCERTAINTY,43,Q loss,149,0.01137587521225214
GAS,BAD,UCB_WITHOUT_VAE_UNCERTAINTY,43,Q loss,150,0.010764753445982933
GAS,BAD,UCB_WITHOUT_VAE_UNCERTAINTY,43,Q loss,151,0.00518196914345026
GAS,BAD,UCB_WITHOUT_VAE_UNCERTAINTY,43,Q loss,152,0.0080448929220438
GAS,BAD,UCB_WITHOUT_VAE_UNCERTAINTY,43,Q loss,153,0.00994492694735527
GAS,BAD,UCB_WITHOUT_VAE_UNCERTAINTY,43,Q loss,154,0.01024768128991127
GAS,BAD,UCB_WITHOUT_VAE_UNCERTAINTY,43,Q loss,155,0.004570803605020046
GAS,BAD,UCB_WITHOUT_VAE_UNCERTAINTY,43,Q loss,156,0.0038618084508925676
GAS,BAD,UCB_WITHOUT_VAE_UNCERTAINTY,43,Q loss,157,0.006882855668663979
GAS,BAD,UCB_WITHOUT_VAE_UNCERTAINTY,43,Q loss,158,0.007174551486968994
GAS,BAD,UCB_WITHOUT_VAE_UNCERTAINTY,43,Q loss,159,0.003977833315730095
GAS,BAD,UCB_WITHOUT_VAE_UNCERTAINTY,43,Q loss,160,0.006693940609693527
GAS,BAD,UCB_WITHOUT_VAE_UNCERTAINTY,43,Q loss,161,0.024209145456552505
GAS,BAD,UCB_WITHOUT_VAE_UNCERTAINTY,43,Q loss,162,0.01288438681513071
GAS,BAD,UCB_WITHOUT_VAE_UNCERTAINTY,43,Q loss,163,0.010262776166200638
GAS,BAD,UCB_WITHOUT_VAE_UNCERTAINTY,43,Q loss,164,0.006638561375439167
GAS,BAD,UCB_WITHOUT_VAE_UNCERTAINTY,43,Q loss,165,0.004302701912820339
GAS,BAD,UCB_WITHOUT_VAE_UNCERTAINTY,43,Q loss,166,0.008565262891352177
GAS,BAD,UCB_WITHOUT_VAE_UNCERTAINTY,43,Q loss,167,0.011179106310009956
GAS,BAD,UCB_WITHOUT_VAE_UNCERTAINTY,43,Q loss,168,0.007152342237532139
GAS,BAD,UCB_WITHOUT_VAE_UNCERTAINTY,43,Q loss,169,0.006035016383975744
GAS,BAD,UCB_WITHOUT_VAE_UNCERTAINTY,43,Q loss,170,0.008499110117554665
GAS,BAD,UCB_WITHOUT_VAE_UNCERTAINTY,43,Q loss,171,0.004303616937249899
GAS,BAD,UCB_WITHOUT_VAE_UNCERTAINTY,43,Q loss,172,0.014126649126410484
GAS,BAD,UCB_WITHOUT_VAE_UNCERTAINTY,43,Q loss,173,0.008877426385879517
GAS,BAD,UCB_WITHOUT_VAE_UNCERTAINTY,43,Q loss,174,0.008694570511579514
GAS,BAD,UCB_WITHOUT_VAE_UNCERTAINTY,43,Q loss,175,0.003466933500021696
GAS,BAD,UCB_WITHOUT_VAE_UNCERTAINTY,43,Q loss,176,0.00539746880531311
GAS,BAD,UCB_WITHOUT_VAE_UNCERTAINTY,43,Q loss,177,0.006597928702831268
GAS,BAD,UCB_WITHOUT_VAE_UNCERTAINTY,43,Q loss,178,0.008435815572738647
GAS,BAD,UCB_WITHOUT_VAE_UNCERTAINTY,43,Q loss,179,0.021692970767617226
GAS,BAD,UCB_WITHOUT_VAE_UNCERTAINTY,43,Q loss,180,0.006914341822266579
GAS,BAD,UCB_WITHOUT_VAE_UNCERTAINTY,43,Q loss,181,0.01029099803417921
GAS,BAD,UCB_WITHOUT_VAE_UNCERTAINTY,43,Q loss,182,0.00728004053235054
GAS,BAD,UCB_WITHOUT_VAE_UNCERTAINTY,43,Q loss,183,0.006022154353559017
GAS,BAD,UCB_WITHOUT_VAE_UNCERTAINTY,43,Q loss,184,0.006996180862188339
GAS,BAD,UCB_WITHOUT_VAE_UNCERTAINTY,43,Q loss,185,0.008355684578418732
GAS,BAD,UCB_WITHOUT_VAE_UNCERTAINTY,43,Q loss,186,0.007704840041697025
GAS,BAD,UCB_WITHOUT_VAE_UNCERTAINTY,43,Q loss,187,0.004754984751343727
GAS,BAD,UCB_WITHOUT_VAE_UNCERTAINTY,43,Q loss,188,0.010082440450787544
GAS,BAD,UCB_WITHOUT_VAE_UNCERTAINTY,43,Q loss,189,0.008542528375983238
GAS,BAD,UCB_WITHOUT_VAE_UNCERTAINTY,43,Q loss,190,0.00829906202852726
GAS,BAD,UCB_WITHOUT_VAE_UNCERTAINTY,43,Q loss,191,0.0013434668071568012
GAS,BAD,UCB_WITHOUT_VAE_UNCERTAINTY,43,Q loss,192,0.003319172188639641
GAS,BAD,UCB_WITHOUT_VAE_UNCERTAINTY,43,Q loss,193,0.0025397122371941805
GAS,BAD,UCB_WITHOUT_VAE_UNCERTAINTY,43,Q loss,194,0.0031343852169811726
GAS,BAD,UCB_WITHOUT_VAE_UNCERTAINTY,43,Q loss,195,0.0061084190383553505
GAS,BAD,UCB_WITHOUT_VAE_UNCERTAINTY,43,Q loss,196,0.0058906469494104385
GAS,BAD,UCB_WITHOUT_VAE_UNCERTAINTY,43,Q loss,197,0.004439235664904118
GAS,BAD,UCB_WITHOUT_VAE_UNCERTAINTY,43,Q loss,198,0.009543029591441154
GAS,BAD,UCB_WITHOUT_VAE_UNCERTAINTY,43,Q loss,199,0.008353550918400288
GAS,BAD,UCB_WITHOUT_VAE_UNCERTAINTY,43,Q loss,200,0.0033991436939686537
GAS,BAD,UCB_WITHOUT_VAE_UNCERTAINTY,43,Q loss,201,0.00232351734302938
GAS,BAD,UCB_WITHOUT_VAE_UNCERTAINTY,43,Q loss,202,0.0047427574172616005
GAS,BAD,UCB_WITHOUT_VAE_UNCERTAINTY,43,Q loss,203,0.008589209988713264
GAS,BAD,UCB_WITHOUT_VAE_UNCERTAINTY,43,Q loss,204,0.0034209401346743107
GAS,BAD,UCB_WITHOUT_VAE_UNCERTAINTY,43,Q loss,205,0.004081670194864273
GAS,BAD,UCB_WITHOUT_VAE_UNCERTAINTY,43,Q loss,206,0.008778905496001244
GAS,BAD,UCB_WITHOUT_VAE_UNCERTAINTY,43,Q loss,207,0.008137164637446404
GAS,BAD,UCB_WITHOUT_VAE_UNCERTAINTY,43,Q loss,208,0.004699843004345894
GAS,BAD,UCB_WITHOUT_VAE_UNCERTAINTY,43,Q loss,209,0.0021297666244208813
GAS,BAD,UCB_WITHOUT_VAE_UNCERTAINTY,43,Q loss,210,0.004507410805672407
GAS,BAD,UCB_WITHOUT_VAE_UNCERTAINTY,43,Q loss,211,0.0027909798081964254
GAS,BAD,UCB_WITHOUT_VAE_UNCERTAINTY,43,Q loss,212,0.0018916968256235123
GAS,BAD,UCB_WITHOUT_VAE_UNCERTAINTY,43,Q loss,213,0.005966451019048691
GAS,BAD,UCB_WITHOUT_VAE_UNCERTAINTY,43,Q loss,214,0.002448481973260641
GAS,BAD,UCB_WITHOUT_VAE_UNCERTAINTY,43,Q loss,215,0.007965698838233948
GAS,BAD,UCB_WITHOUT_VAE_UNCERTAINTY,43,Q loss,216,0.004556106403470039
GAS,BAD,UCB_WITHOUT_VAE_UNCERTAINTY,43,Q loss,217,0.010972205549478531
GAS,BAD,UCB_WITHOUT_VAE_UNCERTAINTY,43,Q loss,218,0.0060867141000926495
GAS,BAD,UCB_WITHOUT_VAE_UNCERTAINTY,43,Q loss,219,0.0032916164491325617
GAS,BAD,UCB_WITHOUT_VAE_UNCERTAINTY,43,Q loss,220,0.0028648655861616135
GAS,BAD,UCB_WITHOUT_VAE_UNCERTAINTY,43,Q loss,221,0.006363936699926853
GAS,BAD,UCB_WITHOUT_VAE_UNCERTAINTY,43,Q loss,222,0.0029353052377700806
GAS,BAD,UCB_WITHOUT_VAE_UNCERTAINTY,43,Q loss,223,0.0031018469016999006
GAS,BAD,UCB_WITHOUT_VAE_UNCERTAINTY,43,Q loss,224,0.005091912113130093
GAS,BAD,UCB_WITHOUT_VAE_UNCERTAINTY,43,Q loss,225,0.0021517123095691204
GAS,BAD,UCB_WITHOUT_VAE_UNCERTAINTY,43,Q loss,226,0.004372549708932638
GAS,BAD,UCB_WITHOUT_VAE_UNCERTAINTY,43,Q loss,227,0.0039454554207623005
GAS,BAD,UCB_WITHOUT_VAE_UNCERTAINTY,43,Q loss,228,0.0011821734951809049
GAS,BAD,UCB_WITHOUT_VAE_UNCERTAINTY,43,Q loss,229,0.005457421764731407
GAS,BAD,UCB_WITHOUT_VAE_UNCERTAINTY,43,Q loss,230,0.001263501588255167
GAS,BAD,UCB_WITHOUT_VAE_UNCERTAINTY,43,Q loss,231,0.001799671328626573
GAS,BAD,UCB_WITHOUT_VAE_UNCERTAINTY,43,Q loss,232,0.00381810637190938
GAS,BAD,UCB_WITHOUT_VAE_UNCERTAINTY,43,Q loss,233,0.002093892777338624
GAS,BAD,UCB_WITHOUT_VAE_UNCERTAINTY,43,Q loss,234,0.0034714755602180958
GAS,BAD,UCB_WITHOUT_VAE_UNCERTAINTY,43,Q loss,235,0.004888572730123997
GAS,BAD,UCB_WITHOUT_VAE_UNCERTAINTY,43,Q loss,236,0.004841667599976063
GAS,BAD,UCB_WITHOUT_VAE_UNCERTAINTY,43,Q loss,237,0.003611026331782341
GAS,BAD,UCB_WITHOUT_VAE_UNCERTAINTY,43,Q loss,238,0.004250821191817522
GAS,BAD,UCB_WITHOUT_VAE_UNCERTAINTY,43,Q loss,239,0.006141668651252985
GAS,BAD,UCB_WITHOUT_VAE_UNCERTAINTY,43,Q loss,240,0.005472601391375065
GAS,BAD,UCB_WITHOUT_VAE_UNCERTAINTY,43,Q loss,241,0.0026889326982200146
GAS,BAD,UCB_WITHOUT_VAE_UNCERTAINTY,43,Q loss,242,0.0044908663257956505
GAS,BAD,UCB_WITHOUT_VAE_UNCERTAINTY,43,Q loss,243,0.006290979217737913
GAS,BAD,UCB_WITHOUT_VAE_UNCERTAINTY,43,Q loss,244,0.0009773049969226122
GAS,BAD,UCB_WITHOUT_VAE_UNCERTAINTY,43,Q loss,245,0.0022586146369576454
GAS,BAD,UCB_WITHOUT_VAE_UNCERTAINTY,43,Q loss,246,0.001158620696514845
GAS,BAD,UCB_WITHOUT_VAE_UNCERTAINTY,43,Q loss,247,0.00045514226076193154
GAS,BAD,UCB_WITHOUT_VAE_UNCERTAINTY,43,Q loss,248,0.002688323613256216
GAS,BAD,UCB_WITHOUT_VAE_UNCERTAINTY,43,Q loss,249,0.0010360353626310825
GAS,BAD,UCB_WITHOUT_VAE_UNCERTAINTY,43,Q loss,250,0.001891041873022914
GAS,BAD,UCB_WITHOUT_VAE_UNCERTAINTY,43,Q loss,251,0.011006509885191917
GAS,BAD,UCB_WITHOUT_VAE_UNCERTAINTY,43,Q loss,252,0.0028382460586726665
GAS,BAD,UCB_WITHOUT_VAE_UNCERTAINTY,43,Q loss,253,0.008728986606001854
GAS,BAD,UCB_WITHOUT_VAE_UNCERTAINTY,43,Q loss,254,0.0009769219905138016
GAS,BAD,UCB_WITHOUT_VAE_UNCERTAINTY,43,Q loss,255,0.002741369418799877
GAS,BAD,UCB_WITHOUT_VAE_UNCERTAINTY,43,Q loss,256,0.007507083006203175
GAS,BAD,UCB_WITHOUT_VAE_UNCERTAINTY,43,Q loss,257,0.005905044265091419
GAS,BAD,UCB_WITHOUT_VAE_UNCERTAINTY,43,Q loss,258,0.0016301249852403998
GAS,BAD,UCB_WITHOUT_VAE_UNCERTAINTY,43,Q loss,259,0.001052003470249474
GAS,BAD,UCB_WITHOUT_VAE_UNCERTAINTY,43,Q loss,260,0.003695296123623848
GAS,BAD,UCB_WITHOUT_VAE_UNCERTAINTY,43,Q loss,261,0.006321984808892012
GAS,BAD,UCB_WITHOUT_VAE_UNCERTAINTY,43,Q loss,262,0.0018698202911764383
GAS,BAD,UCB_WITHOUT_VAE_UNCERTAINTY,43,Q loss,263,0.0012527387589216232
GAS,BAD,UCB_WITHOUT_VAE_UNCERTAINTY,43,Q loss,264,0.0026479773223400116
GAS,BAD,UCB_WITHOUT_VAE_UNCERTAINTY,43,Q loss,265,0.0011337142204865813
GAS,BAD,UCB_WITHOUT_VAE_UNCERTAINTY,43,Q loss,266,0.0007690823986195028
GAS,BAD,UCB_WITHOUT_VAE_UNCERTAINTY,43,Q loss,267,0.003897029208019376
GAS,BAD,UCB_WITHOUT_VAE_UNCERTAINTY,43,Q loss,268,0.00477210246026516
GAS,BAD,UCB_WITHOUT_VAE_UNCERTAINTY,43,Q loss,269,0.01695355772972107
GAS,BAD,UCB_WITHOUT_VAE_UNCERTAINTY,43,Q loss,270,0.003658271161839366
GAS,BAD,UCB_WITHOUT_VAE_UNCERTAINTY,43,Q loss,271,0.007624963764101267
GAS,BAD,UCB_WITHOUT_VAE_UNCERTAINTY,43,Q loss,272,0.0019274599617347121
GAS,BAD,UCB_WITHOUT_VAE_UNCERTAINTY,43,Q loss,273,0.002544439397752285
GAS,BAD,UCB_WITHOUT_VAE_UNCERTAINTY,43,Q loss,274,0.004952124319970608
GAS,BAD,UCB_WITHOUT_VAE_UNCERTAINTY,43,Q loss,275,0.00577878300100565
GAS,BAD,UCB_WITHOUT_VAE_UNCERTAINTY,43,Q loss,276,0.0024352436885237694
GAS,BAD,UCB_WITHOUT_VAE_UNCERTAINTY,43,Q loss,277,0.0026418583001941442
GAS,BAD,UCB_WITHOUT_VAE_UNCERTAINTY,43,Q loss,278,0.0022531882859766483
GAS,BAD,UCB_WITHOUT_VAE_UNCERTAINTY,43,Q loss,279,0.004380503669381142
GAS,BAD,UCB_WITHOUT_VAE_UNCERTAINTY,43,Q loss,280,0.0045681241899728775
GAS,BAD,UCB_WITHOUT_VAE_UNCERTAINTY,43,Q loss,281,0.003526615910232067
GAS,BAD,UCB_WITHOUT_VAE_UNCERTAINTY,43,Q loss,282,0.003131734672933817
GAS,BAD,UCB_WITHOUT_VAE_UNCERTAINTY,43,Q loss,283,0.0020782374776899815
GAS,BAD,UCB_WITHOUT_VAE_UNCERTAINTY,43,Q loss,284,0.003198657650500536
GAS,BAD,UCB_WITHOUT_VAE_UNCERTAINTY,43,Q loss,285,0.003978104796260595
GAS,BAD,UCB_WITHOUT_VAE_UNCERTAINTY,43,Q loss,286,0.0019053019350394607
GAS,BAD,UCB_WITHOUT_VAE_UNCERTAINTY,43,Q loss,287,0.002251611091196537
GAS,BAD,UCB_WITHOUT_VAE_UNCERTAINTY,43,Q loss,288,0.0020522386766970158
GAS,BAD,UCB_WITHOUT_VAE_UNCERTAINTY,43,Q loss,289,0.0063195317052304745
GAS,BAD,UCB_WITHOUT_VAE_UNCERTAINTY,43,Q loss,290,0.004147103987634182
GAS,BAD,UCB_WITHOUT_VAE_UNCERTAINTY,43,Q loss,291,0.002014931757003069
GAS,BAD,UCB_WITHOUT_VAE_UNCERTAINTY,43,Q loss,292,0.00422055646777153
GAS,BAD,UCB_WITHOUT_VAE_UNCERTAINTY,43,Q loss,293,0.003976267296820879
GAS,BAD,UCB_WITHOUT_VAE_UNCERTAINTY,43,Q loss,294,0.0012104863999411464
GAS,BAD,UCB_WITHOUT_VAE_UNCERTAINTY,43,Q loss,295,0.0009986602235585451
GAS,BAD,UCB_WITHOUT_VAE_UNCERTAINTY,43,Q loss,296,0.004031979013234377
GAS,BAD,UCB_WITHOUT_VAE_UNCERTAINTY,43,Q loss,297,0.0012979889288544655
GAS,BAD,UCB_WITHOUT_VAE_UNCERTAINTY,43,Q loss,298,0.00406017666682601
GAS,BAD,UCB_WITHOUT_VAE_UNCERTAINTY,43,Q loss,299,0.010211593471467495
GAS,BAD,UCB_WITHOUT_VAE_UNCERTAINTY,43,Q loss,300,0.0011897331569343805
GAS,BAD,UCB_WITHOUT_VAE_UNCERTAINTY,43,Q loss,301,0.0016796706477180123
GAS,BAD,UCB_WITHOUT_VAE_UNCERTAINTY,43,Q loss,302,0.0020375107415020466
GAS,BAD,UCB_WITHOUT_VAE_UNCERTAINTY,43,Q loss,303,0.0023220092989504337
GAS,BAD,UCB_WITHOUT_VAE_UNCERTAINTY,43,Q loss,304,0.0025810564402490854
GAS,BAD,UCB_WITHOUT_VAE_UNCERTAINTY,43,Q loss,305,0.002507199766114354
GAS,BAD,UCB_WITHOUT_VAE_UNCERTAINTY,43,Q loss,306,0.0027982734609395266
GAS,BAD,UCB_WITHOUT_VAE_UNCERTAINTY,43,Q loss,307,0.0052617983892560005
GAS,BAD,UCB_WITHOUT_VAE_UNCERTAINTY,43,Q loss,308,0.0025806366465985775
GAS,BAD,UCB_WITHOUT_VAE_UNCERTAINTY,43,Q loss,309,0.001155440928414464
GAS,BAD,UCB_WITHOUT_VAE_UNCERTAINTY,43,Q loss,310,0.0029824627563357353
GAS,BAD,UCB_WITHOUT_VAE_UNCERTAINTY,43,Q loss,311,0.005778160877525806
GAS,BAD,UCB_WITHOUT_VAE_UNCERTAINTY,43,Q loss,312,0.0015315627679228783
GAS,BAD,UCB_WITHOUT_VAE_UNCERTAINTY,43,Q loss,313,0.004480874165892601
GAS,BAD,UCB_WITHOUT_VAE_UNCERTAINTY,43,Q loss,314,0.0033442466519773006
GAS,BAD,UCB_WITHOUT_VAE_UNCERTAINTY,43,Q loss,315,0.0017116456292569637
GAS,BAD,UCB_WITHOUT_VAE_UNCERTAINTY,43,Q loss,316,0.007635515183210373
GAS,BAD,UCB_WITHOUT_VAE_UNCERTAINTY,43,Q loss,317,0.0055048200301826
GAS,BAD,UCB_WITHOUT_VAE_UNCERTAINTY,43,Q loss,318,0.0012708682334050536
GAS,BAD,UCB_WITHOUT_VAE_UNCERTAINTY,43,Q loss,319,0.0011565240565687418
GAS,BAD,UCB_WITHOUT_VAE_UNCERTAINTY,43,Q loss,320,0.0005256292643025517
GAS,BAD,UCB_WITHOUT_VAE_UNCERTAINTY,43,Q loss,321,0.0039042914286255836
GAS,BAD,UCB_WITHOUT_VAE_UNCERTAINTY,43,Q loss,322,0.0013877763412892818
GAS,BAD,UCB_WITHOUT_VAE_UNCERTAINTY,43,Q loss,323,0.017332738265395164
GAS,BAD,UCB_WITHOUT_VAE_UNCERTAINTY,43,Q loss,324,0.002318179002031684
GAS,BAD,UCB_WITHOUT_VAE_UNCERTAINTY,43,Q loss,325,0.006288984790444374
GAS,BAD,UCB_WITHOUT_VAE_UNCERTAINTY,43,Q loss,326,0.0031068455427885056
GAS,BAD,UCB_WITHOUT_VAE_UNCERTAINTY,43,Q loss,327,0.001876418013125658
GAS,BAD,UCB_WITHOUT_VAE_UNCERTAINTY,43,Q loss,328,0.0039769792929291725
GAS,BAD,UCB_WITHOUT_VAE_UNCERTAINTY,43,Q loss,329,0.0064630270935595036
GAS,BAD,UCB_WITHOUT_VAE_UNCERTAINTY,43,Q loss,330,0.002822486450895667
GAS,BAD,UCB_WITHOUT_VAE_UNCERTAINTY,43,Q loss,331,0.0013910902198404074
GAS,BAD,UCB_WITHOUT_VAE_UNCERTAINTY,43,Q loss,332,0.002994249574840069
GAS,BAD,UCB_WITHOUT_VAE_UNCERTAINTY,43,Q loss,333,0.004800912458449602
GAS,BAD,UCB_WITHOUT_VAE_UNCERTAINTY,43,Q loss,334,0.003322234842926264
GAS,BAD,UCB_WITHOUT_VAE_UNCERTAINTY,43,Q loss,335,0.00209505925886333
GAS,BAD,UCB_WITHOUT_VAE_UNCERTAINTY,43,Q loss,336,0.0016551174921914935
GAS,BAD,UCB_WITHOUT_VAE_UNCERTAINTY,43,Q loss,337,0.003123097587376833
GAS,BAD,UCB_WITHOUT_VAE_UNCERTAINTY,43,Q loss,338,0.0007368468213826418
GAS,BAD,UCB_WITHOUT_VAE_UNCERTAINTY,43,Q loss,339,0.001740636769682169
GAS,BAD,UCB_WITHOUT_VAE_UNCERTAINTY,43,Q loss,340,0.0025497034657746553
GAS,BAD,UCB_WITHOUT_VAE_UNCERTAINTY,43,Q loss,341,0.0051141418516635895
GAS,BAD,UCB_WITHOUT_VAE_UNCERTAINTY,43,Q loss,342,0.0018797141965478659
GAS,BAD,UCB_WITHOUT_VAE_UNCERTAINTY,43,Q loss,343,0.006051211152225733
GAS,BAD,UCB_WITHOUT_VAE_UNCERTAINTY,43,Q loss,344,0.0013586475979536772
GAS,BAD,UCB_WITHOUT_VAE_UNCERTAINTY,43,Q loss,345,0.003072441089898348
GAS,BAD,UCB_WITHOUT_VAE_UNCERTAINTY,43,Q loss,346,0.004934844095259905
GAS,BAD,UCB_WITHOUT_VAE_UNCERTAINTY,43,Q loss,347,0.0038259411230683327
GAS,BAD,UCB_WITHOUT_VAE_UNCERTAINTY,43,Q loss,348,0.0015299688093364239
GAS,BAD,UCB_WITHOUT_VAE_UNCERTAINTY,43,Q loss,349,0.0015025280881673098
GAS,BAD,UCB_WITHOUT_VAE_UNCERTAINTY,43,Q loss,350,0.006278596818447113
GAS,BAD,UCB_WITHOUT_VAE_UNCERTAINTY,43,Q loss,351,0.00403981190174818
GAS,BAD,UCB_WITHOUT_VAE_UNCERTAINTY,43,Q loss,352,0.002671741181984544
GAS,BAD,UCB_WITHOUT_VAE_UNCERTAINTY,43,Q loss,353,0.012612313963472843
GAS,BAD,UCB_WITHOUT_VAE_UNCERTAINTY,43,Q loss,354,0.0016462847124785185
GAS,BAD,UCB_WITHOUT_VAE_UNCERTAINTY,43,Q loss,355,0.002062688348814845
GAS,BAD,UCB_WITHOUT_VAE_UNCERTAINTY,43,Q loss,356,0.0012304771225899458
GAS,BAD,UCB_WITHOUT_VAE_UNCERTAINTY,43,Q loss,357,0.002028966788202524
GAS,BAD,UCB_WITHOUT_VAE_UNCERTAINTY,43,Q loss,358,0.0011541631538420916
GAS,BAD,UCB_WITHOUT_VAE_UNCERTAINTY,43,Q loss,359,0.00321918330155313
GAS,BAD,UCB_WITHOUT_VAE_UNCERTAINTY,43,Q loss,360,0.004669553134590387
GAS,BAD,UCB_WITHOUT_VAE_UNCERTAINTY,43,Q loss,361,0.006730611436069012
GAS,BAD,UCB_WITHOUT_VAE_UNCERTAINTY,43,Q loss,362,0.0029855386819690466
GAS,BAD,UCB_WITHOUT_VAE_UNCERTAINTY,43,Q loss,363,0.002859084866940975
GAS,BAD,UCB_WITHOUT_VAE_UNCERTAINTY,43,Q loss,364,0.005583868827670813
GAS,BAD,UCB_WITHOUT_VAE_UNCERTAINTY,43,Q loss,365,0.008214625529944897
GAS,BAD,UCB_WITHOUT_VAE_UNCERTAINTY,43,Q loss,366,0.002867267932742834
GAS,BAD,UCB_WITHOUT_VAE_UNCERTAINTY,43,Q loss,367,0.003396466374397278
GAS,BAD,UCB_WITHOUT_VAE_UNCERTAINTY,43,Q loss,368,0.004547729156911373
GAS,BAD,UCB_WITHOUT_VAE_UNCERTAINTY,43,Q loss,369,0.0029075832571834326
GAS,BAD,UCB_WITHOUT_VAE_UNCERTAINTY,43,Q loss,370,0.0014310480328276753
GAS,BAD,UCB_WITHOUT_VAE_UNCERTAINTY,43,Q loss,371,0.004051385447382927
GAS,BAD,UCB_WITHOUT_VAE_UNCERTAINTY,43,Q loss,372,0.0027292033191770315
GAS,BAD,UCB_WITHOUT_VAE_UNCERTAINTY,43,Q loss,373,0.0018718596547842026
GAS,BAD,UCB_WITHOUT_VAE_UNCERTAINTY,43,Q loss,374,0.0019367202185094357
GAS,BAD,UCB_WITHOUT_VAE_UNCERTAINTY,43,Q loss,375,0.0020270163659006357
GAS,BAD,UCB_WITHOUT_VAE_UNCERTAINTY,43,Q loss,376,0.0019081109203398228
GAS,BAD,UCB_WITHOUT_VAE_UNCERTAINTY,43,Q loss,377,0.0026120017282664776
GAS,BAD,UCB_WITHOUT_VAE_UNCERTAINTY,43,Q loss,378,0.005788101814687252
GAS,BAD,UCB_WITHOUT_VAE_UNCERTAINTY,43,Q loss,379,0.0032128298189491034
GAS,BAD,UCB_WITHOUT_VAE_UNCERTAINTY,43,Q loss,380,0.0017222301103174686
GAS,BAD,UCB_WITHOUT_VAE_UNCERTAINTY,43,Q loss,381,0.0008500280091539025
GAS,BAD,UCB_WITHOUT_VAE_UNCERTAINTY,43,Q loss,382,0.00370480353012681
GAS,BAD,UCB_WITHOUT_VAE_UNCERTAINTY,43,Q loss,383,0.0052307527512311935
GAS,BAD,UCB_WITHOUT_VAE_UNCERTAINTY,43,Q loss,384,0.002868114272132516
GAS,BAD,UCB_WITHOUT_VAE_UNCERTAINTY,43,Q loss,385,0.0018800839316099882
GAS,BAD,UCB_WITHOUT_VAE_UNCERTAINTY,43,Q loss,386,0.0021100796293467283
GAS,BAD,UCB_WITHOUT_VAE_UNCERTAINTY,43,Q loss,387,0.0019729631021618843
GAS,BAD,UCB_WITHOUT_VAE_UNCERTAINTY,43,Q loss,388,0.003918674308806658
GAS,BAD,UCB_WITHOUT_VAE_UNCERTAINTY,43,Q loss,389,0.00918499380350113
GAS,BAD,UCB_WITHOUT_VAE_UNCERTAINTY,43,Q loss,390,0.0025318795815110207
GAS,BAD,UCB_WITHOUT_VAE_UNCERTAINTY,43,Q loss,391,0.0012334238272160292
GAS,BAD,UCB_WITHOUT_VAE_UNCERTAINTY,43,Q loss,392,0.0013857693411409855
GAS,BAD,UCB_WITHOUT_VAE_UNCERTAINTY,43,Q loss,393,0.003878503106534481
GAS,BAD,UCB_WITHOUT_VAE_UNCERTAINTY,43,Q loss,394,0.0006230698199942708
GAS,BAD,UCB_WITHOUT_VAE_UNCERTAINTY,43,Q loss,395,0.001991020515561104
GAS,BAD,UCB_WITHOUT_VAE_UNCERTAINTY,43,Q loss,396,0.0032659568823873997
GAS,BAD,UCB_WITHOUT_VAE_UNCERTAINTY,43,Q loss,397,0.00584038533270359
GAS,BAD,UCB_WITHOUT_VAE_UNCERTAINTY,43,Q loss,398,0.0035989496391266584
GAS,BAD,UCB_WITHOUT_VAE_UNCERTAINTY,43,Q loss,399,0.0022687925957143307
GAS,BAD,UCB_WITHOUT_VAE_UNCERTAINTY,43,Q loss,400,0.0042646885849535465
GAS,BAD,UCB_WITHOUT_VAE_UNCERTAINTY,43,Q loss,401,0.004487125668674707
GAS,BAD,UCB_WITHOUT_VAE_UNCERTAINTY,43,Q loss,402,0.0009551594266667962
GAS,BAD,UCB_WITHOUT_VAE_UNCERTAINTY,43,Q loss,403,0.001338968868367374
GAS,BAD,UCB_WITHOUT_VAE_UNCERTAINTY,43,Q loss,404,0.006967469118535519
GAS,BAD,UCB_WITHOUT_VAE_UNCERTAINTY,43,Q loss,405,0.000624519248958677
GAS,BAD,UCB_WITHOUT_VAE_UNCERTAINTY,43,Q loss,406,0.001961542060598731
GAS,BAD,UCB_WITHOUT_VAE_UNCERTAINTY,43,Q loss,407,0.0006823097937740386
GAS,BAD,UCB_WITHOUT_VAE_UNCERTAINTY,43,Q loss,408,0.0020656995475292206
GAS,BAD,UCB_WITHOUT_VAE_UNCERTAINTY,43,Q loss,409,0.0023198442067950964
GAS,BAD,UCB_WITHOUT_VAE_UNCERTAINTY,43,Q loss,410,0.0016871095867827535
GAS,BAD,UCB_WITHOUT_VAE_UNCERTAINTY,43,Q loss,411,0.0031760891433805227
GAS,BAD,UCB_WITHOUT_VAE_UNCERTAINTY,43,Q loss,412,0.0016982326051220298
GAS,BAD,UCB_WITHOUT_VAE_UNCERTAINTY,43,Q loss,413,0.002380618592724204
GAS,BAD,UCB_WITHOUT_VAE_UNCERTAINTY,43,Q loss,414,0.004154258407652378
GAS,BAD,UCB_WITHOUT_VAE_UNCERTAINTY,43,Q loss,415,0.004311528988182545
GAS,BAD,UCB_WITHOUT_VAE_UNCERTAINTY,43,Q loss,416,0.001250272965990007
GAS,BAD,UCB_WITHOUT_VAE_UNCERTAINTY,43,Q loss,417,0.002951666945591569
GAS,BAD,UCB_WITHOUT_VAE_UNCERTAINTY,43,Q loss,418,0.002908374648541212
GAS,BAD,UCB_WITHOUT_VAE_UNCERTAINTY,43,Q loss,419,0.004184017889201641
GAS,BAD,UCB_WITHOUT_VAE_UNCERTAINTY,43,Q loss,420,0.0017987290630117059
GAS,BAD,UCB_WITHOUT_VAE_UNCERTAINTY,43,Q loss,421,0.002343509579077363
GAS,BAD,UCB_WITHOUT_VAE_UNCERTAINTY,43,Q loss,422,0.0015280242078006268
GAS,BAD,UCB_WITHOUT_VAE_UNCERTAINTY,43,Q loss,423,0.003480948507785797
GAS,BAD,UCB_WITHOUT_VAE_UNCERTAINTY,43,Q loss,424,0.001836664043366909
GAS,BAD,UCB_WITHOUT_VAE_UNCERTAINTY,43,Q loss,425,0.0024197008460760117
GAS,BAD,UCB_WITHOUT_VAE_UNCERTAINTY,43,Q loss,426,0.0011660860618576407
GAS,BAD,UCB_WITHOUT_VAE_UNCERTAINTY,43,Q loss,427,0.0015972424298524857
GAS,BAD,UCB_WITHOUT_VAE_UNCERTAINTY,43,Q loss,428,0.0011615145485848188
GAS,BAD,UCB_WITHOUT_VAE_UNCERTAINTY,43,Q loss,429,0.0041735172271728516
GAS,BAD,UCB_WITHOUT_VAE_UNCERTAINTY,43,Q loss,430,0.0014538257382810116
GAS,BAD,UCB_WITHOUT_VAE_UNCERTAINTY,43,Q loss,431,0.0010264951270073652
GAS,BAD,UCB_WITHOUT_VAE_UNCERTAINTY,43,Q loss,432,0.0016239844262599945
GAS,BAD,UCB_WITHOUT_VAE_UNCERTAINTY,43,Q loss,433,0.0031879693269729614
GAS,BAD,UCB_WITHOUT_VAE_UNCERTAINTY,43,Q loss,434,0.001236150274053216
GAS,BAD,UCB_WITHOUT_VAE_UNCERTAINTY,43,Q loss,435,0.0018388013122603297
GAS,BAD,UCB_WITHOUT_VAE_UNCERTAINTY,43,Q loss,436,0.001793552190065384
GAS,BAD,UCB_WITHOUT_VAE_UNCERTAINTY,43,Q loss,437,0.004391275346279144
GAS,BAD,UCB_WITHOUT_VAE_UNCERTAINTY,43,Q loss,438,0.003652190323919058
GAS,BAD,UCB_WITHOUT_VAE_UNCERTAINTY,43,Q loss,439,0.0016549009596928954
GAS,BAD,UCB_WITHOUT_VAE_UNCERTAINTY,43,Q loss,440,0.002488093450665474
GAS,BAD,UCB_WITHOUT_VAE_UNCERTAINTY,43,Q loss,441,0.002214602194726467
GAS,BAD,UCB_WITHOUT_VAE_UNCERTAINTY,43,Q loss,442,0.003532355884090066
GAS,BAD,UCB_WITHOUT_VAE_UNCERTAINTY,43,Q loss,443,0.0023442492820322514
GAS,BAD,UCB_WITHOUT_VAE_UNCERTAINTY,43,Q loss,444,0.001835223170928657
GAS,BAD,UCB_WITHOUT_VAE_UNCERTAINTY,43,Q loss,445,0.0014300552429631352
GAS,BAD,UCB_WITHOUT_VAE_UNCERTAINTY,43,Q loss,446,0.0020282401237636805
GAS,BAD,UCB_WITHOUT_VAE_UNCERTAINTY,43,Q loss,447,0.0008252993575297296
GAS,BAD,UCB_WITHOUT_VAE_UNCERTAINTY,43,Q loss,448,0.001623776275664568
GAS,BAD,UCB_WITHOUT_VAE_UNCERTAINTY,43,Q loss,449,0.013305486179888248
GAS,BAD,UCB_WITHOUT_VAE_UNCERTAINTY,43,Q loss,450,0.0020236473064869642
GAS,BAD,UCB_WITHOUT_VAE_UNCERTAINTY,43,Q loss,451,0.004461061209440231
GAS,BAD,UCB_WITHOUT_VAE_UNCERTAINTY,43,Q loss,452,0.0014905438292771578
GAS,BAD,UCB_WITHOUT_VAE_UNCERTAINTY,43,Q loss,453,0.000982341356575489
GAS,BAD,UCB_WITHOUT_VAE_UNCERTAINTY,43,Q loss,454,0.0014326549135148525
GAS,BAD,UCB_WITHOUT_VAE_UNCERTAINTY,43,Q loss,455,0.0032268569339066744
GAS,BAD,UCB_WITHOUT_VAE_UNCERTAINTY,43,Q loss,456,0.0011519478866830468
GAS,BAD,UCB_WITHOUT_VAE_UNCERTAINTY,43,Q loss,457,0.0014257918810471892
GAS,BAD,UCB_WITHOUT_VAE_UNCERTAINTY,43,Q loss,458,0.0016135810874402523
GAS,BAD,UCB_WITHOUT_VAE_UNCERTAINTY,43,Q loss,459,0.00806334987282753
GAS,BAD,UCB_WITHOUT_VAE_UNCERTAINTY,43,Q loss,460,0.002028441522270441
GAS,BAD,UCB_WITHOUT_VAE_UNCERTAINTY,43,Q loss,461,0.004658076912164688
GAS,BAD,UCB_WITHOUT_VAE_UNCERTAINTY,43,Q loss,462,0.002455107867717743
GAS,BAD,UCB_WITHOUT_VAE_UNCERTAINTY,43,Q loss,463,0.0009568342939019203
GAS,BAD,UCB_WITHOUT_VAE_UNCERTAINTY,43,Q loss,464,0.004020194988697767
GAS,BAD,UCB_WITHOUT_VAE_UNCERTAINTY,43,Q loss,465,0.0011492783669382334
GAS,BAD,UCB_WITHOUT_VAE_UNCERTAINTY,43,Q loss,466,0.001039803959429264
GAS,BAD,UCB_WITHOUT_VAE_UNCERTAINTY,43,Q loss,467,0.0012342100962996483
GAS,BAD,UCB_WITHOUT_VAE_UNCERTAINTY,43,Q loss,468,0.0027367109432816505
GAS,BAD,UCB_WITHOUT_VAE_UNCERTAINTY,43,Q loss,469,0.005143897142261267
GAS,BAD,UCB_WITHOUT_VAE_UNCERTAINTY,43,Q loss,470,0.0015959053998813033
GAS,BAD,UCB_WITHOUT_VAE_UNCERTAINTY,43,Q loss,471,0.0021316315978765488
GAS,BAD,UCB_WITHOUT_VAE_UNCERTAINTY,43,Q loss,472,0.0029345292132347822
GAS,BAD,UCB_WITHOUT_VAE_UNCERTAINTY,43,Q loss,473,0.004880415741354227
GAS,BAD,UCB_WITHOUT_VAE_UNCERTAINTY,43,Q loss,474,0.002032513963058591
GAS,BAD,UCB_WITHOUT_VAE_UNCERTAINTY,43,Q loss,475,0.0034444744233042
GAS,BAD,UCB_WITHOUT_VAE_UNCERTAINTY,43,Q loss,476,0.00150422309525311
GAS,BAD,UCB_WITHOUT_VAE_UNCERTAINTY,43,Q loss,477,0.0017451138701289892
GAS,BAD,UCB_WITHOUT_VAE_UNCERTAINTY,43,Q loss,478,0.0061685629189014435
GAS,BAD,UCB_WITHOUT_VAE_UNCERTAINTY,43,Q loss,479,0.0016679216641932726
GAS,BAD,UCB_WITHOUT_VAE_UNCERTAINTY,43,Q loss,480,0.0027827522717416286
GAS,BAD,UCB_WITHOUT_VAE_UNCERTAINTY,43,Q loss,481,0.002887032926082611
GAS,BAD,UCB_WITHOUT_VAE_UNCERTAINTY,43,Q loss,482,0.001088408986106515
GAS,BAD,UCB_WITHOUT_VAE_UNCERTAINTY,43,Q loss,483,0.002020152285695076
GAS,BAD,UCB_WITHOUT_VAE_UNCERTAINTY,43,Q loss,484,0.002549224765971303
GAS,BAD,UCB_WITHOUT_VAE_UNCERTAINTY,43,Q loss,485,0.001852264627814293
GAS,BAD,UCB_WITHOUT_VAE_UNCERTAINTY,43,Q loss,486,0.004455213434994221
GAS,BAD,UCB_WITHOUT_VAE_UNCERTAINTY,43,Q loss,487,0.004631666000932455
GAS,BAD,UCB_WITHOUT_VAE_UNCERTAINTY,43,Q loss,488,0.003963363356888294
GAS,BAD,UCB_WITHOUT_VAE_UNCERTAINTY,43,Q loss,489,0.002361271996051073
GAS,BAD,UCB_WITHOUT_VAE_UNCERTAINTY,43,Q loss,490,0.003723910078406334
GAS,BAD,UCB_WITHOUT_VAE_UNCERTAINTY,43,Q loss,491,0.005126012023538351
GAS,BAD,UCB_WITHOUT_VAE_UNCERTAINTY,43,Q loss,492,0.001478194142691791
GAS,BAD,UCB_WITHOUT_VAE_UNCERTAINTY,43,Q loss,493,0.0029454310424625874
GAS,BAD,UCB_WITHOUT_VAE_UNCERTAINTY,43,Q loss,494,0.0019209260353818536
GAS,BAD,UCB_WITHOUT_VAE_UNCERTAINTY,43,Q loss,495,0.0019300871063023806
GAS,BAD,UCB_WITHOUT_VAE_UNCERTAINTY,43,Q loss,496,0.0033441437408328056
GAS,BAD,UCB_WITHOUT_VAE_UNCERTAINTY,43,Q loss,497,0.0009580654441379011
GAS,BAD,UCB_WITHOUT_VAE_UNCERTAINTY,43,Q loss,498,0.001919490983709693
GAS,BAD,UCB_WITHOUT_VAE_UNCERTAINTY,43,Q loss,499,0.0015967204235494137
GAS,BAD,UCB_WITHOUT_VAE_UNCERTAINTY,43,Q loss,500,0.0017686274368315935
GAS,BAD,UCB_WITHOUT_VAE_UNCERTAINTY,43,Q loss,501,0.001994580961763859
GAS,BAD,UCB_WITHOUT_VAE_UNCERTAINTY,43,Q loss,502,0.001606340752914548
GAS,BAD,UCB_WITHOUT_VAE_UNCERTAINTY,43,Q loss,503,0.012210315093398094
GAS,BAD,UCB_WITHOUT_VAE_UNCERTAINTY,43,Q loss,504,0.0010727961780503392
GAS,BAD,UCB_WITHOUT_VAE_UNCERTAINTY,43,Q loss,505,0.004158872179687023
GAS,BAD,UCB_WITHOUT_VAE_UNCERTAINTY,43,Q loss,506,0.003133134450763464
GAS,BAD,UCB_WITHOUT_VAE_UNCERTAINTY,43,Q loss,507,0.002275582402944565
GAS,BAD,UCB_WITHOUT_VAE_UNCERTAINTY,43,Q loss,508,0.0030743908137083054
GAS,BAD,UCB_WITHOUT_VAE_UNCERTAINTY,43,Q loss,509,0.0038972811307758093
GAS,BAD,UCB_WITHOUT_VAE_UNCERTAINTY,43,Q loss,510,0.003142909612506628
GAS,BAD,UCB_WITHOUT_VAE_UNCERTAINTY,43,Q loss,511,0.0011444599367678165
GAS,BAD,UCB_WITHOUT_VAE_UNCERTAINTY,43,Q loss,512,0.0005077609675936401
GAS,BAD,UCB_WITHOUT_VAE_UNCERTAINTY,43,Q loss,513,0.0021602895576506853
GAS,BAD,UCB_WITHOUT_VAE_UNCERTAINTY,43,Q loss,514,0.0016600562958046794
GAS,BAD,UCB_WITHOUT_VAE_UNCERTAINTY,43,Q loss,515,0.0015438040718436241
GAS,BAD,UCB_WITHOUT_VAE_UNCERTAINTY,43,Q loss,516,0.0010725080501288176
GAS,BAD,UCB_WITHOUT_VAE_UNCERTAINTY,43,Q loss,517,0.0029244476463645697
GAS,BAD,UCB_WITHOUT_VAE_UNCERTAINTY,43,Q loss,518,0.0022821754682809114
GAS,BAD,UCB_WITHOUT_VAE_UNCERTAINTY,43,Q loss,519,0.003656301647424698
GAS,BAD,UCB_WITHOUT_VAE_UNCERTAINTY,43,Q loss,520,0.002836509607732296
GAS,BAD,UCB_WITHOUT_VAE_UNCERTAINTY,43,Q loss,521,0.011619171127676964
GAS,BAD,UCB_WITHOUT_VAE_UNCERTAINTY,43,Q loss,522,0.0015378484968096018
GAS,BAD,UCB_WITHOUT_VAE_UNCERTAINTY,43,Q loss,523,0.003588257823139429
GAS,BAD,UCB_WITHOUT_VAE_UNCERTAINTY,43,Q loss,524,0.001826510764658451
GAS,BAD,UCB_WITHOUT_VAE_UNCERTAINTY,43,Q loss,525,0.004954547621309757
GAS,BAD,UCB_WITHOUT_VAE_UNCERTAINTY,43,Q loss,526,0.0026483393739908934
GAS,BAD,UCB_WITHOUT_VAE_UNCERTAINTY,43,Q loss,527,0.004930178634822369
GAS,BAD,UCB_WITHOUT_VAE_UNCERTAINTY,43,Q loss,528,0.0020004240795969963
GAS,BAD,UCB_WITHOUT_VAE_UNCERTAINTY,43,Q loss,529,0.0013721659779548645
GAS,BAD,UCB_WITHOUT_VAE_UNCERTAINTY,43,Q loss,530,0.0019123166566714644
GAS,BAD,UCB_WITHOUT_VAE_UNCERTAINTY,43,Q loss,531,0.0007787319482304156
GAS,BAD,UCB_WITHOUT_VAE_UNCERTAINTY,43,Q loss,532,0.0018993228441104293
GAS,BAD,UCB_WITHOUT_VAE_UNCERTAINTY,43,Q loss,533,0.006082942709326744
GAS,BAD,UCB_WITHOUT_VAE_UNCERTAINTY,43,Q loss,534,0.0010468935361132026
GAS,BAD,UCB_WITHOUT_VAE_UNCERTAINTY,43,Q loss,535,0.001233136747032404
GAS,BAD,UCB_WITHOUT_VAE_UNCERTAINTY,43,Q loss,536,0.0009231222793459892
GAS,BAD,UCB_WITHOUT_VAE_UNCERTAINTY,43,Q loss,537,0.00252075819298625
GAS,BAD,UCB_WITHOUT_VAE_UNCERTAINTY,43,Q loss,538,0.00252432725392282
GAS,BAD,UCB_WITHOUT_VAE_UNCERTAINTY,43,Q loss,539,0.009708068333566189
GAS,BAD,UCB_WITHOUT_VAE_UNCERTAINTY,43,Q loss,540,0.0021811656188219786
GAS,BAD,UCB_WITHOUT_VAE_UNCERTAINTY,43,Q loss,541,0.0020789806731045246
GAS,BAD,UCB_WITHOUT_VAE_UNCERTAINTY,43,Q loss,542,0.0027111368253827095
GAS,BAD,UCB_WITHOUT_VAE_UNCERTAINTY,43,Q loss,543,0.0018042526207864285
GAS,BAD,UCB_WITHOUT_VAE_UNCERTAINTY,43,Q loss,544,0.0028939428739249706
GAS,BAD,UCB_WITHOUT_VAE_UNCERTAINTY,43,Q loss,545,0.004319567233324051
GAS,BAD,UCB_WITHOUT_VAE_UNCERTAINTY,43,Q loss,546,0.0013942047953605652
GAS,BAD,UCB_WITHOUT_VAE_UNCERTAINTY,43,Q loss,547,0.0005193616962060332
GAS,BAD,UCB_WITHOUT_VAE_UNCERTAINTY,43,Q loss,548,0.0026804571971297264
GAS,BAD,UCB_WITHOUT_VAE_UNCERTAINTY,43,Q loss,549,0.0039659347385168076
GAS,BAD,UCB_WITHOUT_VAE_UNCERTAINTY,43,Q loss,550,0.0036037068348377943
GAS,BAD,UCB_WITHOUT_VAE_UNCERTAINTY,43,Q loss,551,0.002090893220156431
GAS,BAD,UCB_WITHOUT_VAE_UNCERTAINTY,43,Q loss,552,0.0008488015737384558
GAS,BAD,UCB_WITHOUT_VAE_UNCERTAINTY,43,Q loss,553,0.0007668184116482735
GAS,BAD,UCB_WITHOUT_VAE_UNCERTAINTY,43,Q loss,554,0.0007982980459928513
GAS,BAD,UCB_WITHOUT_VAE_UNCERTAINTY,43,Q loss,555,0.0015283024404197931
GAS,BAD,UCB_WITHOUT_VAE_UNCERTAINTY,43,Q loss,556,0.0012202870566397905
GAS,BAD,UCB_WITHOUT_VAE_UNCERTAINTY,43,Q loss,557,0.0032860999926924706
GAS,BAD,UCB_WITHOUT_VAE_UNCERTAINTY,43,Q loss,558,0.003869788721203804
GAS,BAD,UCB_WITHOUT_VAE_UNCERTAINTY,43,Q loss,559,0.003802630351856351
GAS,BAD,UCB_WITHOUT_VAE_UNCERTAINTY,43,Q loss,560,0.002649683738127351
GAS,BAD,UCB_WITHOUT_VAE_UNCERTAINTY,43,Q loss,561,0.0007453465950675309
GAS,BAD,UCB_WITHOUT_VAE_UNCERTAINTY,43,Q loss,562,0.006479778327047825
GAS,BAD,UCB_WITHOUT_VAE_UNCERTAINTY,43,Q loss,563,0.0031504668295383453
GAS,BAD,UCB_WITHOUT_VAE_UNCERTAINTY,43,Q loss,564,0.002764856442809105
GAS,BAD,UCB_WITHOUT_VAE_UNCERTAINTY,43,Q loss,565,0.0018673707963898778
GAS,BAD,UCB_WITHOUT_VAE_UNCERTAINTY,43,Q loss,566,0.0036629498936235905
GAS,BAD,UCB_WITHOUT_VAE_UNCERTAINTY,43,Q loss,567,0.0029507193248718977
GAS,BAD,UCB_WITHOUT_VAE_UNCERTAINTY,43,Q loss,568,0.0017462954856455326
GAS,BAD,UCB_WITHOUT_VAE_UNCERTAINTY,43,Q loss,569,0.000958222197368741
GAS,BAD,UCB_WITHOUT_VAE_UNCERTAINTY,43,Q loss,570,0.0006792567437514663
GAS,BAD,UCB_WITHOUT_VAE_UNCERTAINTY,43,Q loss,571,0.001963792135939002
GAS,BAD,UCB_WITHOUT_VAE_UNCERTAINTY,43,Q loss,572,0.0012188968248665333
GAS,BAD,UCB_WITHOUT_VAE_UNCERTAINTY,43,Q loss,573,0.002637967001646757
GAS,BAD,UCB_WITHOUT_VAE_UNCERTAINTY,43,Q loss,574,0.0024286808911710978
GAS,BAD,UCB_WITHOUT_VAE_UNCERTAINTY,43,Q loss,575,0.010016157291829586
GAS,BAD,UCB_WITHOUT_VAE_UNCERTAINTY,43,Q loss,576,0.001183835556730628
GAS,BAD,UCB_WITHOUT_VAE_UNCERTAINTY,43,Q loss,577,0.004565785638988018
GAS,BAD,UCB_WITHOUT_VAE_UNCERTAINTY,43,Q loss,578,0.0007420745678246021
GAS,BAD,UCB_WITHOUT_VAE_UNCERTAINTY,43,Q loss,579,0.002224687719717622
GAS,BAD,UCB_WITHOUT_VAE_UNCERTAINTY,43,Q loss,580,0.0026312079280614853
GAS,BAD,UCB_WITHOUT_VAE_UNCERTAINTY,43,Q loss,581,0.0033407993614673615
GAS,BAD,UCB_WITHOUT_VAE_UNCERTAINTY,43,Q loss,582,0.0025872511323541403
GAS,BAD,UCB_WITHOUT_VAE_UNCERTAINTY,43,Q loss,583,0.0024518414866179228
GAS,BAD,UCB_WITHOUT_VAE_UNCERTAINTY,43,Q loss,584,0.0017745645018294454
GAS,BAD,UCB_WITHOUT_VAE_UNCERTAINTY,43,Q loss,585,0.0041220709681510925
GAS,BAD,UCB_WITHOUT_VAE_UNCERTAINTY,43,Q loss,586,0.0012251073494553566
GAS,BAD,UCB_WITHOUT_VAE_UNCERTAINTY,43,Q loss,587,0.0016541534569114447
GAS,BAD,UCB_WITHOUT_VAE_UNCERTAINTY,43,Q loss,588,0.0013074318412691355
GAS,BAD,UCB_WITHOUT_VAE_UNCERTAINTY,43,Q loss,589,0.0028898771852254868
GAS,BAD,UCB_WITHOUT_VAE_UNCERTAINTY,43,Q loss,590,0.0014999528648331761
GAS,BAD,UCB_WITHOUT_VAE_UNCERTAINTY,43,Q loss,591,0.0010750088840723038
GAS,BAD,UCB_WITHOUT_VAE_UNCERTAINTY,43,Q loss,592,0.0028786996845155954
GAS,BAD,UCB_WITHOUT_VAE_UNCERTAINTY,43,Q loss,593,0.0022511158604174852
GAS,BAD,UCB_WITHOUT_VAE_UNCERTAINTY,43,Q loss,594,0.0016002827323973179
GAS,BAD,UCB_WITHOUT_VAE_UNCERTAINTY,43,Q loss,595,0.003836578456684947
GAS,BAD,UCB_WITHOUT_VAE_UNCERTAINTY,43,Q loss,596,0.0022390317171812057
GAS,BAD,UCB_WITHOUT_VAE_UNCERTAINTY,43,Q loss,597,0.00307397055439651
GAS,BAD,UCB_WITHOUT_VAE_UNCERTAINTY,43,Q loss,598,0.006792920641601086
GAS,BAD,UCB_WITHOUT_VAE_UNCERTAINTY,43,Q loss,599,0.006880032829940319
GAS,BAD,UCB_WITHOUT_VAE_UNCERTAINTY,43,Q loss,600,0.00414111465215683
GAS,BAD,UCB_WITHOUT_VAE_UNCERTAINTY,43,Q loss,601,0.0026917639188468456
GAS,BAD,UCB_WITHOUT_VAE_UNCERTAINTY,43,Q loss,602,0.001934648840688169
GAS,BAD,UCB_WITHOUT_VAE_UNCERTAINTY,43,Q loss,603,0.0075044818222522736
GAS,BAD,UCB_WITHOUT_VAE_UNCERTAINTY,43,Q loss,604,0.004252025857567787
GAS,BAD,UCB_WITHOUT_VAE_UNCERTAINTY,43,Q loss,605,0.0008517029345966876
GAS,BAD,UCB_WITHOUT_VAE_UNCERTAINTY,43,Q loss,606,0.0011274735443294048
GAS,BAD,UCB_WITHOUT_VAE_UNCERTAINTY,43,Q loss,607,0.001937114866450429
GAS,BAD,UCB_WITHOUT_VAE_UNCERTAINTY,43,Q loss,608,0.0028100586496293545
GAS,BAD,UCB_WITHOUT_VAE_UNCERTAINTY,43,Q loss,609,0.001405860180966556
GAS,BAD,UCB_WITHOUT_VAE_UNCERTAINTY,43,Q loss,610,0.0008260895265266299
GAS,BAD,UCB_WITHOUT_VAE_UNCERTAINTY,43,Q loss,611,0.0032578485552221537
GAS,BAD,UCB_WITHOUT_VAE_UNCERTAINTY,43,Q loss,612,0.0017777448520064354
GAS,BAD,UCB_WITHOUT_VAE_UNCERTAINTY,43,Q loss,613,0.0020042017567902803
GAS,BAD,UCB_WITHOUT_VAE_UNCERTAINTY,43,Q loss,614,0.0006367532769218087
GAS,BAD,UCB_WITHOUT_VAE_UNCERTAINTY,43,Q loss,615,0.002951066941022873
GAS,BAD,UCB_WITHOUT_VAE_UNCERTAINTY,43,Q loss,616,0.0016569166909903288
GAS,BAD,UCB_WITHOUT_VAE_UNCERTAINTY,43,Q loss,617,0.007611578796058893
GAS,BAD,UCB_WITHOUT_VAE_UNCERTAINTY,43,Q loss,618,0.002556352410465479
GAS,BAD,UCB_WITHOUT_VAE_UNCERTAINTY,43,Q loss,619,0.0013002569321542978
GAS,BAD,UCB_WITHOUT_VAE_UNCERTAINTY,43,Q loss,620,0.001293438021093607
GAS,BAD,UCB_WITHOUT_VAE_UNCERTAINTY,43,Q loss,621,0.002926819957792759
GAS,BAD,UCB_WITHOUT_VAE_UNCERTAINTY,43,Q loss,622,0.0037533300928771496
GAS,BAD,UCB_WITHOUT_VAE_UNCERTAINTY,43,Q loss,623,0.0016417679144069552
GAS,BAD,UCB_WITHOUT_VAE_UNCERTAINTY,43,Q loss,624,0.0016244983999058604
GAS,BAD,UCB_WITHOUT_VAE_UNCERTAINTY,43,Q loss,625,0.002361237071454525
GAS,BAD,UCB_WITHOUT_VAE_UNCERTAINTY,43,Q loss,626,0.002543436596170068
GAS,BAD,UCB_WITHOUT_VAE_UNCERTAINTY,43,Q loss,627,0.002019610721617937
GAS,BAD,UCB_WITHOUT_VAE_UNCERTAINTY,43,Q loss,628,0.0017934836214408278
GAS,BAD,UCB_WITHOUT_VAE_UNCERTAINTY,43,Q loss,629,0.0011279458412900567
GAS,BAD,UCB_WITHOUT_VAE_UNCERTAINTY,43,Q loss,630,0.0012384307337924838
GAS,BAD,UCB_WITHOUT_VAE_UNCERTAINTY,43,Q loss,631,0.005109344609081745
GAS,BAD,UCB_WITHOUT_VAE_UNCERTAINTY,43,Q loss,632,0.0015682070516049862
GAS,BAD,UCB_WITHOUT_VAE_UNCERTAINTY,43,Q loss,633,0.0035901591181755066
GAS,BAD,UCB_WITHOUT_VAE_UNCERTAINTY,43,Q loss,634,0.0029755476862192154
GAS,BAD,UCB_WITHOUT_VAE_UNCERTAINTY,43,Q loss,635,0.005102028138935566
GAS,BAD,UCB_WITHOUT_VAE_UNCERTAINTY,43,Q loss,636,0.001445080735720694
GAS,BAD,UCB_WITHOUT_VAE_UNCERTAINTY,43,Q loss,637,0.0022627825383096933
GAS,BAD,UCB_WITHOUT_VAE_UNCERTAINTY,43,Q loss,638,0.002707357984036207
GAS,BAD,UCB_WITHOUT_VAE_UNCERTAINTY,43,Q loss,639,0.0011285687796771526
GAS,BAD,UCB_WITHOUT_VAE_UNCERTAINTY,43,Q loss,640,0.0019898933824151754
GAS,BAD,UCB_WITHOUT_VAE_UNCERTAINTY,43,Q loss,641,0.0006855736137367785
GAS,BAD,UCB_WITHOUT_VAE_UNCERTAINTY,43,Q loss,642,0.0014016847126185894
GAS,BAD,UCB_WITHOUT_VAE_UNCERTAINTY,43,Q loss,643,0.002083235653117299
GAS,BAD,UCB_WITHOUT_VAE_UNCERTAINTY,43,Q loss,644,0.001709944917820394
GAS,BAD,UCB_WITHOUT_VAE_UNCERTAINTY,43,Q loss,645,0.001095603802241385
GAS,BAD,UCB_WITHOUT_VAE_UNCERTAINTY,43,Q loss,646,0.001944869291037321
GAS,BAD,UCB_WITHOUT_VAE_UNCERTAINTY,43,Q loss,647,0.006978762801736593
GAS,BAD,UCB_WITHOUT_VAE_UNCERTAINTY,43,Q loss,648,0.003161967732012272
GAS,BAD,UCB_WITHOUT_VAE_UNCERTAINTY,43,Q loss,649,0.0022659357637166977
GAS,BAD,UCB_WITHOUT_VAE_UNCERTAINTY,43,Q loss,650,0.0032753029372543097
GAS,BAD,UCB_WITHOUT_VAE_UNCERTAINTY,43,Q loss,651,0.0009981843177229166
GAS,BAD,UCB_WITHOUT_VAE_UNCERTAINTY,43,Q loss,652,0.0017765879165381193
GAS,BAD,UCB_WITHOUT_VAE_UNCERTAINTY,43,Q loss,653,0.006725763902068138
GAS,BAD,UCB_WITHOUT_VAE_UNCERTAINTY,43,Q loss,654,0.003743183333426714
GAS,BAD,UCB_WITHOUT_VAE_UNCERTAINTY,43,Q loss,655,0.00138602324295789
GAS,BAD,UCB_WITHOUT_VAE_UNCERTAINTY,43,Q loss,656,0.0019468433456495404
GAS,BAD,UCB_WITHOUT_VAE_UNCERTAINTY,43,Q loss,657,0.0024981882888823748
GAS,BAD,UCB_WITHOUT_VAE_UNCERTAINTY,43,Q loss,658,0.001079261302947998
GAS,BAD,UCB_WITHOUT_VAE_UNCERTAINTY,43,Q loss,659,0.0020292135886847973
GAS,BAD,UCB_WITHOUT_VAE_UNCERTAINTY,43,Q loss,660,0.0015852866927161813
GAS,BAD,UCB_WITHOUT_VAE_UNCERTAINTY,43,Q loss,661,0.0014280346222221851
GAS,BAD,UCB_WITHOUT_VAE_UNCERTAINTY,43,Q loss,662,0.0008305866504088044
GAS,BAD,UCB_WITHOUT_VAE_UNCERTAINTY,43,Q loss,663,0.0025554460007697344
GAS,BAD,UCB_WITHOUT_VAE_UNCERTAINTY,43,Q loss,664,0.001152298878878355
GAS,BAD,UCB_WITHOUT_VAE_UNCERTAINTY,43,Q loss,665,0.007189581170678139
GAS,BAD,UCB_WITHOUT_VAE_UNCERTAINTY,43,Q loss,666,0.004085267893970013
GAS,BAD,UCB_WITHOUT_VAE_UNCERTAINTY,43,Q loss,667,0.0025153819005936384
GAS,BAD,UCB_WITHOUT_VAE_UNCERTAINTY,43,Q loss,668,0.0016057221218943596
GAS,BAD,UCB_WITHOUT_VAE_UNCERTAINTY,43,Q loss,669,0.0026215093676000834
GAS,BAD,UCB_WITHOUT_VAE_UNCERTAINTY,43,Q loss,670,0.0017403392121195793
GAS,BAD,UCB_WITHOUT_VAE_UNCERTAINTY,43,Q loss,671,0.0034275115467607975
GAS,BAD,UCB_WITHOUT_VAE_UNCERTAINTY,43,Q loss,672,0.0010873557766899467
GAS,BAD,UCB_WITHOUT_VAE_UNCERTAINTY,43,Q loss,673,0.0024836936499923468
GAS,BAD,UCB_WITHOUT_VAE_UNCERTAINTY,43,Q loss,674,0.0038210724014788866
GAS,BAD,UCB_WITHOUT_VAE_UNCERTAINTY,43,Q loss,675,0.0009208420524373651
GAS,BAD,UCB_WITHOUT_VAE_UNCERTAINTY,43,Q loss,676,0.0019577837083488703
GAS,BAD,UCB_WITHOUT_VAE_UNCERTAINTY,43,Q loss,677,0.0032577221281826496
GAS,BAD,UCB_WITHOUT_VAE_UNCERTAINTY,43,Q loss,678,0.0011814432218670845
GAS,BAD,UCB_WITHOUT_VAE_UNCERTAINTY,43,Q loss,679,0.0014366027899086475
GAS,BAD,UCB_WITHOUT_VAE_UNCERTAINTY,43,Q loss,680,0.0006100384052842855
GAS,BAD,UCB_WITHOUT_VAE_UNCERTAINTY,43,Q loss,681,0.0018474002135917544
GAS,BAD,UCB_WITHOUT_VAE_UNCERTAINTY,43,Q loss,682,0.002738245762884617
GAS,BAD,UCB_WITHOUT_VAE_UNCERTAINTY,43,Q loss,683,0.0008322192006744444
GAS,BAD,UCB_WITHOUT_VAE_UNCERTAINTY,43,Q loss,684,0.0031935640145093203
GAS,BAD,UCB_WITHOUT_VAE_UNCERTAINTY,43,Q loss,685,0.00350635196082294
GAS,BAD,UCB_WITHOUT_VAE_UNCERTAINTY,43,Q loss,686,0.001218564109876752
GAS,BAD,UCB_WITHOUT_VAE_UNCERTAINTY,43,Q loss,687,0.0012118734885007143
GAS,BAD,UCB_WITHOUT_VAE_UNCERTAINTY,43,Q loss,688,0.003567294916138053
GAS,BAD,UCB_WITHOUT_VAE_UNCERTAINTY,43,Q loss,689,0.007504929322749376
GAS,BAD,UCB_WITHOUT_VAE_UNCERTAINTY,43,Q loss,690,0.002251123310998082
GAS,BAD,UCB_WITHOUT_VAE_UNCERTAINTY,43,Q loss,691,0.001180062536150217
GAS,BAD,UCB_WITHOUT_VAE_UNCERTAINTY,43,Q loss,692,0.0015769640449434519
GAS,BAD,UCB_WITHOUT_VAE_UNCERTAINTY,43,Q loss,693,0.0004870538832619786
GAS,BAD,UCB_WITHOUT_VAE_UNCERTAINTY,43,Q loss,694,0.0020245881751179695
GAS,BAD,UCB_WITHOUT_VAE_UNCERTAINTY,43,Q loss,695,0.0013367364881560206
GAS,BAD,UCB_WITHOUT_VAE_UNCERTAINTY,43,Q loss,696,0.0017008522991091013
GAS,BAD,UCB_WITHOUT_VAE_UNCERTAINTY,43,Q loss,697,0.0015085788909345865
GAS,BAD,UCB_WITHOUT_VAE_UNCERTAINTY,43,Q loss,698,0.000625157612375915
GAS,BAD,UCB_WITHOUT_VAE_UNCERTAINTY,43,Q loss,699,0.0016227001324295998
GAS,BAD,UCB_WITHOUT_VAE_UNCERTAINTY,43,Q loss,700,0.0019334217067807913
GAS,BAD,UCB_WITHOUT_VAE_UNCERTAINTY,43,Q loss,701,0.001114287762902677
GAS,BAD,UCB_WITHOUT_VAE_UNCERTAINTY,43,Q loss,702,0.0012075246777385473
GAS,BAD,UCB_WITHOUT_VAE_UNCERTAINTY,43,Q loss,703,0.0019816397689282894
GAS,BAD,UCB_WITHOUT_VAE_UNCERTAINTY,43,Q loss,704,0.003934637643396854
GAS,BAD,UCB_WITHOUT_VAE_UNCERTAINTY,43,Q loss,705,0.0012578883906826377
GAS,BAD,UCB_WITHOUT_VAE_UNCERTAINTY,43,Q loss,706,0.004280637484043837
GAS,BAD,UCB_WITHOUT_VAE_UNCERTAINTY,43,Q loss,707,0.0038916219491511583
GAS,BAD,UCB_WITHOUT_VAE_UNCERTAINTY,43,Q loss,708,0.002440826967358589
GAS,BAD,UCB_WITHOUT_VAE_UNCERTAINTY,43,Q loss,709,0.002046068897470832
GAS,BAD,UCB_WITHOUT_VAE_UNCERTAINTY,43,Q loss,710,0.0012780585093423724
GAS,BAD,UCB_WITHOUT_VAE_UNCERTAINTY,43,Q loss,711,0.0021580765023827553
GAS,BAD,UCB_WITHOUT_VAE_UNCERTAINTY,43,Q loss,712,0.0018643736839294434
GAS,BAD,UCB_WITHOUT_VAE_UNCERTAINTY,43,Q loss,713,0.0016234847716987133
GAS,BAD,UCB_WITHOUT_VAE_UNCERTAINTY,43,Q loss,714,0.0011503109708428383
GAS,BAD,UCB_WITHOUT_VAE_UNCERTAINTY,43,Q loss,715,0.00134148052893579
GAS,BAD,UCB_WITHOUT_VAE_UNCERTAINTY,43,Q loss,716,0.000587994756642729
GAS,BAD,UCB_WITHOUT_VAE_UNCERTAINTY,43,Q loss,717,0.0005216376739554107
GAS,BAD,UCB_WITHOUT_VAE_UNCERTAINTY,43,Q loss,718,0.0016665670555084944
GAS,BAD,UCB_WITHOUT_VAE_UNCERTAINTY,43,Q loss,719,0.002548732329159975
GAS,BAD,UCB_WITHOUT_VAE_UNCERTAINTY,43,Q loss,720,0.002191243227571249
GAS,BAD,UCB_WITHOUT_VAE_UNCERTAINTY,43,Q loss,721,0.0033232884015887976
GAS,BAD,UCB_WITHOUT_VAE_UNCERTAINTY,43,Q loss,722,0.0013872412964701653
GAS,BAD,UCB_WITHOUT_VAE_UNCERTAINTY,43,Q loss,723,0.0013920639175921679
GAS,BAD,UCB_WITHOUT_VAE_UNCERTAINTY,43,Q loss,724,0.0014484860002994537
GAS,BAD,UCB_WITHOUT_VAE_UNCERTAINTY,43,Q loss,725,0.003696226514875889
GAS,BAD,UCB_WITHOUT_VAE_UNCERTAINTY,43,Q loss,726,0.002706283237785101
GAS,BAD,UCB_WITHOUT_VAE_UNCERTAINTY,43,Q loss,727,0.001407893723808229
GAS,BAD,UCB_WITHOUT_VAE_UNCERTAINTY,43,Q loss,728,0.0009572756825946271
GAS,BAD,UCB_WITHOUT_VAE_UNCERTAINTY,43,Q loss,729,0.0009402076248079538
GAS,BAD,UCB_WITHOUT_VAE_UNCERTAINTY,43,Q loss,730,0.003654186148196459
GAS,BAD,UCB_WITHOUT_VAE_UNCERTAINTY,43,Q loss,731,0.0010803834302350879
GAS,BAD,UCB_WITHOUT_VAE_UNCERTAINTY,43,Q loss,732,0.002503578318282962
GAS,BAD,UCB_WITHOUT_VAE_UNCERTAINTY,43,Q loss,733,0.0006221476360224187
GAS,BAD,UCB_WITHOUT_VAE_UNCERTAINTY,43,Q loss,734,0.0019903811626136303
GAS,BAD,UCB_WITHOUT_VAE_UNCERTAINTY,43,Q loss,735,0.0020315004512667656
GAS,BAD,UCB_WITHOUT_VAE_UNCERTAINTY,43,Q loss,736,0.000871142081450671
GAS,BAD,UCB_WITHOUT_VAE_UNCERTAINTY,43,Q loss,737,0.0027241462375968695
GAS,BAD,UCB_WITHOUT_VAE_UNCERTAINTY,43,Q loss,738,0.003137740772217512
GAS,BAD,UCB_WITHOUT_VAE_UNCERTAINTY,43,Q loss,739,0.005089807324111462
GAS,BAD,UCB_WITHOUT_VAE_UNCERTAINTY,43,Q loss,740,0.0018604978686198592
GAS,BAD,UCB_WITHOUT_VAE_UNCERTAINTY,43,Q loss,741,0.002259226515889168
GAS,BAD,UCB_WITHOUT_VAE_UNCERTAINTY,43,Q loss,742,0.0033597550354897976
GAS,BAD,UCB_WITHOUT_VAE_UNCERTAINTY,43,Q loss,743,0.004956385120749474
GAS,BAD,UCB_WITHOUT_VAE_UNCERTAINTY,43,Q loss,744,0.000807899865321815
GAS,BAD,UCB_WITHOUT_VAE_UNCERTAINTY,43,Q loss,745,0.0008754539885558188
GAS,BAD,UCB_WITHOUT_VAE_UNCERTAINTY,43,Q loss,746,0.0023612426593899727
GAS,BAD,UCB_WITHOUT_VAE_UNCERTAINTY,43,Q loss,747,0.0039203898049890995
GAS,BAD,UCB_WITHOUT_VAE_UNCERTAINTY,43,Q loss,748,0.0031630208250135183
GAS,BAD,UCB_WITHOUT_VAE_UNCERTAINTY,43,Q loss,749,0.002028681105002761
GAS,BAD,UCB_WITHOUT_VAE_UNCERTAINTY,43,Q loss,750,0.0010994751937687397
GAS,BAD,UCB_WITHOUT_VAE_UNCERTAINTY,43,Q loss,751,0.0013315447140485048
GAS,BAD,UCB_WITHOUT_VAE_UNCERTAINTY,43,Q loss,752,0.0009579103207215667
GAS,BAD,UCB_WITHOUT_VAE_UNCERTAINTY,43,Q loss,753,0.001759208389557898
GAS,BAD,UCB_WITHOUT_VAE_UNCERTAINTY,43,Q loss,754,0.0006904581096023321
GAS,BAD,UCB_WITHOUT_VAE_UNCERTAINTY,43,Q loss,755,0.0016548479907214642
GAS,BAD,UCB_WITHOUT_VAE_UNCERTAINTY,43,Q loss,756,0.0024746733251959085
GAS,BAD,UCB_WITHOUT_VAE_UNCERTAINTY,43,Q loss,757,0.0023546123411506414
GAS,BAD,UCB_WITHOUT_VAE_UNCERTAINTY,43,Q loss,758,0.0013879867037758231
GAS,BAD,UCB_WITHOUT_VAE_UNCERTAINTY,43,Q loss,759,0.0014834452886134386
GAS,BAD,UCB_WITHOUT_VAE_UNCERTAINTY,43,Q loss,760,0.0019080864731222391
GAS,BAD,UCB_WITHOUT_VAE_UNCERTAINTY,43,Q loss,761,0.0031101303175091743
GAS,BAD,UCB_WITHOUT_VAE_UNCERTAINTY,43,Q loss,762,0.002187236212193966
GAS,BAD,UCB_WITHOUT_VAE_UNCERTAINTY,43,Q loss,763,0.0010394962737336755
GAS,BAD,UCB_WITHOUT_VAE_UNCERTAINTY,43,Q loss,764,0.0020717643201351166
GAS,BAD,UCB_WITHOUT_VAE_UNCERTAINTY,43,Q loss,765,0.0008508488535881042
GAS,BAD,UCB_WITHOUT_VAE_UNCERTAINTY,43,Q loss,766,0.0021455150563269854
GAS,BAD,UCB_WITHOUT_VAE_UNCERTAINTY,43,Q loss,767,0.004863708280026913
GAS,BAD,UCB_WITHOUT_VAE_UNCERTAINTY,43,Q loss,768,0.0030665569938719273
GAS,BAD,UCB_WITHOUT_VAE_UNCERTAINTY,43,Q loss,769,0.00263903196901083
GAS,BAD,UCB_WITHOUT_VAE_UNCERTAINTY,43,Q loss,770,0.0012402705615386367
GAS,BAD,UCB_WITHOUT_VAE_UNCERTAINTY,43,Q loss,771,0.0017326626693829894
GAS,BAD,UCB_WITHOUT_VAE_UNCERTAINTY,43,Q loss,772,0.0009470714721828699
GAS,BAD,UCB_WITHOUT_VAE_UNCERTAINTY,43,Q loss,773,0.0008951032068580389
GAS,BAD,UCB_WITHOUT_VAE_UNCERTAINTY,43,Q loss,774,0.0012630794662982225
GAS,BAD,UCB_WITHOUT_VAE_UNCERTAINTY,43,Q loss,775,0.0033114501275122166
GAS,BAD,UCB_WITHOUT_VAE_UNCERTAINTY,43,Q loss,776,0.0020311244297772646
GAS,BAD,UCB_WITHOUT_VAE_UNCERTAINTY,43,Q loss,777,0.0010592014295980334
GAS,BAD,UCB_WITHOUT_VAE_UNCERTAINTY,43,Q loss,778,0.0017233833204954863
GAS,BAD,UCB_WITHOUT_VAE_UNCERTAINTY,43,Q loss,779,0.0037197675555944443
GAS,BAD,UCB_WITHOUT_VAE_UNCERTAINTY,43,Q loss,780,0.0015351743204519153
GAS,BAD,UCB_WITHOUT_VAE_UNCERTAINTY,43,Q loss,781,0.0012472671223804355
GAS,BAD,UCB_WITHOUT_VAE_UNCERTAINTY,43,Q loss,782,0.0018901809817180037
GAS,BAD,UCB_WITHOUT_VAE_UNCERTAINTY,43,Q loss,783,0.0011378119233995676
GAS,BAD,UCB_WITHOUT_VAE_UNCERTAINTY,43,Q loss,784,0.0020263257902115583
GAS,BAD,UCB_WITHOUT_VAE_UNCERTAINTY,43,Q loss,785,0.0010265207383781672
GAS,BAD,UCB_WITHOUT_VAE_UNCERTAINTY,43,Q loss,786,0.0013257653918117285
GAS,BAD,UCB_WITHOUT_VAE_UNCERTAINTY,43,Q loss,787,0.0008426286512985826
GAS,BAD,UCB_WITHOUT_VAE_UNCERTAINTY,43,Q loss,788,0.0006918167928233743
GAS,BAD,UCB_WITHOUT_VAE_UNCERTAINTY,43,Q loss,789,0.0011346748797222972
GAS,BAD,UCB_WITHOUT_VAE_UNCERTAINTY,43,Q loss,790,0.0038463990204036236
GAS,BAD,UCB_WITHOUT_VAE_UNCERTAINTY,43,Q loss,791,0.002607902977615595
GAS,BAD,UCB_WITHOUT_VAE_UNCERTAINTY,43,Q loss,792,0.001963906455785036
GAS,BAD,UCB_WITHOUT_VAE_UNCERTAINTY,43,Q loss,793,0.003763144137337804
GAS,BAD,UCB_WITHOUT_VAE_UNCERTAINTY,43,Q loss,794,0.0008074503275565803
GAS,BAD,UCB_WITHOUT_VAE_UNCERTAINTY,43,Q loss,795,0.0017398730851709843
GAS,BAD,UCB_WITHOUT_VAE_UNCERTAINTY,43,Q loss,796,0.003974673338234425
GAS,BAD,UCB_WITHOUT_VAE_UNCERTAINTY,43,Q loss,797,0.001385303563438356
GAS,BAD,UCB_WITHOUT_VAE_UNCERTAINTY,43,Q loss,798,0.003258202923461795
GAS,BAD,UCB_WITHOUT_VAE_UNCERTAINTY,43,Q loss,799,0.0017732400447130203
GAS,BAD,UCB_WITHOUT_VAE_UNCERTAINTY,43,Q loss,800,0.0009818542748689651
GAS,BAD,UCB_WITHOUT_VAE_UNCERTAINTY,43,Q loss,801,0.0023532642517238855
GAS,BAD,UCB_WITHOUT_VAE_UNCERTAINTY,43,Q loss,802,0.0026938312221318483
GAS,BAD,UCB_WITHOUT_VAE_UNCERTAINTY,43,Q loss,803,0.002566243289038539
GAS,BAD,UCB_WITHOUT_VAE_UNCERTAINTY,43,Q loss,804,0.001976457191631198
GAS,BAD,UCB_WITHOUT_VAE_UNCERTAINTY,43,Q loss,805,0.003234661417081952
GAS,BAD,UCB_WITHOUT_VAE_UNCERTAINTY,43,Q loss,806,0.0013644376304000616
GAS,BAD,UCB_WITHOUT_VAE_UNCERTAINTY,43,Q loss,807,0.002644792664796114
GAS,BAD,UCB_WITHOUT_VAE_UNCERTAINTY,43,Q loss,808,0.0021504200994968414
GAS,BAD,UCB_WITHOUT_VAE_UNCERTAINTY,43,Q loss,809,0.0012924857437610626
GAS,BAD,UCB_WITHOUT_VAE_UNCERTAINTY,43,Cost loss,0,0.1165376752614975
GAS,BAD,UCB_WITHOUT_VAE_UNCERTAINTY,43,Cost loss,1,0.11469472944736481
GAS,BAD,UCB_WITHOUT_VAE_UNCERTAINTY,43,Cost loss,2,0.11427833139896393
GAS,BAD,UCB_WITHOUT_VAE_UNCERTAINTY,43,Cost loss,3,0.11169524490833282
GAS,BAD,UCB_WITHOUT_VAE_UNCERTAINTY,43,Cost loss,4,0.11140694469213486
GAS,BAD,UCB_WITHOUT_VAE_UNCERTAINTY,43,Cost loss,5,0.10915745794773102
GAS,BAD,UCB_WITHOUT_VAE_UNCERTAINTY,43,Cost loss,6,0.10858845710754395
GAS,BAD,UCB_WITHOUT_VAE_UNCERTAINTY,43,Cost loss,7,0.10742329806089401
GAS,BAD,UCB_WITHOUT_VAE_UNCERTAINTY,43,Cost loss,8,0.1052657961845398
GAS,BAD,UCB_WITHOUT_VAE_UNCERTAINTY,43,Cost loss,9,0.10516804456710815
GAS,BAD,UCB_WITHOUT_VAE_UNCERTAINTY,43,Cost loss,10,0.10350307822227478
GAS,BAD,UCB_WITHOUT_VAE_UNCERTAINTY,43,Cost loss,11,0.10345761477947235
GAS,BAD,UCB_WITHOUT_VAE_UNCERTAINTY,43,Cost loss,12,0.10150877386331558
GAS,BAD,UCB_WITHOUT_VAE_UNCERTAINTY,43,Cost loss,13,0.09993285685777664
GAS,BAD,UCB_WITHOUT_VAE_UNCERTAINTY,43,Cost loss,14,0.09949848800897598
GAS,BAD,UCB_WITHOUT_VAE_UNCERTAINTY,43,Cost loss,15,0.09800620377063751
GAS,BAD,UCB_WITHOUT_VAE_UNCERTAINTY,43,Cost loss,16,0.09634372591972351
GAS,BAD,UCB_WITHOUT_VAE_UNCERTAINTY,43,Cost loss,17,0.09551998972892761
GAS,BAD,UCB_WITHOUT_VAE_UNCERTAINTY,43,Cost loss,18,0.09457292407751083
GAS,BAD,UCB_WITHOUT_VAE_UNCERTAINTY,43,Cost loss,19,0.0931212455034256
GAS,BAD,UCB_WITHOUT_VAE_UNCERTAINTY,43,Cost loss,20,0.09276873618364334
GAS,BAD,UCB_WITHOUT_VAE_UNCERTAINTY,43,Cost loss,21,0.0919390618801117
GAS,BAD,UCB_WITHOUT_VAE_UNCERTAINTY,43,Cost loss,22,0.08972512185573578
GAS,BAD,UCB_WITHOUT_VAE_UNCERTAINTY,43,Cost loss,23,0.08959650993347168
GAS,BAD,UCB_WITHOUT_VAE_UNCERTAINTY,43,Cost loss,24,0.08860030770301819
GAS,BAD,UCB_WITHOUT_VAE_UNCERTAINTY,43,Cost loss,25,0.08664223551750183
GAS,BAD,UCB_WITHOUT_VAE_UNCERTAINTY,43,Cost loss,26,0.08623245358467102
GAS,BAD,UCB_WITHOUT_VAE_UNCERTAINTY,43,Cost loss,27,0.08529655635356903
GAS,BAD,UCB_WITHOUT_VAE_UNCERTAINTY,43,Cost loss,28,0.08419601619243622
GAS,BAD,UCB_WITHOUT_VAE_UNCERTAINTY,43,Cost loss,29,0.08307377994060516
GAS,BAD,UCB_WITHOUT_VAE_UNCERTAINTY,43,Cost loss,30,0.08238857984542847
GAS,BAD,UCB_WITHOUT_VAE_UNCERTAINTY,43,Cost loss,31,0.08149402588605881
GAS,BAD,UCB_WITHOUT_VAE_UNCERTAINTY,43,Cost loss,32,0.078746497631073
GAS,BAD,UCB_WITHOUT_VAE_UNCERTAINTY,43,Cost loss,33,0.07953974604606628
GAS,BAD,UCB_WITHOUT_VAE_UNCERTAINTY,43,Cost loss,34,0.07881075888872147
GAS,BAD,UCB_WITHOUT_VAE_UNCERTAINTY,43,Cost loss,35,0.0768388956785202
GAS,BAD,UCB_WITHOUT_VAE_UNCERTAINTY,43,Cost loss,36,0.0758986547589302
GAS,BAD,UCB_WITHOUT_VAE_UNCERTAINTY,43,Cost loss,37,0.07539785653352737
GAS,BAD,UCB_WITHOUT_VAE_UNCERTAINTY,43,Cost loss,38,0.0754978284239769
GAS,BAD,UCB_WITHOUT_VAE_UNCERTAINTY,43,Cost loss,39,0.07386799901723862
GAS,BAD,UCB_WITHOUT_VAE_UNCERTAINTY,43,Cost loss,40,0.0732281357049942
GAS,BAD,UCB_WITHOUT_VAE_UNCERTAINTY,43,Cost loss,41,0.07250918447971344
GAS,BAD,UCB_WITHOUT_VAE_UNCERTAINTY,43,Cost loss,42,0.07083760201931
GAS,BAD,UCB_WITHOUT_VAE_UNCERTAINTY,43,Cost loss,43,0.07084916532039642
GAS,BAD,UCB_WITHOUT_VAE_UNCERTAINTY,43,Cost loss,44,0.06939949095249176
GAS,BAD,UCB_WITHOUT_VAE_UNCERTAINTY,43,Cost loss,45,0.06913265585899353
GAS,BAD,UCB_WITHOUT_VAE_UNCERTAINTY,43,Cost loss,46,0.06798242777585983
GAS,BAD,UCB_WITHOUT_VAE_UNCERTAINTY,43,Cost loss,47,0.06456737220287323
GAS,BAD,UCB_WITHOUT_VAE_UNCERTAINTY,43,Cost loss,48,0.06505127251148224
GAS,BAD,UCB_WITHOUT_VAE_UNCERTAINTY,43,Cost loss,49,0.06408432126045227
GAS,BAD,UCB_WITHOUT_VAE_UNCERTAINTY,43,Cost loss,50,0.06428828835487366
GAS,BAD,UCB_WITHOUT_VAE_UNCERTAINTY,43,Cost loss,51,0.06343957781791687
GAS,BAD,UCB_WITHOUT_VAE_UNCERTAINTY,43,Cost loss,52,0.06199847534298897
GAS,BAD,UCB_WITHOUT_VAE_UNCERTAINTY,43,Cost loss,53,0.060700446367263794
GAS,BAD,UCB_WITHOUT_VAE_UNCERTAINTY,43,Cost loss,54,0.06100136786699295
GAS,BAD,UCB_WITHOUT_VAE_UNCERTAINTY,43,Cost loss,55,0.059036336839199066
GAS,BAD,UCB_WITHOUT_VAE_UNCERTAINTY,43,Cost loss,56,0.05974572151899338
GAS,BAD,UCB_WITHOUT_VAE_UNCERTAINTY,43,Cost loss,57,0.05976361781358719
GAS,BAD,UCB_WITHOUT_VAE_UNCERTAINTY,43,Cost loss,58,0.058651626110076904
GAS,BAD,UCB_WITHOUT_VAE_UNCERTAINTY,43,Cost loss,59,0.05686800554394722
GAS,BAD,UCB_WITHOUT_VAE_UNCERTAINTY,43,Cost loss,60,0.057127632200717926
GAS,BAD,UCB_WITHOUT_VAE_UNCERTAINTY,43,Cost loss,61,0.05534769222140312
GAS,BAD,UCB_WITHOUT_VAE_UNCERTAINTY,43,Cost loss,62,0.05366901680827141
GAS,BAD,UCB_WITHOUT_VAE_UNCERTAINTY,43,Cost loss,63,0.05273532122373581
GAS,BAD,UCB_WITHOUT_VAE_UNCERTAINTY,43,Cost loss,64,0.05491756275296211
GAS,BAD,UCB_WITHOUT_VAE_UNCERTAINTY,43,Cost loss,65,0.05194752663373947
GAS,BAD,UCB_WITHOUT_VAE_UNCERTAINTY,43,Cost loss,66,0.051945507526397705
GAS,BAD,UCB_WITHOUT_VAE_UNCERTAINTY,43,Cost loss,67,0.050556376576423645
GAS,BAD,UCB_WITHOUT_VAE_UNCERTAINTY,43,Cost loss,68,0.05030296370387077
GAS,BAD,UCB_WITHOUT_VAE_UNCERTAINTY,43,Cost loss,69,0.05023573338985443
GAS,BAD,UCB_WITHOUT_VAE_UNCERTAINTY,43,Cost loss,70,0.04901162534952164
GAS,BAD,UCB_WITHOUT_VAE_UNCERTAINTY,43,Cost loss,71,0.04840048775076866
GAS,BAD,UCB_WITHOUT_VAE_UNCERTAINTY,43,Cost loss,72,0.04720218479633331
GAS,BAD,UCB_WITHOUT_VAE_UNCERTAINTY,43,Cost loss,73,0.04665740951895714
GAS,BAD,UCB_WITHOUT_VAE_UNCERTAINTY,43,Cost loss,74,0.04572533443570137
GAS,BAD,UCB_WITHOUT_VAE_UNCERTAINTY,43,Cost loss,75,0.04538498446345329
GAS,BAD,UCB_WITHOUT_VAE_UNCERTAINTY,43,Cost loss,76,0.04404285550117493
GAS,BAD,UCB_WITHOUT_VAE_UNCERTAINTY,43,Cost loss,77,0.04473888501524925
GAS,BAD,UCB_WITHOUT_VAE_UNCERTAINTY,43,Cost loss,78,0.04205193743109703
GAS,BAD,UCB_WITHOUT_VAE_UNCERTAINTY,43,Cost loss,79,0.04205542057752609
GAS,BAD,UCB_WITHOUT_VAE_UNCERTAINTY,43,Cost loss,80,0.04202159866690636
GAS,BAD,UCB_WITHOUT_VAE_UNCERTAINTY,43,Cost loss,81,0.04125063866376877
GAS,BAD,UCB_WITHOUT_VAE_UNCERTAINTY,43,Cost loss,82,0.04049381613731384
GAS,BAD,UCB_WITHOUT_VAE_UNCERTAINTY,43,Cost loss,83,0.04085619002580643
GAS,BAD,UCB_WITHOUT_VAE_UNCERTAINTY,43,Cost loss,84,0.03884003683924675
GAS,BAD,UCB_WITHOUT_VAE_UNCERTAINTY,43,Cost loss,85,0.0387943759560585
GAS,BAD,UCB_WITHOUT_VAE_UNCERTAINTY,43,Cost loss,86,0.03747708722949028
GAS,BAD,UCB_WITHOUT_VAE_UNCERTAINTY,43,Cost loss,87,0.03685230016708374
GAS,BAD,UCB_WITHOUT_VAE_UNCERTAINTY,43,Cost loss,88,0.037348248064517975
GAS,BAD,UCB_WITHOUT_VAE_UNCERTAINTY,43,Cost loss,89,0.03633861243724823
GAS,BAD,UCB_WITHOUT_VAE_UNCERTAINTY,43,Cost loss,90,0.03447287529706955
GAS,BAD,UCB_WITHOUT_VAE_UNCERTAINTY,43,Cost loss,91,0.03403089940547943
GAS,BAD,UCB_WITHOUT_VAE_UNCERTAINTY,43,Cost loss,92,0.03384820371866226
GAS,BAD,UCB_WITHOUT_VAE_UNCERTAINTY,43,Cost loss,93,0.03510667383670807
GAS,BAD,UCB_WITHOUT_VAE_UNCERTAINTY,43,Cost loss,94,0.03367733955383301
GAS,BAD,UCB_WITHOUT_VAE_UNCERTAINTY,43,Cost loss,95,0.03374607861042023
GAS,BAD,UCB_WITHOUT_VAE_UNCERTAINTY,43,Cost loss,96,0.033048175275325775
GAS,BAD,UCB_WITHOUT_VAE_UNCERTAINTY,43,Cost loss,97,0.03222118318080902
GAS,BAD,UCB_WITHOUT_VAE_UNCERTAINTY,43,Cost loss,98,0.030488455668091774
GAS,BAD,UCB_WITHOUT_VAE_UNCERTAINTY,43,Cost loss,99,0.031309377402067184
GAS,BAD,UCB_WITHOUT_VAE_UNCERTAINTY,43,Cost loss,100,0.029339782893657684
GAS,BAD,UCB_WITHOUT_VAE_UNCERTAINTY,43,Cost loss,101,0.029681626707315445
GAS,BAD,UCB_WITHOUT_VAE_UNCERTAINTY,43,Cost loss,102,0.03057686612010002
GAS,BAD,UCB_WITHOUT_VAE_UNCERTAINTY,43,Cost loss,103,0.028448253870010376
GAS,BAD,UCB_WITHOUT_VAE_UNCERTAINTY,43,Cost loss,104,0.028453625738620758
GAS,BAD,UCB_WITHOUT_VAE_UNCERTAINTY,43,Cost loss,105,0.026963945478200912
GAS,BAD,UCB_WITHOUT_VAE_UNCERTAINTY,43,Cost loss,106,0.027230236679315567
GAS,BAD,UCB_WITHOUT_VAE_UNCERTAINTY,43,Cost loss,107,0.02636631205677986
GAS,BAD,UCB_WITHOUT_VAE_UNCERTAINTY,43,Cost loss,108,0.025674007833003998
GAS,BAD,UCB_WITHOUT_VAE_UNCERTAINTY,43,Cost loss,109,0.02430615946650505
GAS,BAD,UCB_WITHOUT_VAE_UNCERTAINTY,43,Cost loss,110,0.02578267827630043
GAS,BAD,UCB_WITHOUT_VAE_UNCERTAINTY,43,Cost loss,111,0.02474343776702881
GAS,BAD,UCB_WITHOUT_VAE_UNCERTAINTY,43,Cost loss,112,0.02464713715016842
GAS,BAD,UCB_WITHOUT_VAE_UNCERTAINTY,43,Cost loss,113,0.023438680917024612
GAS,BAD,UCB_WITHOUT_VAE_UNCERTAINTY,43,Cost loss,114,0.023595964536070824
GAS,BAD,UCB_WITHOUT_VAE_UNCERTAINTY,43,Cost loss,115,0.02212931588292122
GAS,BAD,UCB_WITHOUT_VAE_UNCERTAINTY,43,Cost loss,116,0.022249415516853333
GAS,BAD,UCB_WITHOUT_VAE_UNCERTAINTY,43,Cost loss,117,0.02121037431061268
GAS,BAD,UCB_WITHOUT_VAE_UNCERTAINTY,43,Cost loss,118,0.021251622587442398
GAS,BAD,UCB_WITHOUT_VAE_UNCERTAINTY,43,Cost loss,119,0.020314354449510574
GAS,BAD,UCB_WITHOUT_VAE_UNCERTAINTY,43,Cost loss,120,0.018937010318040848
GAS,BAD,UCB_WITHOUT_VAE_UNCERTAINTY,43,Cost loss,121,0.0196736641228199
GAS,BAD,UCB_WITHOUT_VAE_UNCERTAINTY,43,Cost loss,122,0.018581818789243698
GAS,BAD,UCB_WITHOUT_VAE_UNCERTAINTY,43,Cost loss,123,0.016994724050164223
GAS,BAD,UCB_WITHOUT_VAE_UNCERTAINTY,43,Cost loss,124,0.017322342842817307
GAS,BAD,UCB_WITHOUT_VAE_UNCERTAINTY,43,Cost loss,125,0.018025148659944534
GAS,BAD,UCB_WITHOUT_VAE_UNCERTAINTY,43,Cost loss,126,0.0179390087723732
GAS,BAD,UCB_WITHOUT_VAE_UNCERTAINTY,43,Cost loss,127,0.016255434602499008
GAS,BAD,UCB_WITHOUT_VAE_UNCERTAINTY,43,Cost loss,128,0.01582162082195282
GAS,BAD,UCB_WITHOUT_VAE_UNCERTAINTY,43,Cost loss,129,0.016117295250296593
GAS,BAD,UCB_WITHOUT_VAE_UNCERTAINTY,43,Cost loss,130,0.01641131564974785
GAS,BAD,UCB_WITHOUT_VAE_UNCERTAINTY,43,Cost loss,131,0.01477880124002695
GAS,BAD,UCB_WITHOUT_VAE_UNCERTAINTY,43,Cost loss,132,0.014407841488718987
GAS,BAD,UCB_WITHOUT_VAE_UNCERTAINTY,43,Cost loss,133,0.013812290504574776
GAS,BAD,UCB_WITHOUT_VAE_UNCERTAINTY,43,Cost loss,134,0.014942726120352745
GAS,BAD,UCB_WITHOUT_VAE_UNCERTAINTY,43,Cost loss,135,0.013913231901824474
GAS,BAD,UCB_WITHOUT_VAE_UNCERTAINTY,43,Cost loss,136,0.01266845315694809
GAS,BAD,UCB_WITHOUT_VAE_UNCERTAINTY,43,Cost loss,137,0.013719750568270683
GAS,BAD,UCB_WITHOUT_VAE_UNCERTAINTY,43,Cost loss,138,0.013030841946601868
GAS,BAD,UCB_WITHOUT_VAE_UNCERTAINTY,43,Cost loss,139,0.012800167314708233
GAS,BAD,UCB_WITHOUT_VAE_UNCERTAINTY,43,Cost loss,140,0.01216672733426094
GAS,BAD,UCB_WITHOUT_VAE_UNCERTAINTY,43,Cost loss,141,0.01227024756371975
GAS,BAD,UCB_WITHOUT_VAE_UNCERTAINTY,43,Cost loss,142,0.01238340325653553
GAS,BAD,UCB_WITHOUT_VAE_UNCERTAINTY,43,Cost loss,143,0.012179108336567879
GAS,BAD,UCB_WITHOUT_VAE_UNCERTAINTY,43,Cost loss,144,0.011859599500894547
GAS,BAD,UCB_WITHOUT_VAE_UNCERTAINTY,44,Q loss,0,0.005191260948777199
GAS,BAD,UCB_WITHOUT_VAE_UNCERTAINTY,44,Q loss,1,0.024074476212263107
GAS,BAD,UCB_WITHOUT_VAE_UNCERTAINTY,44,Q loss,2,0.012208707630634308
GAS,BAD,UCB_WITHOUT_VAE_UNCERTAINTY,44,Q loss,3,0.026190120726823807
GAS,BAD,UCB_WITHOUT_VAE_UNCERTAINTY,44,Q loss,4,0.03446858376264572
GAS,BAD,UCB_WITHOUT_VAE_UNCERTAINTY,44,Q loss,5,0.038087137043476105
GAS,BAD,UCB_WITHOUT_VAE_UNCERTAINTY,44,Q loss,6,0.011722773313522339
GAS,BAD,UCB_WITHOUT_VAE_UNCERTAINTY,44,Q loss,7,0.029176319018006325
GAS,BAD,UCB_WITHOUT_VAE_UNCERTAINTY,44,Q loss,8,0.01666071265935898
GAS,BAD,UCB_WITHOUT_VAE_UNCERTAINTY,44,Q loss,9,0.012926476076245308
GAS,BAD,UCB_WITHOUT_VAE_UNCERTAINTY,44,Q loss,10,0.03458753973245621
GAS,BAD,UCB_WITHOUT_VAE_UNCERTAINTY,44,Q loss,11,0.0382392555475235
GAS,BAD,UCB_WITHOUT_VAE_UNCERTAINTY,44,Q loss,12,0.038286514580249786
GAS,BAD,UCB_WITHOUT_VAE_UNCERTAINTY,44,Q loss,13,0.03207740560173988
GAS,BAD,UCB_WITHOUT_VAE_UNCERTAINTY,44,Q loss,14,0.02146952785551548
GAS,BAD,UCB_WITHOUT_VAE_UNCERTAINTY,44,Q loss,15,0.020449446514248848
GAS,BAD,UCB_WITHOUT_VAE_UNCERTAINTY,44,Q loss,16,0.03096623718738556
GAS,BAD,UCB_WITHOUT_VAE_UNCERTAINTY,44,Q loss,17,0.034316349774599075
GAS,BAD,UCB_WITHOUT_VAE_UNCERTAINTY,44,Q loss,18,0.0069550154730677605
GAS,BAD,UCB_WITHOUT_VAE_UNCERTAINTY,44,Q loss,19,0.008455957286059856
GAS,BAD,UCB_WITHOUT_VAE_UNCERTAINTY,44,Q loss,20,0.014094923622906208
GAS,BAD,UCB_WITHOUT_VAE_UNCERTAINTY,44,Q loss,21,0.039121054112911224
GAS,BAD,UCB_WITHOUT_VAE_UNCERTAINTY,44,Q loss,22,0.03372762352228165
GAS,BAD,UCB_WITHOUT_VAE_UNCERTAINTY,44,Q loss,23,0.07097741961479187
GAS,BAD,UCB_WITHOUT_VAE_UNCERTAINTY,44,Q loss,24,0.021490417420864105
GAS,BAD,UCB_WITHOUT_VAE_UNCERTAINTY,44,Q loss,25,0.022049667313694954
GAS,BAD,UCB_WITHOUT_VAE_UNCERTAINTY,44,Q loss,26,0.01133694313466549
GAS,BAD,UCB_WITHOUT_VAE_UNCERTAINTY,44,Q loss,27,0.01601589098572731
GAS,BAD,UCB_WITHOUT_VAE_UNCERTAINTY,44,Q loss,28,0.03828827291727066
GAS,BAD,UCB_WITHOUT_VAE_UNCERTAINTY,44,Q loss,29,0.043937601149082184
GAS,BAD,UCB_WITHOUT_VAE_UNCERTAINTY,44,Q loss,30,0.028917167335748672
GAS,BAD,UCB_WITHOUT_VAE_UNCERTAINTY,44,Q loss,31,0.03696620836853981
GAS,BAD,UCB_WITHOUT_VAE_UNCERTAINTY,44,Q loss,32,0.026116574183106422
GAS,BAD,UCB_WITHOUT_VAE_UNCERTAINTY,44,Q loss,33,0.021676549687981606
GAS,BAD,UCB_WITHOUT_VAE_UNCERTAINTY,44,Q loss,34,0.031086411327123642
GAS,BAD,UCB_WITHOUT_VAE_UNCERTAINTY,44,Q loss,35,0.04938390478491783
GAS,BAD,UCB_WITHOUT_VAE_UNCERTAINTY,44,Q loss,36,0.012019272893667221
GAS,BAD,UCB_WITHOUT_VAE_UNCERTAINTY,44,Q loss,37,0.011998197063803673
GAS,BAD,UCB_WITHOUT_VAE_UNCERTAINTY,44,Q loss,38,0.014112173579633236
GAS,BAD,UCB_WITHOUT_VAE_UNCERTAINTY,44,Q loss,39,0.03317867964506149
GAS,BAD,UCB_WITHOUT_VAE_UNCERTAINTY,44,Q loss,40,0.02649056352674961
GAS,BAD,UCB_WITHOUT_VAE_UNCERTAINTY,44,Q loss,41,0.12156865745782852
GAS,BAD,UCB_WITHOUT_VAE_UNCERTAINTY,44,Q loss,42,0.014811419881880283
GAS,BAD,UCB_WITHOUT_VAE_UNCERTAINTY,44,Q loss,43,0.027233727276325226
GAS,BAD,UCB_WITHOUT_VAE_UNCERTAINTY,44,Q loss,44,0.013275889679789543
GAS,BAD,UCB_WITHOUT_VAE_UNCERTAINTY,44,Q loss,45,0.02379344403743744
GAS,BAD,UCB_WITHOUT_VAE_UNCERTAINTY,44,Q loss,46,0.04029398411512375
GAS,BAD,UCB_WITHOUT_VAE_UNCERTAINTY,44,Q loss,47,0.04094328731298447
GAS,BAD,UCB_WITHOUT_VAE_UNCERTAINTY,44,Q loss,48,0.03554680943489075
GAS,BAD,UCB_WITHOUT_VAE_UNCERTAINTY,44,Q loss,49,0.05810680612921715
GAS,BAD,UCB_WITHOUT_VAE_UNCERTAINTY,44,Q loss,50,0.028035305440425873
GAS,BAD,UCB_WITHOUT_VAE_UNCERTAINTY,44,Q loss,51,0.040148183703422546
GAS,BAD,UCB_WITHOUT_VAE_UNCERTAINTY,44,Q loss,52,0.0400129035115242
GAS,BAD,UCB_WITHOUT_VAE_UNCERTAINTY,44,Q loss,53,0.0549006387591362
GAS,BAD,UCB_WITHOUT_VAE_UNCERTAINTY,44,Q loss,54,0.016549691557884216
GAS,BAD,UCB_WITHOUT_VAE_UNCERTAINTY,44,Q loss,55,0.014871092513203621
GAS,BAD,UCB_WITHOUT_VAE_UNCERTAINTY,44,Q loss,56,0.014854137785732746
GAS,BAD,UCB_WITHOUT_VAE_UNCERTAINTY,44,Q loss,57,0.04677022248506546
GAS,BAD,UCB_WITHOUT_VAE_UNCERTAINTY,44,Q loss,58,0.03355167806148529
GAS,BAD,UCB_WITHOUT_VAE_UNCERTAINTY,44,Q loss,59,0.051919758319854736
GAS,BAD,UCB_WITHOUT_VAE_UNCERTAINTY,44,Q loss,60,0.032026927918195724
GAS,BAD,UCB_WITHOUT_VAE_UNCERTAINTY,44,Q loss,61,0.03026992455124855
GAS,BAD,UCB_WITHOUT_VAE_UNCERTAINTY,44,Q loss,62,0.025574220344424248
GAS,BAD,UCB_WITHOUT_VAE_UNCERTAINTY,44,Q loss,63,0.018300095573067665
GAS,BAD,UCB_WITHOUT_VAE_UNCERTAINTY,44,Q loss,64,0.03562619537115097
GAS,BAD,UCB_WITHOUT_VAE_UNCERTAINTY,44,Q loss,65,0.02665575221180916
GAS,BAD,UCB_WITHOUT_VAE_UNCERTAINTY,44,Q loss,66,0.030006933957338333
GAS,BAD,UCB_WITHOUT_VAE_UNCERTAINTY,44,Q loss,67,0.04439036548137665
GAS,BAD,UCB_WITHOUT_VAE_UNCERTAINTY,44,Q loss,68,0.02654363587498665
GAS,BAD,UCB_WITHOUT_VAE_UNCERTAINTY,44,Q loss,69,0.02853786200284958
GAS,BAD,UCB_WITHOUT_VAE_UNCERTAINTY,44,Q loss,70,0.03008831851184368
GAS,BAD,UCB_WITHOUT_VAE_UNCERTAINTY,44,Q loss,71,0.05555214732885361
GAS,BAD,UCB_WITHOUT_VAE_UNCERTAINTY,44,Q loss,72,0.016661159694194794
GAS,BAD,UCB_WITHOUT_VAE_UNCERTAINTY,44,Q loss,73,0.013219499960541725
GAS,BAD,UCB_WITHOUT_VAE_UNCERTAINTY,44,Q loss,74,0.01212552934885025
GAS,BAD,UCB_WITHOUT_VAE_UNCERTAINTY,44,Q loss,75,0.04273008182644844
GAS,BAD,UCB_WITHOUT_VAE_UNCERTAINTY,44,Q loss,76,0.027583211660385132
GAS,BAD,UCB_WITHOUT_VAE_UNCERTAINTY,44,Q loss,77,0.047165144234895706
GAS,BAD,UCB_WITHOUT_VAE_UNCERTAINTY,44,Q loss,78,0.006961840204894543
GAS,BAD,UCB_WITHOUT_VAE_UNCERTAINTY,44,Q loss,79,0.02428884245455265
GAS,BAD,UCB_WITHOUT_VAE_UNCERTAINTY,44,Q loss,80,0.014039164409041405
GAS,BAD,UCB_WITHOUT_VAE_UNCERTAINTY,44,Q loss,81,0.01645115204155445
GAS,BAD,UCB_WITHOUT_VAE_UNCERTAINTY,44,Q loss,82,0.05097317695617676
GAS,BAD,UCB_WITHOUT_VAE_UNCERTAINTY,44,Q loss,83,0.051513537764549255
GAS,BAD,UCB_WITHOUT_VAE_UNCERTAINTY,44,Q loss,84,0.0367949940264225
GAS,BAD,UCB_WITHOUT_VAE_UNCERTAINTY,44,Q loss,85,0.05694741755723953
GAS,BAD,UCB_WITHOUT_VAE_UNCERTAINTY,44,Q loss,86,0.026103876531124115
GAS,BAD,UCB_WITHOUT_VAE_UNCERTAINTY,44,Q loss,87,0.02239410951733589
GAS,BAD,UCB_WITHOUT_VAE_UNCERTAINTY,44,Q loss,88,0.027633141726255417
GAS,BAD,UCB_WITHOUT_VAE_UNCERTAINTY,44,Q loss,89,0.10323086380958557
GAS,BAD,UCB_WITHOUT_VAE_UNCERTAINTY,44,Q loss,90,0.012660483829677105
GAS,BAD,UCB_WITHOUT_VAE_UNCERTAINTY,44,Q loss,91,0.0074260039255023
GAS,BAD,UCB_WITHOUT_VAE_UNCERTAINTY,44,Q loss,92,0.008772153407335281
GAS,BAD,UCB_WITHOUT_VAE_UNCERTAINTY,44,Q loss,93,0.03066367097198963
GAS,BAD,UCB_WITHOUT_VAE_UNCERTAINTY,44,Q loss,94,0.0234990157186985
GAS,BAD,UCB_WITHOUT_VAE_UNCERTAINTY,44,Q loss,95,0.07178716361522675
GAS,BAD,UCB_WITHOUT_VAE_UNCERTAINTY,44,Q loss,96,0.02958543971180916
GAS,BAD,UCB_WITHOUT_VAE_UNCERTAINTY,44,Q loss,97,0.02008318156003952
GAS,BAD,UCB_WITHOUT_VAE_UNCERTAINTY,44,Q loss,98,0.012564750388264656
GAS,BAD,UCB_WITHOUT_VAE_UNCERTAINTY,44,Q loss,99,0.014687562361359596
GAS,BAD,UCB_WITHOUT_VAE_UNCERTAINTY,44,Q loss,100,0.027845222502946854
GAS,BAD,UCB_WITHOUT_VAE_UNCERTAINTY,44,Q loss,101,0.03701375797390938
GAS,BAD,UCB_WITHOUT_VAE_UNCERTAINTY,44,Q loss,102,0.02935936488211155
GAS,BAD,UCB_WITHOUT_VAE_UNCERTAINTY,44,Q loss,103,0.05232489854097366
GAS,BAD,UCB_WITHOUT_VAE_UNCERTAINTY,44,Q loss,104,0.01724560558795929
GAS,BAD,UCB_WITHOUT_VAE_UNCERTAINTY,44,Q loss,105,0.014241565950214863
GAS,BAD,UCB_WITHOUT_VAE_UNCERTAINTY,44,Q loss,106,0.016629289835691452
GAS,BAD,UCB_WITHOUT_VAE_UNCERTAINTY,44,Q loss,107,0.0328819639980793
GAS,BAD,UCB_WITHOUT_VAE_UNCERTAINTY,44,Q loss,108,0.010674215853214264
GAS,BAD,UCB_WITHOUT_VAE_UNCERTAINTY,44,Q loss,109,0.006869999226182699
GAS,BAD,UCB_WITHOUT_VAE_UNCERTAINTY,44,Q loss,110,0.010523002594709396
GAS,BAD,UCB_WITHOUT_VAE_UNCERTAINTY,44,Q loss,111,0.04105578362941742
GAS,BAD,UCB_WITHOUT_VAE_UNCERTAINTY,44,Q loss,112,0.015384463593363762
GAS,BAD,UCB_WITHOUT_VAE_UNCERTAINTY,44,Q loss,113,0.05448330193758011
GAS,BAD,UCB_WITHOUT_VAE_UNCERTAINTY,44,Q loss,114,0.017057660967111588
GAS,BAD,UCB_WITHOUT_VAE_UNCERTAINTY,44,Q loss,115,0.017470870167016983
GAS,BAD,UCB_WITHOUT_VAE_UNCERTAINTY,44,Q loss,116,0.010903162881731987
GAS,BAD,UCB_WITHOUT_VAE_UNCERTAINTY,44,Q loss,117,0.009000511839985847
GAS,BAD,UCB_WITHOUT_VAE_UNCERTAINTY,44,Q loss,118,0.018142808228731155
GAS,BAD,UCB_WITHOUT_VAE_UNCERTAINTY,44,Q loss,119,0.018301349133253098
GAS,BAD,UCB_WITHOUT_VAE_UNCERTAINTY,44,Q loss,120,0.025743160396814346
GAS,BAD,UCB_WITHOUT_VAE_UNCERTAINTY,44,Q loss,121,0.03758060932159424
GAS,BAD,UCB_WITHOUT_VAE_UNCERTAINTY,44,Q loss,122,0.025675276294350624
GAS,BAD,UCB_WITHOUT_VAE_UNCERTAINTY,44,Q loss,123,0.017627762630581856
GAS,BAD,UCB_WITHOUT_VAE_UNCERTAINTY,44,Q loss,124,0.015572073869407177
GAS,BAD,UCB_WITHOUT_VAE_UNCERTAINTY,44,Q loss,125,0.01616363413631916
GAS,BAD,UCB_WITHOUT_VAE_UNCERTAINTY,44,Q loss,126,0.008623984642326832
GAS,BAD,UCB_WITHOUT_VAE_UNCERTAINTY,44,Q loss,127,0.0047659012489020824
GAS,BAD,UCB_WITHOUT_VAE_UNCERTAINTY,44,Q loss,128,0.006990931928157806
GAS,BAD,UCB_WITHOUT_VAE_UNCERTAINTY,44,Q loss,129,0.013990771025419235
GAS,BAD,UCB_WITHOUT_VAE_UNCERTAINTY,44,Q loss,130,0.02509760856628418
GAS,BAD,UCB_WITHOUT_VAE_UNCERTAINTY,44,Q loss,131,0.03470085188746452
GAS,BAD,UCB_WITHOUT_VAE_UNCERTAINTY,44,Q loss,132,0.011298579163849354
GAS,BAD,UCB_WITHOUT_VAE_UNCERTAINTY,44,Q loss,133,0.025097571313381195
GAS,BAD,UCB_WITHOUT_VAE_UNCERTAINTY,44,Q loss,134,0.00927727296948433
GAS,BAD,UCB_WITHOUT_VAE_UNCERTAINTY,44,Q loss,135,0.00798341166228056
GAS,BAD,UCB_WITHOUT_VAE_UNCERTAINTY,44,Q loss,136,0.02587294578552246
GAS,BAD,UCB_WITHOUT_VAE_UNCERTAINTY,44,Q loss,137,0.023904774338006973
GAS,BAD,UCB_WITHOUT_VAE_UNCERTAINTY,44,Q loss,138,0.03392250835895538
GAS,BAD,UCB_WITHOUT_VAE_UNCERTAINTY,44,Q loss,139,0.03976166248321533
GAS,BAD,UCB_WITHOUT_VAE_UNCERTAINTY,44,Q loss,140,0.0194738507270813
GAS,BAD,UCB_WITHOUT_VAE_UNCERTAINTY,44,Q loss,141,0.016325797885656357
GAS,BAD,UCB_WITHOUT_VAE_UNCERTAINTY,44,Q loss,142,0.013938162475824356
GAS,BAD,UCB_WITHOUT_VAE_UNCERTAINTY,44,Q loss,143,0.03634743392467499
GAS,BAD,UCB_WITHOUT_VAE_UNCERTAINTY,44,Q loss,144,0.0112246572971344
GAS,BAD,UCB_WITHOUT_VAE_UNCERTAINTY,44,Q loss,145,0.005031147506088018
GAS,BAD,UCB_WITHOUT_VAE_UNCERTAINTY,44,Q loss,146,0.00501651968806982
GAS,BAD,UCB_WITHOUT_VAE_UNCERTAINTY,44,Q loss,147,0.04031381756067276
GAS,BAD,UCB_WITHOUT_VAE_UNCERTAINTY,44,Q loss,148,0.017198162153363228
GAS,BAD,UCB_WITHOUT_VAE_UNCERTAINTY,44,Q loss,149,0.04236920177936554
GAS,BAD,UCB_WITHOUT_VAE_UNCERTAINTY,44,Q loss,150,0.009670580737292767
GAS,BAD,UCB_WITHOUT_VAE_UNCERTAINTY,44,Q loss,151,0.012232393026351929
GAS,BAD,UCB_WITHOUT_VAE_UNCERTAINTY,44,Q loss,152,0.00784581620246172
GAS,BAD,UCB_WITHOUT_VAE_UNCERTAINTY,44,Q loss,153,0.009502817876636982
GAS,BAD,UCB_WITHOUT_VAE_UNCERTAINTY,44,Q loss,154,0.009972622618079185
GAS,BAD,UCB_WITHOUT_VAE_UNCERTAINTY,44,Q loss,155,0.015107547864317894
GAS,BAD,UCB_WITHOUT_VAE_UNCERTAINTY,44,Q loss,156,0.012359030544757843
GAS,BAD,UCB_WITHOUT_VAE_UNCERTAINTY,44,Q loss,157,0.02822999842464924
GAS,BAD,UCB_WITHOUT_VAE_UNCERTAINTY,44,Q loss,158,0.004147782921791077
GAS,BAD,UCB_WITHOUT_VAE_UNCERTAINTY,44,Q loss,159,0.009062662720680237
GAS,BAD,UCB_WITHOUT_VAE_UNCERTAINTY,44,Q loss,160,0.014269625768065453
GAS,BAD,UCB_WITHOUT_VAE_UNCERTAINTY,44,Q loss,161,0.019680649042129517
GAS,BAD,UCB_WITHOUT_VAE_UNCERTAINTY,44,Q loss,162,0.005111474543809891
GAS,BAD,UCB_WITHOUT_VAE_UNCERTAINTY,44,Q loss,163,0.0044876099564135075
GAS,BAD,UCB_WITHOUT_VAE_UNCERTAINTY,44,Q loss,164,0.006204311735928059
GAS,BAD,UCB_WITHOUT_VAE_UNCERTAINTY,44,Q loss,165,0.03330817073583603
GAS,BAD,UCB_WITHOUT_VAE_UNCERTAINTY,44,Q loss,166,0.009945704601705074
GAS,BAD,UCB_WITHOUT_VAE_UNCERTAINTY,44,Q loss,167,0.04390764981508255
GAS,BAD,UCB_WITHOUT_VAE_UNCERTAINTY,44,Q loss,168,0.0072475941851735115
GAS,BAD,UCB_WITHOUT_VAE_UNCERTAINTY,44,Q loss,169,0.007968151941895485
GAS,BAD,UCB_WITHOUT_VAE_UNCERTAINTY,44,Q loss,170,0.008241002447903156
GAS,BAD,UCB_WITHOUT_VAE_UNCERTAINTY,44,Q loss,171,0.004887837916612625
GAS,BAD,UCB_WITHOUT_VAE_UNCERTAINTY,44,Q loss,172,0.008999395184218884
GAS,BAD,UCB_WITHOUT_VAE_UNCERTAINTY,44,Q loss,173,0.01494546327739954
GAS,BAD,UCB_WITHOUT_VAE_UNCERTAINTY,44,Q loss,174,0.006499806419014931
GAS,BAD,UCB_WITHOUT_VAE_UNCERTAINTY,44,Q loss,175,0.020378008484840393
GAS,BAD,UCB_WITHOUT_VAE_UNCERTAINTY,44,Q loss,176,0.010105257853865623
GAS,BAD,UCB_WITHOUT_VAE_UNCERTAINTY,44,Q loss,177,0.010440545156598091
GAS,BAD,UCB_WITHOUT_VAE_UNCERTAINTY,44,Q loss,178,0.007314281538128853
GAS,BAD,UCB_WITHOUT_VAE_UNCERTAINTY,44,Q loss,179,0.021271219477057457
GAS,BAD,UCB_WITHOUT_VAE_UNCERTAINTY,44,Q loss,180,0.006533701438456774
GAS,BAD,UCB_WITHOUT_VAE_UNCERTAINTY,44,Q loss,181,0.0052242642268538475
GAS,BAD,UCB_WITHOUT_VAE_UNCERTAINTY,44,Q loss,182,0.002764177741482854
GAS,BAD,UCB_WITHOUT_VAE_UNCERTAINTY,44,Q loss,183,0.01527903787791729
GAS,BAD,UCB_WITHOUT_VAE_UNCERTAINTY,44,Q loss,184,0.014058752916753292
GAS,BAD,UCB_WITHOUT_VAE_UNCERTAINTY,44,Q loss,185,0.019059691578149796
GAS,BAD,UCB_WITHOUT_VAE_UNCERTAINTY,44,Q loss,186,0.007266456261277199
GAS,BAD,UCB_WITHOUT_VAE_UNCERTAINTY,44,Q loss,187,0.008381952531635761
GAS,BAD,UCB_WITHOUT_VAE_UNCERTAINTY,44,Q loss,188,0.0022214746568351984
GAS,BAD,UCB_WITHOUT_VAE_UNCERTAINTY,44,Q loss,189,0.005234447307884693
GAS,BAD,UCB_WITHOUT_VAE_UNCERTAINTY,44,Q loss,190,0.01631873846054077
GAS,BAD,UCB_WITHOUT_VAE_UNCERTAINTY,44,Q loss,191,0.008582079783082008
GAS,BAD,UCB_WITHOUT_VAE_UNCERTAINTY,44,Q loss,192,0.00861104391515255
GAS,BAD,UCB_WITHOUT_VAE_UNCERTAINTY,44,Q loss,193,0.02240525558590889
GAS,BAD,UCB_WITHOUT_VAE_UNCERTAINTY,44,Q loss,194,0.004962636157870293
GAS,BAD,UCB_WITHOUT_VAE_UNCERTAINTY,44,Q loss,195,0.006137913092970848
GAS,BAD,UCB_WITHOUT_VAE_UNCERTAINTY,44,Q loss,196,0.008356910198926926
GAS,BAD,UCB_WITHOUT_VAE_UNCERTAINTY,44,Q loss,197,0.02169310487806797
GAS,BAD,UCB_WITHOUT_VAE_UNCERTAINTY,44,Q loss,198,0.013338632881641388
GAS,BAD,UCB_WITHOUT_VAE_UNCERTAINTY,44,Q loss,199,0.002501130336895585
GAS,BAD,UCB_WITHOUT_VAE_UNCERTAINTY,44,Q loss,200,0.0017727288650348783
GAS,BAD,UCB_WITHOUT_VAE_UNCERTAINTY,44,Q loss,201,0.015163672156631947
GAS,BAD,UCB_WITHOUT_VAE_UNCERTAINTY,44,Q loss,202,0.008720851503312588
GAS,BAD,UCB_WITHOUT_VAE_UNCERTAINTY,44,Q loss,203,0.04365330934524536
GAS,BAD,UCB_WITHOUT_VAE_UNCERTAINTY,44,Q loss,204,0.008083522319793701
GAS,BAD,UCB_WITHOUT_VAE_UNCERTAINTY,44,Q loss,205,0.006759251467883587
GAS,BAD,UCB_WITHOUT_VAE_UNCERTAINTY,44,Q loss,206,0.005118751898407936
GAS,BAD,UCB_WITHOUT_VAE_UNCERTAINTY,44,Q loss,207,0.005378358066082001
GAS,BAD,UCB_WITHOUT_VAE_UNCERTAINTY,44,Q loss,208,0.01619713380932808
GAS,BAD,UCB_WITHOUT_VAE_UNCERTAINTY,44,Q loss,209,0.010111245326697826
GAS,BAD,UCB_WITHOUT_VAE_UNCERTAINTY,44,Q loss,210,0.006507787853479385
GAS,BAD,UCB_WITHOUT_VAE_UNCERTAINTY,44,Q loss,211,0.004639286547899246
GAS,BAD,UCB_WITHOUT_VAE_UNCERTAINTY,44,Q loss,212,0.004523382987827063
GAS,BAD,UCB_WITHOUT_VAE_UNCERTAINTY,44,Q loss,213,0.003005373990163207
GAS,BAD,UCB_WITHOUT_VAE_UNCERTAINTY,44,Q loss,214,0.009320296347141266
GAS,BAD,UCB_WITHOUT_VAE_UNCERTAINTY,44,Q loss,215,0.008485796861350536
GAS,BAD,UCB_WITHOUT_VAE_UNCERTAINTY,44,Q loss,216,0.00711586931720376
GAS,BAD,UCB_WITHOUT_VAE_UNCERTAINTY,44,Q loss,217,0.004360172897577286
GAS,BAD,UCB_WITHOUT_VAE_UNCERTAINTY,44,Q loss,218,0.005279019940644503
GAS,BAD,UCB_WITHOUT_VAE_UNCERTAINTY,44,Q loss,219,0.014250085689127445
GAS,BAD,UCB_WITHOUT_VAE_UNCERTAINTY,44,Q loss,220,0.011685432866215706
GAS,BAD,UCB_WITHOUT_VAE_UNCERTAINTY,44,Q loss,221,0.024332191795110703
GAS,BAD,UCB_WITHOUT_VAE_UNCERTAINTY,44,Q loss,222,0.003627458354458213
GAS,BAD,UCB_WITHOUT_VAE_UNCERTAINTY,44,Q loss,223,0.01336225587874651
GAS,BAD,UCB_WITHOUT_VAE_UNCERTAINTY,44,Q loss,224,0.005587674677371979
GAS,BAD,UCB_WITHOUT_VAE_UNCERTAINTY,44,Q loss,225,0.005905958358198404
GAS,BAD,UCB_WITHOUT_VAE_UNCERTAINTY,44,Q loss,226,0.007032009307295084
GAS,BAD,UCB_WITHOUT_VAE_UNCERTAINTY,44,Q loss,227,0.0022261457052081823
GAS,BAD,UCB_WITHOUT_VAE_UNCERTAINTY,44,Q loss,228,0.007819663733243942
GAS,BAD,UCB_WITHOUT_VAE_UNCERTAINTY,44,Q loss,229,0.008984684012830257
GAS,BAD,UCB_WITHOUT_VAE_UNCERTAINTY,44,Q loss,230,0.008287066593766212
GAS,BAD,UCB_WITHOUT_VAE_UNCERTAINTY,44,Q loss,231,0.005723746493458748
GAS,BAD,UCB_WITHOUT_VAE_UNCERTAINTY,44,Q loss,232,0.002967665670439601
GAS,BAD,UCB_WITHOUT_VAE_UNCERTAINTY,44,Q loss,233,0.020417941734194756
GAS,BAD,UCB_WITHOUT_VAE_UNCERTAINTY,44,Q loss,234,0.005966774187982082
GAS,BAD,UCB_WITHOUT_VAE_UNCERTAINTY,44,Q loss,235,0.0025067119859158993
GAS,BAD,UCB_WITHOUT_VAE_UNCERTAINTY,44,Q loss,236,0.0014357343316078186
GAS,BAD,UCB_WITHOUT_VAE_UNCERTAINTY,44,Q loss,237,0.004564477130770683
GAS,BAD,UCB_WITHOUT_VAE_UNCERTAINTY,44,Q loss,238,0.0075136832892894745
GAS,BAD,UCB_WITHOUT_VAE_UNCERTAINTY,44,Q loss,239,0.01216908823698759
GAS,BAD,UCB_WITHOUT_VAE_UNCERTAINTY,44,Q loss,240,0.006740562617778778
GAS,BAD,UCB_WITHOUT_VAE_UNCERTAINTY,44,Q loss,241,0.006195755209773779
GAS,BAD,UCB_WITHOUT_VAE_UNCERTAINTY,44,Q loss,242,0.00472466554492712
GAS,BAD,UCB_WITHOUT_VAE_UNCERTAINTY,44,Q loss,243,0.002395854564383626
GAS,BAD,UCB_WITHOUT_VAE_UNCERTAINTY,44,Q loss,244,0.010444236919283867
GAS,BAD,UCB_WITHOUT_VAE_UNCERTAINTY,44,Q loss,245,0.005368619225919247
GAS,BAD,UCB_WITHOUT_VAE_UNCERTAINTY,44,Q loss,246,0.0035016622859984636
GAS,BAD,UCB_WITHOUT_VAE_UNCERTAINTY,44,Q loss,247,0.00438301358371973
GAS,BAD,UCB_WITHOUT_VAE_UNCERTAINTY,44,Q loss,248,0.0022510692942887545
GAS,BAD,UCB_WITHOUT_VAE_UNCERTAINTY,44,Q loss,249,0.008204851299524307
GAS,BAD,UCB_WITHOUT_VAE_UNCERTAINTY,44,Q loss,250,0.007571991998702288
GAS,BAD,UCB_WITHOUT_VAE_UNCERTAINTY,44,Q loss,251,0.015080013312399387
GAS,BAD,UCB_WITHOUT_VAE_UNCERTAINTY,44,Q loss,252,0.0030702054500579834
GAS,BAD,UCB_WITHOUT_VAE_UNCERTAINTY,44,Q loss,253,0.002336377277970314
GAS,BAD,UCB_WITHOUT_VAE_UNCERTAINTY,44,Q loss,254,0.002090991474688053
GAS,BAD,UCB_WITHOUT_VAE_UNCERTAINTY,44,Q loss,255,0.0028696288354694843
GAS,BAD,UCB_WITHOUT_VAE_UNCERTAINTY,44,Q loss,256,0.007713227532804012
GAS,BAD,UCB_WITHOUT_VAE_UNCERTAINTY,44,Q loss,257,0.010951859876513481
GAS,BAD,UCB_WITHOUT_VAE_UNCERTAINTY,44,Q loss,258,0.0034109638072550297
GAS,BAD,UCB_WITHOUT_VAE_UNCERTAINTY,44,Q loss,259,0.004111126996576786
GAS,BAD,UCB_WITHOUT_VAE_UNCERTAINTY,44,Q loss,260,0.0019743116572499275
GAS,BAD,UCB_WITHOUT_VAE_UNCERTAINTY,44,Q loss,261,0.0031164363026618958
GAS,BAD,UCB_WITHOUT_VAE_UNCERTAINTY,44,Q loss,262,0.005504544358700514
GAS,BAD,UCB_WITHOUT_VAE_UNCERTAINTY,44,Q loss,263,0.00744456285610795
GAS,BAD,UCB_WITHOUT_VAE_UNCERTAINTY,44,Q loss,264,0.006963882129639387
GAS,BAD,UCB_WITHOUT_VAE_UNCERTAINTY,44,Q loss,265,0.009509997442364693
GAS,BAD,UCB_WITHOUT_VAE_UNCERTAINTY,44,Q loss,266,0.0035353112034499645
GAS,BAD,UCB_WITHOUT_VAE_UNCERTAINTY,44,Q loss,267,0.0032768351957201958
GAS,BAD,UCB_WITHOUT_VAE_UNCERTAINTY,44,Q loss,268,0.001302498858422041
GAS,BAD,UCB_WITHOUT_VAE_UNCERTAINTY,44,Q loss,269,0.0019060404738411307
GAS,BAD,UCB_WITHOUT_VAE_UNCERTAINTY,44,Q loss,270,0.002823840593919158
GAS,BAD,UCB_WITHOUT_VAE_UNCERTAINTY,44,Q loss,271,0.0016108781564980745
GAS,BAD,UCB_WITHOUT_VAE_UNCERTAINTY,44,Q loss,272,0.001619755756109953
GAS,BAD,UCB_WITHOUT_VAE_UNCERTAINTY,44,Q loss,273,0.005828178022056818
GAS,BAD,UCB_WITHOUT_VAE_UNCERTAINTY,44,Q loss,274,0.00260020955465734
GAS,BAD,UCB_WITHOUT_VAE_UNCERTAINTY,44,Q loss,275,0.023417197167873383
GAS,BAD,UCB_WITHOUT_VAE_UNCERTAINTY,44,Q loss,276,0.002598007209599018
GAS,BAD,UCB_WITHOUT_VAE_UNCERTAINTY,44,Q loss,277,0.004250969737768173
GAS,BAD,UCB_WITHOUT_VAE_UNCERTAINTY,44,Q loss,278,0.003026259131729603
GAS,BAD,UCB_WITHOUT_VAE_UNCERTAINTY,44,Q loss,279,0.002334252232685685
GAS,BAD,UCB_WITHOUT_VAE_UNCERTAINTY,44,Q loss,280,0.009721392765641212
GAS,BAD,UCB_WITHOUT_VAE_UNCERTAINTY,44,Q loss,281,0.00469312584027648
GAS,BAD,UCB_WITHOUT_VAE_UNCERTAINTY,44,Q loss,282,0.0038219979032874107
GAS,BAD,UCB_WITHOUT_VAE_UNCERTAINTY,44,Q loss,283,0.02214626967906952
GAS,BAD,UCB_WITHOUT_VAE_UNCERTAINTY,44,Q loss,284,0.0037304030265659094
GAS,BAD,UCB_WITHOUT_VAE_UNCERTAINTY,44,Q loss,285,0.0017452031606808305
GAS,BAD,UCB_WITHOUT_VAE_UNCERTAINTY,44,Q loss,286,0.0019002348417416215
GAS,BAD,UCB_WITHOUT_VAE_UNCERTAINTY,44,Q loss,287,0.010748871602118015
GAS,BAD,UCB_WITHOUT_VAE_UNCERTAINTY,44,Q loss,288,0.002986835315823555
GAS,BAD,UCB_WITHOUT_VAE_UNCERTAINTY,44,Q loss,289,0.0026671243831515312
GAS,BAD,UCB_WITHOUT_VAE_UNCERTAINTY,44,Q loss,290,0.0031550624407827854
GAS,BAD,UCB_WITHOUT_VAE_UNCERTAINTY,44,Q loss,291,0.010005559772253036
GAS,BAD,UCB_WITHOUT_VAE_UNCERTAINTY,44,Q loss,292,0.006256022956222296
GAS,BAD,UCB_WITHOUT_VAE_UNCERTAINTY,44,Q loss,293,0.020997896790504456
GAS,BAD,UCB_WITHOUT_VAE_UNCERTAINTY,44,Q loss,294,0.001334108761511743
GAS,BAD,UCB_WITHOUT_VAE_UNCERTAINTY,44,Q loss,295,0.005074368789792061
GAS,BAD,UCB_WITHOUT_VAE_UNCERTAINTY,44,Q loss,296,0.0015789384488016367
GAS,BAD,UCB_WITHOUT_VAE_UNCERTAINTY,44,Q loss,297,0.0022833365947008133
GAS,BAD,UCB_WITHOUT_VAE_UNCERTAINTY,44,Q loss,298,0.007962599396705627
GAS,BAD,UCB_WITHOUT_VAE_UNCERTAINTY,44,Q loss,299,0.0029388435650616884
GAS,BAD,UCB_WITHOUT_VAE_UNCERTAINTY,44,Q loss,300,0.0030729984864592552
GAS,BAD,UCB_WITHOUT_VAE_UNCERTAINTY,44,Q loss,301,0.014213792979717255
GAS,BAD,UCB_WITHOUT_VAE_UNCERTAINTY,44,Q loss,302,0.0053681316785514355
GAS,BAD,UCB_WITHOUT_VAE_UNCERTAINTY,44,Q loss,303,0.006790222600102425
GAS,BAD,UCB_WITHOUT_VAE_UNCERTAINTY,44,Q loss,304,0.00219897017814219
GAS,BAD,UCB_WITHOUT_VAE_UNCERTAINTY,44,Q loss,305,0.008497795090079308
GAS,BAD,UCB_WITHOUT_VAE_UNCERTAINTY,44,Q loss,306,0.005036989692598581
GAS,BAD,UCB_WITHOUT_VAE_UNCERTAINTY,44,Q loss,307,0.0048188501968979836
GAS,BAD,UCB_WITHOUT_VAE_UNCERTAINTY,44,Q loss,308,0.0013025023508816957
GAS,BAD,UCB_WITHOUT_VAE_UNCERTAINTY,44,Q loss,309,0.014668494462966919
GAS,BAD,UCB_WITHOUT_VAE_UNCERTAINTY,44,Q loss,310,0.0053825220093131065
GAS,BAD,UCB_WITHOUT_VAE_UNCERTAINTY,44,Q loss,311,0.009493160992860794
GAS,BAD,UCB_WITHOUT_VAE_UNCERTAINTY,44,Q loss,312,0.0021157695446163416
GAS,BAD,UCB_WITHOUT_VAE_UNCERTAINTY,44,Q loss,313,0.003551627043634653
GAS,BAD,UCB_WITHOUT_VAE_UNCERTAINTY,44,Q loss,314,0.0021888227201998234
GAS,BAD,UCB_WITHOUT_VAE_UNCERTAINTY,44,Q loss,315,0.0010724145686253905
GAS,BAD,UCB_WITHOUT_VAE_UNCERTAINTY,44,Q loss,316,0.004673155024647713
GAS,BAD,UCB_WITHOUT_VAE_UNCERTAINTY,44,Q loss,317,0.0023688473738729954
GAS,BAD,UCB_WITHOUT_VAE_UNCERTAINTY,44,Q loss,318,0.004767547361552715
GAS,BAD,UCB_WITHOUT_VAE_UNCERTAINTY,44,Q loss,319,0.006176637019962072
GAS,BAD,UCB_WITHOUT_VAE_UNCERTAINTY,44,Q loss,320,0.004095964599400759
GAS,BAD,UCB_WITHOUT_VAE_UNCERTAINTY,44,Q loss,321,0.0037253648042678833
GAS,BAD,UCB_WITHOUT_VAE_UNCERTAINTY,44,Q loss,322,0.007895275019109249
GAS,BAD,UCB_WITHOUT_VAE_UNCERTAINTY,44,Q loss,323,0.006670904345810413
GAS,BAD,UCB_WITHOUT_VAE_UNCERTAINTY,44,Q loss,324,0.003821413265541196
GAS,BAD,UCB_WITHOUT_VAE_UNCERTAINTY,44,Q loss,325,0.0011534767691046
GAS,BAD,UCB_WITHOUT_VAE_UNCERTAINTY,44,Q loss,326,0.0018303925171494484
GAS,BAD,UCB_WITHOUT_VAE_UNCERTAINTY,44,Q loss,327,0.005885403603315353
GAS,BAD,UCB_WITHOUT_VAE_UNCERTAINTY,44,Q loss,328,0.0023420481011271477
GAS,BAD,UCB_WITHOUT_VAE_UNCERTAINTY,44,Q loss,329,0.02465027943253517
GAS,BAD,UCB_WITHOUT_VAE_UNCERTAINTY,44,Q loss,330,0.002160775475203991
GAS,BAD,UCB_WITHOUT_VAE_UNCERTAINTY,44,Q loss,331,0.003512136172503233
GAS,BAD,UCB_WITHOUT_VAE_UNCERTAINTY,44,Q loss,332,0.0014237284194678068
GAS,BAD,UCB_WITHOUT_VAE_UNCERTAINTY,44,Q loss,333,0.0022877585142850876
GAS,BAD,UCB_WITHOUT_VAE_UNCERTAINTY,44,Q loss,334,0.007584435865283012
GAS,BAD,UCB_WITHOUT_VAE_UNCERTAINTY,44,Q loss,335,0.004108342807739973
GAS,BAD,UCB_WITHOUT_VAE_UNCERTAINTY,44,Q loss,336,0.004713809117674828
GAS,BAD,UCB_WITHOUT_VAE_UNCERTAINTY,44,Q loss,337,0.004460092633962631
GAS,BAD,UCB_WITHOUT_VAE_UNCERTAINTY,44,Q loss,338,0.009344004094600677
GAS,BAD,UCB_WITHOUT_VAE_UNCERTAINTY,44,Q loss,339,0.009816514328122139
GAS,BAD,UCB_WITHOUT_VAE_UNCERTAINTY,44,Q loss,340,0.002685456071048975
GAS,BAD,UCB_WITHOUT_VAE_UNCERTAINTY,44,Q loss,341,0.004436124116182327
GAS,BAD,UCB_WITHOUT_VAE_UNCERTAINTY,44,Q loss,342,0.003691388526931405
GAS,BAD,UCB_WITHOUT_VAE_UNCERTAINTY,44,Q loss,343,0.0028512002900242805
GAS,BAD,UCB_WITHOUT_VAE_UNCERTAINTY,44,Q loss,344,0.0019888589158654213
GAS,BAD,UCB_WITHOUT_VAE_UNCERTAINTY,44,Q loss,345,0.007178136147558689
GAS,BAD,UCB_WITHOUT_VAE_UNCERTAINTY,44,Q loss,346,0.004302863962948322
GAS,BAD,UCB_WITHOUT_VAE_UNCERTAINTY,44,Q loss,347,0.003769216127693653
GAS,BAD,UCB_WITHOUT_VAE_UNCERTAINTY,44,Q loss,348,0.0007526742992922664
GAS,BAD,UCB_WITHOUT_VAE_UNCERTAINTY,44,Q loss,349,0.004085305612534285
GAS,BAD,UCB_WITHOUT_VAE_UNCERTAINTY,44,Q loss,350,0.0029911715537309647
GAS,BAD,UCB_WITHOUT_VAE_UNCERTAINTY,44,Q loss,351,0.0018784590065479279
GAS,BAD,UCB_WITHOUT_VAE_UNCERTAINTY,44,Q loss,352,0.007940143346786499
GAS,BAD,UCB_WITHOUT_VAE_UNCERTAINTY,44,Q loss,353,0.00909771304577589
GAS,BAD,UCB_WITHOUT_VAE_UNCERTAINTY,44,Q loss,354,0.003938945010304451
GAS,BAD,UCB_WITHOUT_VAE_UNCERTAINTY,44,Q loss,355,0.0077558173798024654
GAS,BAD,UCB_WITHOUT_VAE_UNCERTAINTY,44,Q loss,356,0.003239165525883436
GAS,BAD,UCB_WITHOUT_VAE_UNCERTAINTY,44,Q loss,357,0.005485816393047571
GAS,BAD,UCB_WITHOUT_VAE_UNCERTAINTY,44,Q loss,358,0.004949379712343216
GAS,BAD,UCB_WITHOUT_VAE_UNCERTAINTY,44,Q loss,359,0.001544581726193428
GAS,BAD,UCB_WITHOUT_VAE_UNCERTAINTY,44,Q loss,360,0.003009398467838764
GAS,BAD,UCB_WITHOUT_VAE_UNCERTAINTY,44,Q loss,361,0.003707459894940257
GAS,BAD,UCB_WITHOUT_VAE_UNCERTAINTY,44,Q loss,362,0.0025867961812764406
GAS,BAD,UCB_WITHOUT_VAE_UNCERTAINTY,44,Q loss,363,0.007007266394793987
GAS,BAD,UCB_WITHOUT_VAE_UNCERTAINTY,44,Q loss,364,0.009520823135972023
GAS,BAD,UCB_WITHOUT_VAE_UNCERTAINTY,44,Q loss,365,0.024082578718662262
GAS,BAD,UCB_WITHOUT_VAE_UNCERTAINTY,44,Q loss,366,0.0011819805949926376
GAS,BAD,UCB_WITHOUT_VAE_UNCERTAINTY,44,Q loss,367,0.003145272843539715
GAS,BAD,UCB_WITHOUT_VAE_UNCERTAINTY,44,Q loss,368,0.0011535790981724858
GAS,BAD,UCB_WITHOUT_VAE_UNCERTAINTY,44,Q loss,369,0.004366808570921421
GAS,BAD,UCB_WITHOUT_VAE_UNCERTAINTY,44,Q loss,370,0.003314314177259803
GAS,BAD,UCB_WITHOUT_VAE_UNCERTAINTY,44,Q loss,371,0.010680521838366985
GAS,BAD,UCB_WITHOUT_VAE_UNCERTAINTY,44,Q loss,372,0.0036195162683725357
GAS,BAD,UCB_WITHOUT_VAE_UNCERTAINTY,44,Q loss,373,0.005211168434470892
GAS,BAD,UCB_WITHOUT_VAE_UNCERTAINTY,44,Q loss,374,0.004651669412851334
GAS,BAD,UCB_WITHOUT_VAE_UNCERTAINTY,44,Q loss,375,0.005886401049792767
GAS,BAD,UCB_WITHOUT_VAE_UNCERTAINTY,44,Q loss,376,0.0037476392462849617
GAS,BAD,UCB_WITHOUT_VAE_UNCERTAINTY,44,Q loss,377,0.0009600515477359295
GAS,BAD,UCB_WITHOUT_VAE_UNCERTAINTY,44,Q loss,378,0.003765531349927187
GAS,BAD,UCB_WITHOUT_VAE_UNCERTAINTY,44,Q loss,379,0.0029379338957369328
GAS,BAD,UCB_WITHOUT_VAE_UNCERTAINTY,44,Q loss,380,0.0015905250329524279
GAS,BAD,UCB_WITHOUT_VAE_UNCERTAINTY,44,Q loss,381,0.0034717507660388947
GAS,BAD,UCB_WITHOUT_VAE_UNCERTAINTY,44,Q loss,382,0.004827839322388172
GAS,BAD,UCB_WITHOUT_VAE_UNCERTAINTY,44,Q loss,383,0.0024063473101705313
GAS,BAD,UCB_WITHOUT_VAE_UNCERTAINTY,44,Q loss,384,0.0009461156441830099
GAS,BAD,UCB_WITHOUT_VAE_UNCERTAINTY,44,Q loss,385,0.0032268273644149303
GAS,BAD,UCB_WITHOUT_VAE_UNCERTAINTY,44,Q loss,386,0.003486866597086191
GAS,BAD,UCB_WITHOUT_VAE_UNCERTAINTY,44,Q loss,387,0.001361058559268713
GAS,BAD,UCB_WITHOUT_VAE_UNCERTAINTY,44,Q loss,388,0.009759110398590565
GAS,BAD,UCB_WITHOUT_VAE_UNCERTAINTY,44,Q loss,389,0.0028831842355430126
GAS,BAD,UCB_WITHOUT_VAE_UNCERTAINTY,44,Q loss,390,0.002055519027635455
GAS,BAD,UCB_WITHOUT_VAE_UNCERTAINTY,44,Q loss,391,0.006581316702067852
GAS,BAD,UCB_WITHOUT_VAE_UNCERTAINTY,44,Q loss,392,0.0033290768042206764
GAS,BAD,UCB_WITHOUT_VAE_UNCERTAINTY,44,Q loss,393,0.005029595922678709
GAS,BAD,UCB_WITHOUT_VAE_UNCERTAINTY,44,Q loss,394,0.005695555359125137
GAS,BAD,UCB_WITHOUT_VAE_UNCERTAINTY,44,Q loss,395,0.004155956674367189
GAS,BAD,UCB_WITHOUT_VAE_UNCERTAINTY,44,Q loss,396,0.00199514371342957
GAS,BAD,UCB_WITHOUT_VAE_UNCERTAINTY,44,Q loss,397,0.00228135590441525
GAS,BAD,UCB_WITHOUT_VAE_UNCERTAINTY,44,Q loss,398,0.0026128047611564398
GAS,BAD,UCB_WITHOUT_VAE_UNCERTAINTY,44,Q loss,399,0.0067836930975317955
GAS,BAD,UCB_WITHOUT_VAE_UNCERTAINTY,44,Q loss,400,0.0020526049192994833
GAS,BAD,UCB_WITHOUT_VAE_UNCERTAINTY,44,Q loss,401,0.020879533141851425
GAS,BAD,UCB_WITHOUT_VAE_UNCERTAINTY,44,Q loss,402,0.0012282831594347954
GAS,BAD,UCB_WITHOUT_VAE_UNCERTAINTY,44,Q loss,403,0.003171817399561405
GAS,BAD,UCB_WITHOUT_VAE_UNCERTAINTY,44,Q loss,404,0.0010320815490558743
GAS,BAD,UCB_WITHOUT_VAE_UNCERTAINTY,44,Q loss,405,0.0043855709955096245
GAS,BAD,UCB_WITHOUT_VAE_UNCERTAINTY,44,Q loss,406,0.002874065190553665
GAS,BAD,UCB_WITHOUT_VAE_UNCERTAINTY,44,Q loss,407,0.002794648054987192
GAS,BAD,UCB_WITHOUT_VAE_UNCERTAINTY,44,Q loss,408,0.009749426506459713
GAS,BAD,UCB_WITHOUT_VAE_UNCERTAINTY,44,Q loss,409,0.015281066298484802
GAS,BAD,UCB_WITHOUT_VAE_UNCERTAINTY,44,Q loss,410,0.0044547985307872295
GAS,BAD,UCB_WITHOUT_VAE_UNCERTAINTY,44,Q loss,411,0.003979969769716263
GAS,BAD,UCB_WITHOUT_VAE_UNCERTAINTY,44,Q loss,412,0.005092391278594732
GAS,BAD,UCB_WITHOUT_VAE_UNCERTAINTY,44,Q loss,413,0.006406836211681366
GAS,BAD,UCB_WITHOUT_VAE_UNCERTAINTY,44,Q loss,414,0.002637887606397271
GAS,BAD,UCB_WITHOUT_VAE_UNCERTAINTY,44,Q loss,415,0.0008458109805360436
GAS,BAD,UCB_WITHOUT_VAE_UNCERTAINTY,44,Q loss,416,0.0018172773998230696
GAS,BAD,UCB_WITHOUT_VAE_UNCERTAINTY,44,Q loss,417,0.006948638707399368
GAS,BAD,UCB_WITHOUT_VAE_UNCERTAINTY,44,Q loss,418,0.0039545889012515545
GAS,BAD,UCB_WITHOUT_VAE_UNCERTAINTY,44,Q loss,419,0.009452389553189278
GAS,BAD,UCB_WITHOUT_VAE_UNCERTAINTY,44,Q loss,420,0.0006720625096932054
GAS,BAD,UCB_WITHOUT_VAE_UNCERTAINTY,44,Q loss,421,0.0024224664084613323
GAS,BAD,UCB_WITHOUT_VAE_UNCERTAINTY,44,Q loss,422,0.0023166846949607134
GAS,BAD,UCB_WITHOUT_VAE_UNCERTAINTY,44,Q loss,423,0.0013214903883635998
GAS,BAD,UCB_WITHOUT_VAE_UNCERTAINTY,44,Q loss,424,0.006527207791805267
GAS,BAD,UCB_WITHOUT_VAE_UNCERTAINTY,44,Q loss,425,0.006962262559682131
GAS,BAD,UCB_WITHOUT_VAE_UNCERTAINTY,44,Q loss,426,0.0013361533638089895
GAS,BAD,UCB_WITHOUT_VAE_UNCERTAINTY,44,Q loss,427,0.010236836969852448
GAS,BAD,UCB_WITHOUT_VAE_UNCERTAINTY,44,Q loss,428,0.0008763923542574048
GAS,BAD,UCB_WITHOUT_VAE_UNCERTAINTY,44,Q loss,429,0.003781108185648918
GAS,BAD,UCB_WITHOUT_VAE_UNCERTAINTY,44,Q loss,430,0.0023053360637277365
GAS,BAD,UCB_WITHOUT_VAE_UNCERTAINTY,44,Q loss,431,0.00950009748339653
GAS,BAD,UCB_WITHOUT_VAE_UNCERTAINTY,44,Q loss,432,0.003467225469648838
GAS,BAD,UCB_WITHOUT_VAE_UNCERTAINTY,44,Q loss,433,0.0014622141607105732
GAS,BAD,UCB_WITHOUT_VAE_UNCERTAINTY,44,Q loss,434,0.001206622226163745
GAS,BAD,UCB_WITHOUT_VAE_UNCERTAINTY,44,Q loss,435,0.0014051012694835663
GAS,BAD,UCB_WITHOUT_VAE_UNCERTAINTY,44,Q loss,436,0.002241420093923807
GAS,BAD,UCB_WITHOUT_VAE_UNCERTAINTY,44,Q loss,437,0.010301291942596436
GAS,BAD,UCB_WITHOUT_VAE_UNCERTAINTY,44,Q loss,438,0.0008525936864316463
GAS,BAD,UCB_WITHOUT_VAE_UNCERTAINTY,44,Q loss,439,0.003139268606901169
GAS,BAD,UCB_WITHOUT_VAE_UNCERTAINTY,44,Q loss,440,0.0028699308168143034
GAS,BAD,UCB_WITHOUT_VAE_UNCERTAINTY,44,Q loss,441,0.0035553681664168835
GAS,BAD,UCB_WITHOUT_VAE_UNCERTAINTY,44,Q loss,442,0.0036382796242833138
GAS,BAD,UCB_WITHOUT_VAE_UNCERTAINTY,44,Q loss,443,0.007120512891560793
GAS,BAD,UCB_WITHOUT_VAE_UNCERTAINTY,44,Q loss,444,0.004872695077210665
GAS,BAD,UCB_WITHOUT_VAE_UNCERTAINTY,44,Q loss,445,0.006133352406322956
GAS,BAD,UCB_WITHOUT_VAE_UNCERTAINTY,44,Q loss,446,0.002901230938732624
GAS,BAD,UCB_WITHOUT_VAE_UNCERTAINTY,44,Q loss,447,0.005262824706733227
GAS,BAD,UCB_WITHOUT_VAE_UNCERTAINTY,44,Q loss,448,0.0039267223328351974
GAS,BAD,UCB_WITHOUT_VAE_UNCERTAINTY,44,Q loss,449,0.003905888879671693
GAS,BAD,UCB_WITHOUT_VAE_UNCERTAINTY,44,Q loss,450,0.004492409527301788
GAS,BAD,UCB_WITHOUT_VAE_UNCERTAINTY,44,Q loss,451,0.0018792488845065236
GAS,BAD,UCB_WITHOUT_VAE_UNCERTAINTY,44,Q loss,452,0.001522234408184886
GAS,BAD,UCB_WITHOUT_VAE_UNCERTAINTY,44,Q loss,453,0.00896432064473629
GAS,BAD,UCB_WITHOUT_VAE_UNCERTAINTY,44,Q loss,454,0.006275841034948826
GAS,BAD,UCB_WITHOUT_VAE_UNCERTAINTY,44,Q loss,455,0.007464103400707245
GAS,BAD,UCB_WITHOUT_VAE_UNCERTAINTY,44,Q loss,456,0.0019111745059490204
GAS,BAD,UCB_WITHOUT_VAE_UNCERTAINTY,44,Q loss,457,0.003980252891778946
GAS,BAD,UCB_WITHOUT_VAE_UNCERTAINTY,44,Q loss,458,0.0020306254737079144
GAS,BAD,UCB_WITHOUT_VAE_UNCERTAINTY,44,Q loss,459,0.0022388247307389975
GAS,BAD,UCB_WITHOUT_VAE_UNCERTAINTY,44,Q loss,460,0.0031692301854491234
GAS,BAD,UCB_WITHOUT_VAE_UNCERTAINTY,44,Q loss,461,0.0008605684852227569
GAS,BAD,UCB_WITHOUT_VAE_UNCERTAINTY,44,Q loss,462,0.002575389575213194
GAS,BAD,UCB_WITHOUT_VAE_UNCERTAINTY,44,Q loss,463,0.003885433543473482
GAS,BAD,UCB_WITHOUT_VAE_UNCERTAINTY,44,Q loss,464,0.0015046726912260056
GAS,BAD,UCB_WITHOUT_VAE_UNCERTAINTY,44,Q loss,465,0.0047092130407691
GAS,BAD,UCB_WITHOUT_VAE_UNCERTAINTY,44,Q loss,466,0.002488939091563225
GAS,BAD,UCB_WITHOUT_VAE_UNCERTAINTY,44,Q loss,467,0.006944367662072182
GAS,BAD,UCB_WITHOUT_VAE_UNCERTAINTY,44,Q loss,468,0.0026078526861965656
GAS,BAD,UCB_WITHOUT_VAE_UNCERTAINTY,44,Q loss,469,0.0032222962472587824
GAS,BAD,UCB_WITHOUT_VAE_UNCERTAINTY,44,Q loss,470,0.0013181527610868216
GAS,BAD,UCB_WITHOUT_VAE_UNCERTAINTY,44,Q loss,471,0.003982099238783121
GAS,BAD,UCB_WITHOUT_VAE_UNCERTAINTY,44,Q loss,472,0.0034884801134467125
GAS,BAD,UCB_WITHOUT_VAE_UNCERTAINTY,44,Q loss,473,0.011116962879896164
GAS,BAD,UCB_WITHOUT_VAE_UNCERTAINTY,44,Q loss,474,0.002431353321298957
GAS,BAD,UCB_WITHOUT_VAE_UNCERTAINTY,44,Q loss,475,0.0016788400243967772
GAS,BAD,UCB_WITHOUT_VAE_UNCERTAINTY,44,Q loss,476,0.0011447304859757423
GAS,BAD,UCB_WITHOUT_VAE_UNCERTAINTY,44,Q loss,477,0.004534672945737839
GAS,BAD,UCB_WITHOUT_VAE_UNCERTAINTY,44,Q loss,478,0.004626485053449869
GAS,BAD,UCB_WITHOUT_VAE_UNCERTAINTY,44,Q loss,479,0.0027211750857532024
GAS,BAD,UCB_WITHOUT_VAE_UNCERTAINTY,44,Q loss,480,0.0038347309455275536
GAS,BAD,UCB_WITHOUT_VAE_UNCERTAINTY,44,Q loss,481,0.00593472458422184
GAS,BAD,UCB_WITHOUT_VAE_UNCERTAINTY,44,Q loss,482,0.004339133854955435
GAS,BAD,UCB_WITHOUT_VAE_UNCERTAINTY,44,Q loss,483,0.0051651326939463615
GAS,BAD,UCB_WITHOUT_VAE_UNCERTAINTY,44,Q loss,484,0.0039577907882630825
GAS,BAD,UCB_WITHOUT_VAE_UNCERTAINTY,44,Q loss,485,0.003603109624236822
GAS,BAD,UCB_WITHOUT_VAE_UNCERTAINTY,44,Q loss,486,0.002038213424384594
GAS,BAD,UCB_WITHOUT_VAE_UNCERTAINTY,44,Q loss,487,0.000750135921407491
GAS,BAD,UCB_WITHOUT_VAE_UNCERTAINTY,44,Q loss,488,0.0022414245177060366
GAS,BAD,UCB_WITHOUT_VAE_UNCERTAINTY,44,Q loss,489,0.007780495565384626
GAS,BAD,UCB_WITHOUT_VAE_UNCERTAINTY,44,Q loss,490,0.005365466699004173
GAS,BAD,UCB_WITHOUT_VAE_UNCERTAINTY,44,Q loss,491,0.006889357231557369
GAS,BAD,UCB_WITHOUT_VAE_UNCERTAINTY,44,Q loss,492,0.000793060811702162
GAS,BAD,UCB_WITHOUT_VAE_UNCERTAINTY,44,Q loss,493,0.0038630859926342964
GAS,BAD,UCB_WITHOUT_VAE_UNCERTAINTY,44,Q loss,494,0.003443289315328002
GAS,BAD,UCB_WITHOUT_VAE_UNCERTAINTY,44,Q loss,495,0.0019235435174778104
GAS,BAD,UCB_WITHOUT_VAE_UNCERTAINTY,44,Q loss,496,0.008151538670063019
GAS,BAD,UCB_WITHOUT_VAE_UNCERTAINTY,44,Q loss,497,0.010947097092866898
GAS,BAD,UCB_WITHOUT_VAE_UNCERTAINTY,44,Q loss,498,0.001596467918716371
GAS,BAD,UCB_WITHOUT_VAE_UNCERTAINTY,44,Q loss,499,0.0030398471280932426
GAS,BAD,UCB_WITHOUT_VAE_UNCERTAINTY,44,Q loss,500,0.007963718846440315
GAS,BAD,UCB_WITHOUT_VAE_UNCERTAINTY,44,Q loss,501,0.001459596212953329
GAS,BAD,UCB_WITHOUT_VAE_UNCERTAINTY,44,Q loss,502,0.0018085609190165997
GAS,BAD,UCB_WITHOUT_VAE_UNCERTAINTY,44,Q loss,503,0.005456018727272749
GAS,BAD,UCB_WITHOUT_VAE_UNCERTAINTY,44,Q loss,504,0.003187716705724597
GAS,BAD,UCB_WITHOUT_VAE_UNCERTAINTY,44,Q loss,505,0.002002546563744545
GAS,BAD,UCB_WITHOUT_VAE_UNCERTAINTY,44,Q loss,506,0.0012001590803265572
GAS,BAD,UCB_WITHOUT_VAE_UNCERTAINTY,44,Q loss,507,0.007582849357277155
GAS,BAD,UCB_WITHOUT_VAE_UNCERTAINTY,44,Q loss,508,0.002335612429305911
GAS,BAD,UCB_WITHOUT_VAE_UNCERTAINTY,44,Q loss,509,0.014570479281246662
GAS,BAD,UCB_WITHOUT_VAE_UNCERTAINTY,44,Q loss,510,0.0007856232114136219
GAS,BAD,UCB_WITHOUT_VAE_UNCERTAINTY,44,Q loss,511,0.00295748608186841
GAS,BAD,UCB_WITHOUT_VAE_UNCERTAINTY,44,Q loss,512,0.002658016048371792
GAS,BAD,UCB_WITHOUT_VAE_UNCERTAINTY,44,Q loss,513,0.002596925711259246
GAS,BAD,UCB_WITHOUT_VAE_UNCERTAINTY,44,Q loss,514,0.003964961972087622
GAS,BAD,UCB_WITHOUT_VAE_UNCERTAINTY,44,Q loss,515,0.0041013783775269985
GAS,BAD,UCB_WITHOUT_VAE_UNCERTAINTY,44,Q loss,516,0.0038073756732046604
GAS,BAD,UCB_WITHOUT_VAE_UNCERTAINTY,44,Q loss,517,0.009185032919049263
GAS,BAD,UCB_WITHOUT_VAE_UNCERTAINTY,44,Q loss,518,0.004180623218417168
GAS,BAD,UCB_WITHOUT_VAE_UNCERTAINTY,44,Q loss,519,0.0014879454392939806
GAS,BAD,UCB_WITHOUT_VAE_UNCERTAINTY,44,Q loss,520,0.003657237160950899
GAS,BAD,UCB_WITHOUT_VAE_UNCERTAINTY,44,Q loss,521,0.004257965367287397
GAS,BAD,UCB_WITHOUT_VAE_UNCERTAINTY,44,Q loss,522,0.0014815536560490727
GAS,BAD,UCB_WITHOUT_VAE_UNCERTAINTY,44,Q loss,523,0.0014406295958906412
GAS,BAD,UCB_WITHOUT_VAE_UNCERTAINTY,44,Q loss,524,0.0010658741230145097
GAS,BAD,UCB_WITHOUT_VAE_UNCERTAINTY,44,Q loss,525,0.0018517228309065104
GAS,BAD,UCB_WITHOUT_VAE_UNCERTAINTY,44,Q loss,526,0.002079189755022526
GAS,BAD,UCB_WITHOUT_VAE_UNCERTAINTY,44,Q loss,527,0.012704400345683098
GAS,BAD,UCB_WITHOUT_VAE_UNCERTAINTY,44,Q loss,528,0.0008348262635990977
GAS,BAD,UCB_WITHOUT_VAE_UNCERTAINTY,44,Q loss,529,0.0030521336011588573
GAS,BAD,UCB_WITHOUT_VAE_UNCERTAINTY,44,Q loss,530,0.0016826961655169725
GAS,BAD,UCB_WITHOUT_VAE_UNCERTAINTY,44,Q loss,531,0.008127618581056595
GAS,BAD,UCB_WITHOUT_VAE_UNCERTAINTY,44,Q loss,532,0.009354197420179844
GAS,BAD,UCB_WITHOUT_VAE_UNCERTAINTY,44,Q loss,533,0.004799011163413525
GAS,BAD,UCB_WITHOUT_VAE_UNCERTAINTY,44,Q loss,534,0.001164150657132268
GAS,BAD,UCB_WITHOUT_VAE_UNCERTAINTY,44,Q loss,535,0.003105545649304986
GAS,BAD,UCB_WITHOUT_VAE_UNCERTAINTY,44,Q loss,536,0.00761202909052372
GAS,BAD,UCB_WITHOUT_VAE_UNCERTAINTY,44,Q loss,537,0.001954701030626893
GAS,BAD,UCB_WITHOUT_VAE_UNCERTAINTY,44,Q loss,538,0.0025631317403167486
GAS,BAD,UCB_WITHOUT_VAE_UNCERTAINTY,44,Q loss,539,0.000789634243119508
GAS,BAD,UCB_WITHOUT_VAE_UNCERTAINTY,44,Q loss,540,0.0025268676690757275
GAS,BAD,UCB_WITHOUT_VAE_UNCERTAINTY,44,Q loss,541,0.0011190078221261501
GAS,BAD,UCB_WITHOUT_VAE_UNCERTAINTY,44,Q loss,542,0.0025638393126428127
GAS,BAD,UCB_WITHOUT_VAE_UNCERTAINTY,44,Q loss,543,0.005805782042443752
GAS,BAD,UCB_WITHOUT_VAE_UNCERTAINTY,44,Q loss,544,0.0023030599113553762
GAS,BAD,UCB_WITHOUT_VAE_UNCERTAINTY,44,Q loss,545,0.0033719653729349375
GAS,BAD,UCB_WITHOUT_VAE_UNCERTAINTY,44,Q loss,546,0.003895884845405817
GAS,BAD,UCB_WITHOUT_VAE_UNCERTAINTY,44,Q loss,547,0.0066697439178824425
GAS,BAD,UCB_WITHOUT_VAE_UNCERTAINTY,44,Q loss,548,0.0017095737857744098
GAS,BAD,UCB_WITHOUT_VAE_UNCERTAINTY,44,Q loss,549,0.0017223526956513524
GAS,BAD,UCB_WITHOUT_VAE_UNCERTAINTY,44,Q loss,550,0.005035722628235817
GAS,BAD,UCB_WITHOUT_VAE_UNCERTAINTY,44,Q loss,551,0.0026044915430247784
GAS,BAD,UCB_WITHOUT_VAE_UNCERTAINTY,44,Q loss,552,0.0014993194490671158
GAS,BAD,UCB_WITHOUT_VAE_UNCERTAINTY,44,Q loss,553,0.0022836411371827126
GAS,BAD,UCB_WITHOUT_VAE_UNCERTAINTY,44,Q loss,554,0.0009539114544168115
GAS,BAD,UCB_WITHOUT_VAE_UNCERTAINTY,44,Q loss,555,0.0019584563560783863
GAS,BAD,UCB_WITHOUT_VAE_UNCERTAINTY,44,Q loss,556,0.0055826883763074875
GAS,BAD,UCB_WITHOUT_VAE_UNCERTAINTY,44,Q loss,557,0.0022357029374688864
GAS,BAD,UCB_WITHOUT_VAE_UNCERTAINTY,44,Q loss,558,0.0025198031216859818
GAS,BAD,UCB_WITHOUT_VAE_UNCERTAINTY,44,Q loss,559,0.002363075502216816
GAS,BAD,UCB_WITHOUT_VAE_UNCERTAINTY,44,Q loss,560,0.0007828064262866974
GAS,BAD,UCB_WITHOUT_VAE_UNCERTAINTY,44,Q loss,561,0.002288477960973978
GAS,BAD,UCB_WITHOUT_VAE_UNCERTAINTY,44,Q loss,562,0.0017906358698382974
GAS,BAD,UCB_WITHOUT_VAE_UNCERTAINTY,44,Q loss,563,0.0022092934232205153
GAS,BAD,UCB_WITHOUT_VAE_UNCERTAINTY,44,Q loss,564,0.001288811326958239
GAS,BAD,UCB_WITHOUT_VAE_UNCERTAINTY,44,Q loss,565,0.0011714748106896877
GAS,BAD,UCB_WITHOUT_VAE_UNCERTAINTY,44,Q loss,566,0.001642410410568118
GAS,BAD,UCB_WITHOUT_VAE_UNCERTAINTY,44,Q loss,567,0.0009454390383325517
GAS,BAD,UCB_WITHOUT_VAE_UNCERTAINTY,44,Q loss,568,0.0034130464773625135
GAS,BAD,UCB_WITHOUT_VAE_UNCERTAINTY,44,Q loss,569,0.000654890900477767
GAS,BAD,UCB_WITHOUT_VAE_UNCERTAINTY,44,Q loss,570,0.004445824306458235
GAS,BAD,UCB_WITHOUT_VAE_UNCERTAINTY,44,Q loss,571,0.0022793833632022142
GAS,BAD,UCB_WITHOUT_VAE_UNCERTAINTY,44,Q loss,572,0.002068052301183343
GAS,BAD,UCB_WITHOUT_VAE_UNCERTAINTY,44,Q loss,573,0.0015552123077213764
GAS,BAD,UCB_WITHOUT_VAE_UNCERTAINTY,44,Q loss,574,0.0015583615750074387
GAS,BAD,UCB_WITHOUT_VAE_UNCERTAINTY,44,Q loss,575,0.004941683262586594
GAS,BAD,UCB_WITHOUT_VAE_UNCERTAINTY,44,Q loss,576,0.0019460408948361874
GAS,BAD,UCB_WITHOUT_VAE_UNCERTAINTY,44,Q loss,577,0.002068769419565797
GAS,BAD,UCB_WITHOUT_VAE_UNCERTAINTY,44,Q loss,578,0.0026715241838246584
GAS,BAD,UCB_WITHOUT_VAE_UNCERTAINTY,44,Q loss,579,0.0019436250440776348
GAS,BAD,UCB_WITHOUT_VAE_UNCERTAINTY,44,Q loss,580,0.005829297471791506
GAS,BAD,UCB_WITHOUT_VAE_UNCERTAINTY,44,Q loss,581,0.004693027585744858
GAS,BAD,UCB_WITHOUT_VAE_UNCERTAINTY,44,Q loss,582,0.0007916575996205211
GAS,BAD,UCB_WITHOUT_VAE_UNCERTAINTY,44,Q loss,583,0.0023677218705415726
GAS,BAD,UCB_WITHOUT_VAE_UNCERTAINTY,44,Q loss,584,0.001425514928996563
GAS,BAD,UCB_WITHOUT_VAE_UNCERTAINTY,44,Q loss,585,0.0020763373468071222
GAS,BAD,UCB_WITHOUT_VAE_UNCERTAINTY,44,Q loss,586,0.0012183890212327242
GAS,BAD,UCB_WITHOUT_VAE_UNCERTAINTY,44,Q loss,587,0.0027898489497601986
GAS,BAD,UCB_WITHOUT_VAE_UNCERTAINTY,44,Q loss,588,0.002473591361194849
GAS,BAD,UCB_WITHOUT_VAE_UNCERTAINTY,44,Q loss,589,0.003744617337360978
GAS,BAD,UCB_WITHOUT_VAE_UNCERTAINTY,44,Q loss,590,0.0024927761405706406
GAS,BAD,UCB_WITHOUT_VAE_UNCERTAINTY,44,Q loss,591,0.001173773780465126
GAS,BAD,UCB_WITHOUT_VAE_UNCERTAINTY,44,Q loss,592,0.0014564096927642822
GAS,BAD,UCB_WITHOUT_VAE_UNCERTAINTY,44,Q loss,593,0.0035464863758534193
GAS,BAD,UCB_WITHOUT_VAE_UNCERTAINTY,44,Q loss,594,0.0027522954624146223
GAS,BAD,UCB_WITHOUT_VAE_UNCERTAINTY,44,Q loss,595,0.0017677671276032925
GAS,BAD,UCB_WITHOUT_VAE_UNCERTAINTY,44,Q loss,596,0.0010507942643016577
GAS,BAD,UCB_WITHOUT_VAE_UNCERTAINTY,44,Q loss,597,0.0021242317743599415
GAS,BAD,UCB_WITHOUT_VAE_UNCERTAINTY,44,Q loss,598,0.0013909984845668077
GAS,BAD,UCB_WITHOUT_VAE_UNCERTAINTY,44,Q loss,599,0.009179607965052128
GAS,BAD,UCB_WITHOUT_VAE_UNCERTAINTY,44,Q loss,600,0.0009097937727347016
GAS,BAD,UCB_WITHOUT_VAE_UNCERTAINTY,44,Q loss,601,0.0031821043230593204
GAS,BAD,UCB_WITHOUT_VAE_UNCERTAINTY,44,Q loss,602,0.002106289379298687
GAS,BAD,UCB_WITHOUT_VAE_UNCERTAINTY,44,Q loss,603,0.0015075469855219126
GAS,BAD,UCB_WITHOUT_VAE_UNCERTAINTY,44,Q loss,604,0.007432947866618633
GAS,BAD,UCB_WITHOUT_VAE_UNCERTAINTY,44,Q loss,605,0.0023316731676459312
GAS,BAD,UCB_WITHOUT_VAE_UNCERTAINTY,44,Q loss,606,0.002782768104225397
GAS,BAD,UCB_WITHOUT_VAE_UNCERTAINTY,44,Q loss,607,0.011553822085261345
GAS,BAD,UCB_WITHOUT_VAE_UNCERTAINTY,44,Q loss,608,0.009322350844740868
GAS,BAD,UCB_WITHOUT_VAE_UNCERTAINTY,44,Q loss,609,0.001574394409544766
GAS,BAD,UCB_WITHOUT_VAE_UNCERTAINTY,44,Q loss,610,0.002193725435063243
GAS,BAD,UCB_WITHOUT_VAE_UNCERTAINTY,44,Q loss,611,0.006464215926826
GAS,BAD,UCB_WITHOUT_VAE_UNCERTAINTY,44,Q loss,612,0.0028728749603033066
GAS,BAD,UCB_WITHOUT_VAE_UNCERTAINTY,44,Q loss,613,0.0015677993651479483
GAS,BAD,UCB_WITHOUT_VAE_UNCERTAINTY,44,Q loss,614,0.001740116160362959
GAS,BAD,UCB_WITHOUT_VAE_UNCERTAINTY,44,Q loss,615,0.0020092881750315428
GAS,BAD,UCB_WITHOUT_VAE_UNCERTAINTY,44,Q loss,616,0.0044694095849990845
GAS,BAD,UCB_WITHOUT_VAE_UNCERTAINTY,44,Q loss,617,0.006097930483520031
GAS,BAD,UCB_WITHOUT_VAE_UNCERTAINTY,44,Q loss,618,0.0020762807689607143
GAS,BAD,UCB_WITHOUT_VAE_UNCERTAINTY,44,Q loss,619,0.00574706494808197
GAS,BAD,UCB_WITHOUT_VAE_UNCERTAINTY,44,Q loss,620,0.0008959585684351623
GAS,BAD,UCB_WITHOUT_VAE_UNCERTAINTY,44,Q loss,621,0.0024652997963130474
GAS,BAD,UCB_WITHOUT_VAE_UNCERTAINTY,44,Q loss,622,0.0021272716112434864
GAS,BAD,UCB_WITHOUT_VAE_UNCERTAINTY,44,Q loss,623,0.0017472958425059915
GAS,BAD,UCB_WITHOUT_VAE_UNCERTAINTY,44,Q loss,624,0.0029483214020729065
GAS,BAD,UCB_WITHOUT_VAE_UNCERTAINTY,44,Q loss,625,0.0021650944836437702
GAS,BAD,UCB_WITHOUT_VAE_UNCERTAINTY,44,Q loss,626,0.005814133677631617
GAS,BAD,UCB_WITHOUT_VAE_UNCERTAINTY,44,Q loss,627,0.006103553343564272
GAS,BAD,UCB_WITHOUT_VAE_UNCERTAINTY,44,Q loss,628,0.002428284380584955
GAS,BAD,UCB_WITHOUT_VAE_UNCERTAINTY,44,Q loss,629,0.009023024700582027
GAS,BAD,UCB_WITHOUT_VAE_UNCERTAINTY,44,Q loss,630,0.0013025070074945688
GAS,BAD,UCB_WITHOUT_VAE_UNCERTAINTY,44,Q loss,631,0.0015299166552722454
GAS,BAD,UCB_WITHOUT_VAE_UNCERTAINTY,44,Q loss,632,0.0012982117477804422
GAS,BAD,UCB_WITHOUT_VAE_UNCERTAINTY,44,Q loss,633,0.003460455220192671
GAS,BAD,UCB_WITHOUT_VAE_UNCERTAINTY,44,Q loss,634,0.0019527823897078633
GAS,BAD,UCB_WITHOUT_VAE_UNCERTAINTY,44,Q loss,635,0.011897491291165352
GAS,BAD,UCB_WITHOUT_VAE_UNCERTAINTY,44,Q loss,636,0.0006988890236243606
GAS,BAD,UCB_WITHOUT_VAE_UNCERTAINTY,44,Q loss,637,0.0014364069793373346
GAS,BAD,UCB_WITHOUT_VAE_UNCERTAINTY,44,Q loss,638,0.000791977799963206
GAS,BAD,UCB_WITHOUT_VAE_UNCERTAINTY,44,Q loss,639,0.0015033480012789369
GAS,BAD,UCB_WITHOUT_VAE_UNCERTAINTY,44,Q loss,640,0.0028606844134628773
GAS,BAD,UCB_WITHOUT_VAE_UNCERTAINTY,44,Q loss,641,0.003923687152564526
GAS,BAD,UCB_WITHOUT_VAE_UNCERTAINTY,44,Q loss,642,0.001560749253258109
GAS,BAD,UCB_WITHOUT_VAE_UNCERTAINTY,44,Q loss,643,0.004008302465081215
GAS,BAD,UCB_WITHOUT_VAE_UNCERTAINTY,44,Q loss,644,0.000878669903613627
GAS,BAD,UCB_WITHOUT_VAE_UNCERTAINTY,44,Q loss,645,0.0017432763706892729
GAS,BAD,UCB_WITHOUT_VAE_UNCERTAINTY,44,Q loss,646,0.002672969363629818
GAS,BAD,UCB_WITHOUT_VAE_UNCERTAINTY,44,Q loss,647,0.004232871811836958
GAS,BAD,UCB_WITHOUT_VAE_UNCERTAINTY,44,Q loss,648,0.001714322599582374
GAS,BAD,UCB_WITHOUT_VAE_UNCERTAINTY,44,Q loss,649,0.0013805343769490719
GAS,BAD,UCB_WITHOUT_VAE_UNCERTAINTY,44,Q loss,650,0.0017793414881452918
GAS,BAD,UCB_WITHOUT_VAE_UNCERTAINTY,44,Q loss,651,0.0009458333952352405
GAS,BAD,UCB_WITHOUT_VAE_UNCERTAINTY,44,Q loss,652,0.002161713084205985
GAS,BAD,UCB_WITHOUT_VAE_UNCERTAINTY,44,Q loss,653,0.0054379417560994625
GAS,BAD,UCB_WITHOUT_VAE_UNCERTAINTY,44,Q loss,654,0.0010112103773280978
GAS,BAD,UCB_WITHOUT_VAE_UNCERTAINTY,44,Q loss,655,0.0025000516325235367
GAS,BAD,UCB_WITHOUT_VAE_UNCERTAINTY,44,Q loss,656,0.002066690241917968
GAS,BAD,UCB_WITHOUT_VAE_UNCERTAINTY,44,Q loss,657,0.0016163046238943934
GAS,BAD,UCB_WITHOUT_VAE_UNCERTAINTY,44,Q loss,658,0.011755084618926048
GAS,BAD,UCB_WITHOUT_VAE_UNCERTAINTY,44,Q loss,659,0.002048734575510025
GAS,BAD,UCB_WITHOUT_VAE_UNCERTAINTY,44,Q loss,660,0.002761887153610587
GAS,BAD,UCB_WITHOUT_VAE_UNCERTAINTY,44,Q loss,661,0.002718995325267315
GAS,BAD,UCB_WITHOUT_VAE_UNCERTAINTY,44,Q loss,662,0.0007358155562542379
GAS,BAD,UCB_WITHOUT_VAE_UNCERTAINTY,44,Q loss,663,0.0019776769913733006
GAS,BAD,UCB_WITHOUT_VAE_UNCERTAINTY,44,Q loss,664,0.0038634755183011293
GAS,BAD,UCB_WITHOUT_VAE_UNCERTAINTY,44,Q loss,665,0.006929453928023577
GAS,BAD,UCB_WITHOUT_VAE_UNCERTAINTY,44,Q loss,666,0.0027730355504900217
GAS,BAD,UCB_WITHOUT_VAE_UNCERTAINTY,44,Q loss,667,0.0016371990786865354
GAS,BAD,UCB_WITHOUT_VAE_UNCERTAINTY,44,Q loss,668,0.0020634285174310207
GAS,BAD,UCB_WITHOUT_VAE_UNCERTAINTY,44,Q loss,669,0.005172697361558676
GAS,BAD,UCB_WITHOUT_VAE_UNCERTAINTY,44,Q loss,670,0.0029913566540926695
GAS,BAD,UCB_WITHOUT_VAE_UNCERTAINTY,44,Q loss,671,0.007640521973371506
GAS,BAD,UCB_WITHOUT_VAE_UNCERTAINTY,44,Q loss,672,0.0008384176762774587
GAS,BAD,UCB_WITHOUT_VAE_UNCERTAINTY,44,Q loss,673,0.0019284016452729702
GAS,BAD,UCB_WITHOUT_VAE_UNCERTAINTY,44,Q loss,674,0.0020249681547284126
GAS,BAD,UCB_WITHOUT_VAE_UNCERTAINTY,44,Q loss,675,0.0017047119326889515
GAS,BAD,UCB_WITHOUT_VAE_UNCERTAINTY,44,Q loss,676,0.003184105269610882
GAS,BAD,UCB_WITHOUT_VAE_UNCERTAINTY,44,Q loss,677,0.006501305848360062
GAS,BAD,UCB_WITHOUT_VAE_UNCERTAINTY,44,Q loss,678,0.0016985650872811675
GAS,BAD,UCB_WITHOUT_VAE_UNCERTAINTY,44,Q loss,679,0.003130079712718725
GAS,BAD,UCB_WITHOUT_VAE_UNCERTAINTY,44,Q loss,680,0.000998930772766471
GAS,BAD,UCB_WITHOUT_VAE_UNCERTAINTY,44,Q loss,681,0.005953144282102585
GAS,BAD,UCB_WITHOUT_VAE_UNCERTAINTY,44,Q loss,682,0.007007076870650053
GAS,BAD,UCB_WITHOUT_VAE_UNCERTAINTY,44,Q loss,683,0.004803069401532412
GAS,BAD,UCB_WITHOUT_VAE_UNCERTAINTY,44,Q loss,684,0.0030296179465949535
GAS,BAD,UCB_WITHOUT_VAE_UNCERTAINTY,44,Q loss,685,0.0016982450615614653
GAS,BAD,UCB_WITHOUT_VAE_UNCERTAINTY,44,Q loss,686,0.0020271954126656055
GAS,BAD,UCB_WITHOUT_VAE_UNCERTAINTY,44,Q loss,687,0.0036108007188886404
GAS,BAD,UCB_WITHOUT_VAE_UNCERTAINTY,44,Q loss,688,0.0020867425482720137
GAS,BAD,UCB_WITHOUT_VAE_UNCERTAINTY,44,Q loss,689,0.015055902302265167
GAS,BAD,UCB_WITHOUT_VAE_UNCERTAINTY,44,Q loss,690,0.0017489494057372212
GAS,BAD,UCB_WITHOUT_VAE_UNCERTAINTY,44,Q loss,691,0.0031260265968739986
GAS,BAD,UCB_WITHOUT_VAE_UNCERTAINTY,44,Q loss,692,0.0019196560606360435
GAS,BAD,UCB_WITHOUT_VAE_UNCERTAINTY,44,Q loss,693,0.003433624980971217
GAS,BAD,UCB_WITHOUT_VAE_UNCERTAINTY,44,Q loss,694,0.0032400598283857107
GAS,BAD,UCB_WITHOUT_VAE_UNCERTAINTY,44,Q loss,695,0.005786978639662266
GAS,BAD,UCB_WITHOUT_VAE_UNCERTAINTY,44,Q loss,696,0.005084357224404812
GAS,BAD,UCB_WITHOUT_VAE_UNCERTAINTY,44,Q loss,697,0.010145308449864388
GAS,BAD,UCB_WITHOUT_VAE_UNCERTAINTY,44,Q loss,698,0.0017885359702631831
GAS,BAD,UCB_WITHOUT_VAE_UNCERTAINTY,44,Q loss,699,0.002449818653985858
GAS,BAD,UCB_WITHOUT_VAE_UNCERTAINTY,44,Q loss,700,0.002271038945764303
GAS,BAD,UCB_WITHOUT_VAE_UNCERTAINTY,44,Q loss,701,0.004776036366820335
GAS,BAD,UCB_WITHOUT_VAE_UNCERTAINTY,44,Q loss,702,0.0018275086767971516
GAS,BAD,UCB_WITHOUT_VAE_UNCERTAINTY,44,Q loss,703,0.002394662471488118
GAS,BAD,UCB_WITHOUT_VAE_UNCERTAINTY,44,Q loss,704,0.0022838686127215624
GAS,BAD,UCB_WITHOUT_VAE_UNCERTAINTY,44,Q loss,705,0.0013980439398437738
GAS,BAD,UCB_WITHOUT_VAE_UNCERTAINTY,44,Q loss,706,0.0020178884733468294
GAS,BAD,UCB_WITHOUT_VAE_UNCERTAINTY,44,Q loss,707,0.004923869855701923
GAS,BAD,UCB_WITHOUT_VAE_UNCERTAINTY,44,Q loss,708,0.0012500373413786292
GAS,BAD,UCB_WITHOUT_VAE_UNCERTAINTY,44,Q loss,709,0.0012216214090585709
GAS,BAD,UCB_WITHOUT_VAE_UNCERTAINTY,44,Q loss,710,0.0023814616724848747
GAS,BAD,UCB_WITHOUT_VAE_UNCERTAINTY,44,Q loss,711,0.0019008987583220005
GAS,BAD,UCB_WITHOUT_VAE_UNCERTAINTY,44,Q loss,712,0.005503752734512091
GAS,BAD,UCB_WITHOUT_VAE_UNCERTAINTY,44,Q loss,713,0.0024956949055194855
GAS,BAD,UCB_WITHOUT_VAE_UNCERTAINTY,44,Q loss,714,0.002887559123337269
GAS,BAD,UCB_WITHOUT_VAE_UNCERTAINTY,44,Q loss,715,0.008720430545508862
GAS,BAD,UCB_WITHOUT_VAE_UNCERTAINTY,44,Q loss,716,0.0009602329810149968
GAS,BAD,UCB_WITHOUT_VAE_UNCERTAINTY,44,Q loss,717,0.00247894786298275
GAS,BAD,UCB_WITHOUT_VAE_UNCERTAINTY,44,Q loss,718,0.002267634030431509
GAS,BAD,UCB_WITHOUT_VAE_UNCERTAINTY,44,Q loss,719,0.0014968428295105696
GAS,BAD,UCB_WITHOUT_VAE_UNCERTAINTY,44,Q loss,720,0.0008958828402683139
GAS,BAD,UCB_WITHOUT_VAE_UNCERTAINTY,44,Q loss,721,0.0020519134122878313
GAS,BAD,UCB_WITHOUT_VAE_UNCERTAINTY,44,Q loss,722,0.0012226288672536612
GAS,BAD,UCB_WITHOUT_VAE_UNCERTAINTY,44,Q loss,723,0.002803968731313944
GAS,BAD,UCB_WITHOUT_VAE_UNCERTAINTY,44,Q loss,724,0.001714949612505734
GAS,BAD,UCB_WITHOUT_VAE_UNCERTAINTY,44,Q loss,725,0.003777164500206709
GAS,BAD,UCB_WITHOUT_VAE_UNCERTAINTY,44,Q loss,726,0.0006836365791969001
GAS,BAD,UCB_WITHOUT_VAE_UNCERTAINTY,44,Q loss,727,0.002734927460551262
GAS,BAD,UCB_WITHOUT_VAE_UNCERTAINTY,44,Q loss,728,0.0009249898139387369
GAS,BAD,UCB_WITHOUT_VAE_UNCERTAINTY,44,Q loss,729,0.0021297307685017586
GAS,BAD,UCB_WITHOUT_VAE_UNCERTAINTY,44,Q loss,730,0.004810034297406673
GAS,BAD,UCB_WITHOUT_VAE_UNCERTAINTY,44,Q loss,731,0.0011152609949931502
GAS,BAD,UCB_WITHOUT_VAE_UNCERTAINTY,44,Q loss,732,0.0034135770983994007
GAS,BAD,UCB_WITHOUT_VAE_UNCERTAINTY,44,Q loss,733,0.0029852869920432568
GAS,BAD,UCB_WITHOUT_VAE_UNCERTAINTY,44,Q loss,734,0.0012617215979844332
GAS,BAD,UCB_WITHOUT_VAE_UNCERTAINTY,44,Q loss,735,0.0021799043752253056
GAS,BAD,UCB_WITHOUT_VAE_UNCERTAINTY,44,Q loss,736,0.0033591343089938164
GAS,BAD,UCB_WITHOUT_VAE_UNCERTAINTY,44,Q loss,737,0.0022308644838631153
GAS,BAD,UCB_WITHOUT_VAE_UNCERTAINTY,44,Q loss,738,0.004410174675285816
GAS,BAD,UCB_WITHOUT_VAE_UNCERTAINTY,44,Q loss,739,0.0014084207359701395
GAS,BAD,UCB_WITHOUT_VAE_UNCERTAINTY,44,Q loss,740,0.0006113348645158112
GAS,BAD,UCB_WITHOUT_VAE_UNCERTAINTY,44,Q loss,741,0.001686692121438682
GAS,BAD,UCB_WITHOUT_VAE_UNCERTAINTY,44,Q loss,742,0.003494942095130682
GAS,BAD,UCB_WITHOUT_VAE_UNCERTAINTY,44,Q loss,743,0.002856556326150894
GAS,BAD,UCB_WITHOUT_VAE_UNCERTAINTY,44,Q loss,744,0.0004320134175941348
GAS,BAD,UCB_WITHOUT_VAE_UNCERTAINTY,44,Q loss,745,0.003333951346576214
GAS,BAD,UCB_WITHOUT_VAE_UNCERTAINTY,44,Q loss,746,0.0007747254567220807
GAS,BAD,UCB_WITHOUT_VAE_UNCERTAINTY,44,Q loss,747,0.0014844783581793308
GAS,BAD,UCB_WITHOUT_VAE_UNCERTAINTY,44,Q loss,748,0.0015392659697681665
GAS,BAD,UCB_WITHOUT_VAE_UNCERTAINTY,44,Q loss,749,0.0030824695713818073
GAS,BAD,UCB_WITHOUT_VAE_UNCERTAINTY,44,Q loss,750,0.00230922969058156
GAS,BAD,UCB_WITHOUT_VAE_UNCERTAINTY,44,Q loss,751,0.0030595711432397366
GAS,BAD,UCB_WITHOUT_VAE_UNCERTAINTY,44,Q loss,752,0.0008632666431367397
GAS,BAD,UCB_WITHOUT_VAE_UNCERTAINTY,44,Q loss,753,0.0015975499991327524
GAS,BAD,UCB_WITHOUT_VAE_UNCERTAINTY,44,Q loss,754,0.001259697019122541
GAS,BAD,UCB_WITHOUT_VAE_UNCERTAINTY,44,Q loss,755,0.014755003154277802
GAS,BAD,UCB_WITHOUT_VAE_UNCERTAINTY,44,Q loss,756,0.003049326129257679
GAS,BAD,UCB_WITHOUT_VAE_UNCERTAINTY,44,Q loss,757,0.0015258198836818337
GAS,BAD,UCB_WITHOUT_VAE_UNCERTAINTY,44,Q loss,758,0.0011198836145922542
GAS,BAD,UCB_WITHOUT_VAE_UNCERTAINTY,44,Q loss,759,0.00453106127679348
GAS,BAD,UCB_WITHOUT_VAE_UNCERTAINTY,44,Q loss,760,0.0014713120181113482
GAS,BAD,UCB_WITHOUT_VAE_UNCERTAINTY,44,Q loss,761,0.014718600548803806
GAS,BAD,UCB_WITHOUT_VAE_UNCERTAINTY,44,Q loss,762,0.0005025593563914299
GAS,BAD,UCB_WITHOUT_VAE_UNCERTAINTY,44,Q loss,763,0.0017574101220816374
GAS,BAD,UCB_WITHOUT_VAE_UNCERTAINTY,44,Q loss,764,0.0005831064190715551
GAS,BAD,UCB_WITHOUT_VAE_UNCERTAINTY,44,Q loss,765,0.0009707642020657659
GAS,BAD,UCB_WITHOUT_VAE_UNCERTAINTY,44,Q loss,766,0.004373089410364628
GAS,BAD,UCB_WITHOUT_VAE_UNCERTAINTY,44,Q loss,767,0.0034804269671440125
GAS,BAD,UCB_WITHOUT_VAE_UNCERTAINTY,44,Q loss,768,0.004776458255946636
GAS,BAD,UCB_WITHOUT_VAE_UNCERTAINTY,44,Q loss,769,0.0017272066324949265
GAS,BAD,UCB_WITHOUT_VAE_UNCERTAINTY,44,Q loss,770,0.0011009545996785164
GAS,BAD,UCB_WITHOUT_VAE_UNCERTAINTY,44,Q loss,771,0.0022681462578475475
GAS,BAD,UCB_WITHOUT_VAE_UNCERTAINTY,44,Q loss,772,0.006716595962643623
GAS,BAD,UCB_WITHOUT_VAE_UNCERTAINTY,44,Q loss,773,0.001082114176824689
GAS,BAD,UCB_WITHOUT_VAE_UNCERTAINTY,44,Q loss,774,0.001275660120882094
GAS,BAD,UCB_WITHOUT_VAE_UNCERTAINTY,44,Q loss,775,0.001289275474846363
GAS,BAD,UCB_WITHOUT_VAE_UNCERTAINTY,44,Q loss,776,0.0006328487070277333
GAS,BAD,UCB_WITHOUT_VAE_UNCERTAINTY,44,Q loss,777,0.005190341733396053
GAS,BAD,UCB_WITHOUT_VAE_UNCERTAINTY,44,Q loss,778,0.002478670096024871
GAS,BAD,UCB_WITHOUT_VAE_UNCERTAINTY,44,Q loss,779,0.013013860210776329
GAS,BAD,UCB_WITHOUT_VAE_UNCERTAINTY,44,Q loss,780,0.0006184991798363626
GAS,BAD,UCB_WITHOUT_VAE_UNCERTAINTY,44,Q loss,781,0.001257477793842554
GAS,BAD,UCB_WITHOUT_VAE_UNCERTAINTY,44,Q loss,782,0.0012145109940320253
GAS,BAD,UCB_WITHOUT_VAE_UNCERTAINTY,44,Q loss,783,0.001221733633428812
GAS,BAD,UCB_WITHOUT_VAE_UNCERTAINTY,44,Q loss,784,0.0022765572648495436
GAS,BAD,UCB_WITHOUT_VAE_UNCERTAINTY,44,Q loss,785,0.00047226768219843507
GAS,BAD,UCB_WITHOUT_VAE_UNCERTAINTY,44,Q loss,786,0.0034017451107501984
GAS,BAD,UCB_WITHOUT_VAE_UNCERTAINTY,44,Q loss,787,0.0025419541634619236
GAS,BAD,UCB_WITHOUT_VAE_UNCERTAINTY,44,Q loss,788,0.0007332580862566829
GAS,BAD,UCB_WITHOUT_VAE_UNCERTAINTY,44,Q loss,789,0.0020982977002859116
GAS,BAD,UCB_WITHOUT_VAE_UNCERTAINTY,44,Q loss,790,0.001592007465660572
GAS,BAD,UCB_WITHOUT_VAE_UNCERTAINTY,44,Q loss,791,0.004808463156223297
GAS,BAD,UCB_WITHOUT_VAE_UNCERTAINTY,44,Q loss,792,0.0006272890605032444
GAS,BAD,UCB_WITHOUT_VAE_UNCERTAINTY,44,Q loss,793,0.0015533589757978916
GAS,BAD,UCB_WITHOUT_VAE_UNCERTAINTY,44,Q loss,794,0.0017239528242498636
GAS,BAD,UCB_WITHOUT_VAE_UNCERTAINTY,44,Q loss,795,0.003246869193390012
GAS,BAD,UCB_WITHOUT_VAE_UNCERTAINTY,44,Q loss,796,0.0022064708173274994
GAS,BAD,UCB_WITHOUT_VAE_UNCERTAINTY,44,Q loss,797,0.01759864017367363
GAS,BAD,UCB_WITHOUT_VAE_UNCERTAINTY,44,Q loss,798,0.0024592832196503878
GAS,BAD,UCB_WITHOUT_VAE_UNCERTAINTY,44,Q loss,799,0.0013185665011405945
GAS,BAD,UCB_WITHOUT_VAE_UNCERTAINTY,44,Q loss,800,0.0007834004936739802
GAS,BAD,UCB_WITHOUT_VAE_UNCERTAINTY,44,Q loss,801,0.0024762656539678574
GAS,BAD,UCB_WITHOUT_VAE_UNCERTAINTY,44,Q loss,802,0.006814937107264996
GAS,BAD,UCB_WITHOUT_VAE_UNCERTAINTY,44,Q loss,803,0.0020192330703139305
GAS,BAD,UCB_WITHOUT_VAE_UNCERTAINTY,44,Q loss,804,0.003507401328533888
GAS,BAD,UCB_WITHOUT_VAE_UNCERTAINTY,44,Q loss,805,0.002414138987660408
GAS,BAD,UCB_WITHOUT_VAE_UNCERTAINTY,44,Q loss,806,0.0008048550225794315
GAS,BAD,UCB_WITHOUT_VAE_UNCERTAINTY,44,Q loss,807,0.002706593368202448
GAS,BAD,UCB_WITHOUT_VAE_UNCERTAINTY,44,Q loss,808,0.002739774063229561
GAS,BAD,UCB_WITHOUT_VAE_UNCERTAINTY,44,Q loss,809,0.0014030468882992864
GAS,BAD,UCB_WITHOUT_VAE_UNCERTAINTY,44,Cost loss,0,0.10933184623718262
GAS,BAD,UCB_WITHOUT_VAE_UNCERTAINTY,44,Cost loss,1,0.10706295818090439
GAS,BAD,UCB_WITHOUT_VAE_UNCERTAINTY,44,Cost loss,2,0.10666714608669281
GAS,BAD,UCB_WITHOUT_VAE_UNCERTAINTY,44,Cost loss,3,0.1031755805015564
GAS,BAD,UCB_WITHOUT_VAE_UNCERTAINTY,44,Cost loss,4,0.1043706014752388
GAS,BAD,UCB_WITHOUT_VAE_UNCERTAINTY,44,Cost loss,5,0.10243462026119232
GAS,BAD,UCB_WITHOUT_VAE_UNCERTAINTY,44,Cost loss,6,0.10061770677566528
GAS,BAD,UCB_WITHOUT_VAE_UNCERTAINTY,44,Cost loss,7,0.09819673001766205
GAS,BAD,UCB_WITHOUT_VAE_UNCERTAINTY,44,Cost loss,8,0.1010403037071228
GAS,BAD,UCB_WITHOUT_VAE_UNCERTAINTY,44,Cost loss,9,0.09853897988796234
GAS,BAD,UCB_WITHOUT_VAE_UNCERTAINTY,44,Cost loss,10,0.0961085855960846
GAS,BAD,UCB_WITHOUT_VAE_UNCERTAINTY,44,Cost loss,11,0.09741440415382385
GAS,BAD,UCB_WITHOUT_VAE_UNCERTAINTY,44,Cost loss,12,0.09370610862970352
GAS,BAD,UCB_WITHOUT_VAE_UNCERTAINTY,44,Cost loss,13,0.0958215743303299
GAS,BAD,UCB_WITHOUT_VAE_UNCERTAINTY,44,Cost loss,14,0.09134373068809509
GAS,BAD,UCB_WITHOUT_VAE_UNCERTAINTY,44,Cost loss,15,0.09228335320949554
GAS,BAD,UCB_WITHOUT_VAE_UNCERTAINTY,44,Cost loss,16,0.0914088636636734
GAS,BAD,UCB_WITHOUT_VAE_UNCERTAINTY,44,Cost loss,17,0.08842259645462036
GAS,BAD,UCB_WITHOUT_VAE_UNCERTAINTY,44,Cost loss,18,0.08882829546928406
GAS,BAD,UCB_WITHOUT_VAE_UNCERTAINTY,44,Cost loss,19,0.08730204403400421
GAS,BAD,UCB_WITHOUT_VAE_UNCERTAINTY,44,Cost loss,20,0.0864979475736618
GAS,BAD,UCB_WITHOUT_VAE_UNCERTAINTY,44,Cost loss,21,0.08571493625640869
GAS,BAD,UCB_WITHOUT_VAE_UNCERTAINTY,44,Cost loss,22,0.08360221982002258
GAS,BAD,UCB_WITHOUT_VAE_UNCERTAINTY,44,Cost loss,23,0.08177501708269119
GAS,BAD,UCB_WITHOUT_VAE_UNCERTAINTY,44,Cost loss,24,0.08216783404350281
GAS,BAD,UCB_WITHOUT_VAE_UNCERTAINTY,44,Cost loss,25,0.08002207428216934
GAS,BAD,UCB_WITHOUT_VAE_UNCERTAINTY,44,Cost loss,26,0.08162513375282288
GAS,BAD,UCB_WITHOUT_VAE_UNCERTAINTY,44,Cost loss,27,0.07766088843345642
GAS,BAD,UCB_WITHOUT_VAE_UNCERTAINTY,44,Cost loss,28,0.07833419740200043
GAS,BAD,UCB_WITHOUT_VAE_UNCERTAINTY,44,Cost loss,29,0.07830801606178284
GAS,BAD,UCB_WITHOUT_VAE_UNCERTAINTY,44,Cost loss,30,0.07586432993412018
GAS,BAD,UCB_WITHOUT_VAE_UNCERTAINTY,44,Cost loss,31,0.07459388673305511
GAS,BAD,UCB_WITHOUT_VAE_UNCERTAINTY,44,Cost loss,32,0.07395956665277481
GAS,BAD,UCB_WITHOUT_VAE_UNCERTAINTY,44,Cost loss,33,0.07229650020599365
GAS,BAD,UCB_WITHOUT_VAE_UNCERTAINTY,44,Cost loss,34,0.07103562355041504
GAS,BAD,UCB_WITHOUT_VAE_UNCERTAINTY,44,Cost loss,35,0.07244820147752762
GAS,BAD,UCB_WITHOUT_VAE_UNCERTAINTY,44,Cost loss,36,0.06927136331796646
GAS,BAD,UCB_WITHOUT_VAE_UNCERTAINTY,44,Cost loss,37,0.07107052206993103
GAS,BAD,UCB_WITHOUT_VAE_UNCERTAINTY,44,Cost loss,38,0.06850618124008179
GAS,BAD,UCB_WITHOUT_VAE_UNCERTAINTY,44,Cost loss,39,0.06816249340772629
GAS,BAD,UCB_WITHOUT_VAE_UNCERTAINTY,44,Cost loss,40,0.06582841277122498
GAS,BAD,UCB_WITHOUT_VAE_UNCERTAINTY,44,Cost loss,41,0.06583669036626816
GAS,BAD,UCB_WITHOUT_VAE_UNCERTAINTY,44,Cost loss,42,0.06483207643032074
GAS,BAD,UCB_WITHOUT_VAE_UNCERTAINTY,44,Cost loss,43,0.06441670656204224
GAS,BAD,UCB_WITHOUT_VAE_UNCERTAINTY,44,Cost loss,44,0.06371699273586273
GAS,BAD,UCB_WITHOUT_VAE_UNCERTAINTY,44,Cost loss,45,0.062339819967746735
GAS,BAD,UCB_WITHOUT_VAE_UNCERTAINTY,44,Cost loss,46,0.062302522361278534
GAS,BAD,UCB_WITHOUT_VAE_UNCERTAINTY,44,Cost loss,47,0.05911780893802643
GAS,BAD,UCB_WITHOUT_VAE_UNCERTAINTY,44,Cost loss,48,0.061169467866420746
GAS,BAD,UCB_WITHOUT_VAE_UNCERTAINTY,44,Cost loss,49,0.05856051668524742
GAS,BAD,UCB_WITHOUT_VAE_UNCERTAINTY,44,Cost loss,50,0.05896870791912079
GAS,BAD,UCB_WITHOUT_VAE_UNCERTAINTY,44,Cost loss,51,0.05562133714556694
GAS,BAD,UCB_WITHOUT_VAE_UNCERTAINTY,44,Cost loss,52,0.05597503483295441
GAS,BAD,UCB_WITHOUT_VAE_UNCERTAINTY,44,Cost loss,53,0.05493311583995819
GAS,BAD,UCB_WITHOUT_VAE_UNCERTAINTY,44,Cost loss,54,0.05547354370355606
GAS,BAD,UCB_WITHOUT_VAE_UNCERTAINTY,44,Cost loss,55,0.05538080260157585
GAS,BAD,UCB_WITHOUT_VAE_UNCERTAINTY,44,Cost loss,56,0.0529644601047039
GAS,BAD,UCB_WITHOUT_VAE_UNCERTAINTY,44,Cost loss,57,0.052123524248600006
GAS,BAD,UCB_WITHOUT_VAE_UNCERTAINTY,44,Cost loss,58,0.05225057527422905
GAS,BAD,UCB_WITHOUT_VAE_UNCERTAINTY,44,Cost loss,59,0.05196819454431534
GAS,BAD,UCB_WITHOUT_VAE_UNCERTAINTY,44,Cost loss,60,0.0494498685002327
GAS,BAD,UCB_WITHOUT_VAE_UNCERTAINTY,44,Cost loss,61,0.04919242113828659
GAS,BAD,UCB_WITHOUT_VAE_UNCERTAINTY,44,Cost loss,62,0.046614136546850204
GAS,BAD,UCB_WITHOUT_VAE_UNCERTAINTY,44,Cost loss,63,0.046965908259153366
GAS,BAD,UCB_WITHOUT_VAE_UNCERTAINTY,44,Cost loss,64,0.04735153168439865
GAS,BAD,UCB_WITHOUT_VAE_UNCERTAINTY,44,Cost loss,65,0.04724093899130821
GAS,BAD,UCB_WITHOUT_VAE_UNCERTAINTY,44,Cost loss,66,0.04692946746945381
GAS,BAD,UCB_WITHOUT_VAE_UNCERTAINTY,44,Cost loss,67,0.04768548533320427
GAS,BAD,UCB_WITHOUT_VAE_UNCERTAINTY,44,Cost loss,68,0.044911518692970276
GAS,BAD,UCB_WITHOUT_VAE_UNCERTAINTY,44,Cost loss,69,0.044826630502939224
GAS,BAD,UCB_WITHOUT_VAE_UNCERTAINTY,44,Cost loss,70,0.04147481173276901
GAS,BAD,UCB_WITHOUT_VAE_UNCERTAINTY,44,Cost loss,71,0.04266339913010597
GAS,BAD,UCB_WITHOUT_VAE_UNCERTAINTY,44,Cost loss,72,0.04154818132519722
GAS,BAD,UCB_WITHOUT_VAE_UNCERTAINTY,44,Cost loss,73,0.0407022088766098
GAS,BAD,UCB_WITHOUT_VAE_UNCERTAINTY,44,Cost loss,74,0.03971116617321968
GAS,BAD,UCB_WITHOUT_VAE_UNCERTAINTY,44,Cost loss,75,0.03919687867164612
GAS,BAD,UCB_WITHOUT_VAE_UNCERTAINTY,44,Cost loss,76,0.03968733176589012
GAS,BAD,UCB_WITHOUT_VAE_UNCERTAINTY,44,Cost loss,77,0.03776944428682327
GAS,BAD,UCB_WITHOUT_VAE_UNCERTAINTY,44,Cost loss,78,0.03604093939065933
GAS,BAD,UCB_WITHOUT_VAE_UNCERTAINTY,44,Cost loss,79,0.03789083659648895
GAS,BAD,UCB_WITHOUT_VAE_UNCERTAINTY,44,Cost loss,80,0.03546890616416931
GAS,BAD,UCB_WITHOUT_VAE_UNCERTAINTY,44,Cost loss,81,0.03422759845852852
GAS,BAD,UCB_WITHOUT_VAE_UNCERTAINTY,44,Cost loss,82,0.03385276347398758
GAS,BAD,UCB_WITHOUT_VAE_UNCERTAINTY,44,Cost loss,83,0.03418884426355362
GAS,BAD,UCB_WITHOUT_VAE_UNCERTAINTY,44,Cost loss,84,0.03333047777414322
GAS,BAD,UCB_WITHOUT_VAE_UNCERTAINTY,44,Cost loss,85,0.03221927583217621
GAS,BAD,UCB_WITHOUT_VAE_UNCERTAINTY,44,Cost loss,86,0.03265390545129776
GAS,BAD,UCB_WITHOUT_VAE_UNCERTAINTY,44,Cost loss,87,0.031801510602235794
GAS,BAD,UCB_WITHOUT_VAE_UNCERTAINTY,44,Cost loss,88,0.03031819313764572
GAS,BAD,UCB_WITHOUT_VAE_UNCERTAINTY,44,Cost loss,89,0.029152920469641685
GAS,BAD,UCB_WITHOUT_VAE_UNCERTAINTY,44,Cost loss,90,0.028973879292607307
GAS,BAD,UCB_WITHOUT_VAE_UNCERTAINTY,44,Cost loss,91,0.030188698321580887
GAS,BAD,UCB_WITHOUT_VAE_UNCERTAINTY,44,Cost loss,92,0.02944672666490078
GAS,BAD,UCB_WITHOUT_VAE_UNCERTAINTY,44,Cost loss,93,0.02810785546898842
GAS,BAD,UCB_WITHOUT_VAE_UNCERTAINTY,44,Cost loss,94,0.027897421270608902
GAS,BAD,UCB_WITHOUT_VAE_UNCERTAINTY,44,Cost loss,95,0.02726041153073311
GAS,BAD,UCB_WITHOUT_VAE_UNCERTAINTY,44,Cost loss,96,0.026522895321249962
GAS,BAD,UCB_WITHOUT_VAE_UNCERTAINTY,44,Cost loss,97,0.0262394230812788
GAS,BAD,UCB_WITHOUT_VAE_UNCERTAINTY,44,Cost loss,98,0.025160394608974457
GAS,BAD,UCB_WITHOUT_VAE_UNCERTAINTY,44,Cost loss,99,0.02589731477200985
GAS,BAD,UCB_WITHOUT_VAE_UNCERTAINTY,44,Cost loss,100,0.02371200919151306
GAS,BAD,UCB_WITHOUT_VAE_UNCERTAINTY,44,Cost loss,101,0.025008635595440865
GAS,BAD,UCB_WITHOUT_VAE_UNCERTAINTY,44,Cost loss,102,0.023573165759444237
GAS,BAD,UCB_WITHOUT_VAE_UNCERTAINTY,44,Cost loss,103,0.02344694174826145
GAS,BAD,UCB_WITHOUT_VAE_UNCERTAINTY,44,Cost loss,104,0.024187568575143814
GAS,BAD,UCB_WITHOUT_VAE_UNCERTAINTY,44,Cost loss,105,0.02271856740117073
GAS,BAD,UCB_WITHOUT_VAE_UNCERTAINTY,44,Cost loss,106,0.022893764078617096
GAS,BAD,UCB_WITHOUT_VAE_UNCERTAINTY,44,Cost loss,107,0.022893238812685013
GAS,BAD,UCB_WITHOUT_VAE_UNCERTAINTY,44,Cost loss,108,0.021920718252658844
GAS,BAD,UCB_WITHOUT_VAE_UNCERTAINTY,44,Cost loss,109,0.021583814173936844
GAS,BAD,UCB_WITHOUT_VAE_UNCERTAINTY,44,Cost loss,110,0.021887201815843582
GAS,BAD,UCB_WITHOUT_VAE_UNCERTAINTY,44,Cost loss,111,0.021780863404273987
GAS,BAD,UCB_WITHOUT_VAE_UNCERTAINTY,44,Cost loss,112,0.02214377000927925
GAS,BAD,UCB_WITHOUT_VAE_UNCERTAINTY,44,Cost loss,113,0.021241843700408936
GAS,BAD,UCB_WITHOUT_VAE_UNCERTAINTY,44,Cost loss,114,0.02009330317378044
GAS,BAD,UCB_WITHOUT_VAE_UNCERTAINTY,44,Cost loss,115,0.022086944431066513
GAS,BAD,UCB_WITHOUT_VAE_UNCERTAINTY,44,Cost loss,116,0.01928592473268509
GAS,BAD,UCB_WITHOUT_VAE_UNCERTAINTY,44,Cost loss,117,0.01975340023636818
GAS,BAD,UCB_WITHOUT_VAE_UNCERTAINTY,44,Cost loss,118,0.01940251514315605
GAS,BAD,UCB_WITHOUT_VAE_UNCERTAINTY,44,Cost loss,119,0.02010462060570717
GAS,BAD,UCB_WITHOUT_VAE_UNCERTAINTY,44,Cost loss,120,0.019071729853749275
GAS,BAD,UCB_WITHOUT_VAE_UNCERTAINTY,44,Cost loss,121,0.01947096362709999
GAS,BAD,UCB_WITHOUT_VAE_UNCERTAINTY,44,Cost loss,122,0.018582815304398537
GAS,BAD,UCB_WITHOUT_VAE_UNCERTAINTY,44,Cost loss,123,0.017948683351278305
GAS,BAD,UCB_WITHOUT_VAE_UNCERTAINTY,44,Cost loss,124,0.017999570816755295
GAS,BAD,UCB_WITHOUT_VAE_UNCERTAINTY,44,Cost loss,125,0.017071228474378586
GAS,BAD,UCB_WITHOUT_VAE_UNCERTAINTY,44,Cost loss,126,0.016216173768043518
GAS,BAD,UCB_WITHOUT_VAE_UNCERTAINTY,44,Cost loss,127,0.015895623713731766
GAS,BAD,UCB_WITHOUT_VAE_UNCERTAINTY,44,Cost loss,128,0.015794791281223297
GAS,BAD,UCB_WITHOUT_VAE_UNCERTAINTY,44,Cost loss,129,0.015529103577136993
GAS,BAD,UCB_WITHOUT_VAE_UNCERTAINTY,44,Cost loss,130,0.015386577695608139
GAS,BAD,UCB_WITHOUT_VAE_UNCERTAINTY,44,Cost loss,131,0.015140681527554989
GAS,BAD,UCB_WITHOUT_VAE_UNCERTAINTY,44,Cost loss,132,0.01418893039226532
GAS,BAD,UCB_WITHOUT_VAE_UNCERTAINTY,44,Cost loss,133,0.013811027631163597
GAS,BAD,UCB_WITHOUT_VAE_UNCERTAINTY,44,Cost loss,134,0.01300313975661993
GAS,BAD,UCB_WITHOUT_VAE_UNCERTAINTY,44,Cost loss,135,0.012945154681801796
GAS,BAD,UCB_WITHOUT_VAE_UNCERTAINTY,44,Cost loss,136,0.013270274735987186
GAS,BAD,UCB_WITHOUT_VAE_UNCERTAINTY,44,Cost loss,137,0.013191509060561657
GAS,BAD,UCB_WITHOUT_VAE_UNCERTAINTY,44,Cost loss,138,0.012842127121984959
GAS,BAD,UCB_WITHOUT_VAE_UNCERTAINTY,44,Cost loss,139,0.011795856058597565
GAS,BAD,UCB_WITHOUT_VAE_UNCERTAINTY,44,Cost loss,140,0.011905433610081673
GAS,BAD,UCB_WITHOUT_VAE_UNCERTAINTY,44,Cost loss,141,0.01163339801132679
GAS,BAD,UCB_WITHOUT_VAE_UNCERTAINTY,44,Cost loss,142,0.010613197460770607
GAS,BAD,UCB_WITHOUT_VAE_UNCERTAINTY,44,Cost loss,143,0.01103917881846428
GAS,BAD,UCB_WITHOUT_VAE_UNCERTAINTY,44,Cost loss,144,0.010494387708604336
GAS,BAD,UCB_WITHOUT_VAE_UNCERTAINTY,45,Q loss,0,0.03077692911028862
GAS,BAD,UCB_WITHOUT_VAE_UNCERTAINTY,45,Q loss,1,0.021812889724969864
GAS,BAD,UCB_WITHOUT_VAE_UNCERTAINTY,45,Q loss,2,0.036266107112169266
GAS,BAD,UCB_WITHOUT_VAE_UNCERTAINTY,45,Q loss,3,0.029762549325823784
GAS,BAD,UCB_WITHOUT_VAE_UNCERTAINTY,45,Q loss,4,0.048171237111091614
GAS,BAD,UCB_WITHOUT_VAE_UNCERTAINTY,45,Q loss,5,0.029819190502166748
GAS,BAD,UCB_WITHOUT_VAE_UNCERTAINTY,45,Q loss,6,0.02748069167137146
GAS,BAD,UCB_WITHOUT_VAE_UNCERTAINTY,45,Q loss,7,0.025096938014030457
GAS,BAD,UCB_WITHOUT_VAE_UNCERTAINTY,45,Q loss,8,0.05208716541528702
GAS,BAD,UCB_WITHOUT_VAE_UNCERTAINTY,45,Q loss,9,0.0383666455745697
GAS,BAD,UCB_WITHOUT_VAE_UNCERTAINTY,45,Q loss,10,0.04098949208855629
GAS,BAD,UCB_WITHOUT_VAE_UNCERTAINTY,45,Q loss,11,0.03279761224985123
GAS,BAD,UCB_WITHOUT_VAE_UNCERTAINTY,45,Q loss,12,0.02315647527575493
GAS,BAD,UCB_WITHOUT_VAE_UNCERTAINTY,45,Q loss,13,0.027517836540937424
GAS,BAD,UCB_WITHOUT_VAE_UNCERTAINTY,45,Q loss,14,0.020001310855150223
GAS,BAD,UCB_WITHOUT_VAE_UNCERTAINTY,45,Q loss,15,0.02705543488264084
GAS,BAD,UCB_WITHOUT_VAE_UNCERTAINTY,45,Q loss,16,0.015201232396066189
GAS,BAD,UCB_WITHOUT_VAE_UNCERTAINTY,45,Q loss,17,0.07090754806995392
GAS,BAD,UCB_WITHOUT_VAE_UNCERTAINTY,45,Q loss,18,0.020105039700865746
GAS,BAD,UCB_WITHOUT_VAE_UNCERTAINTY,45,Q loss,19,0.05609803646802902
GAS,BAD,UCB_WITHOUT_VAE_UNCERTAINTY,45,Q loss,20,0.044814303517341614
GAS,BAD,UCB_WITHOUT_VAE_UNCERTAINTY,45,Q loss,21,0.038980647921562195
GAS,BAD,UCB_WITHOUT_VAE_UNCERTAINTY,45,Q loss,22,0.09180030971765518
GAS,BAD,UCB_WITHOUT_VAE_UNCERTAINTY,45,Q loss,23,0.13955703377723694
GAS,BAD,UCB_WITHOUT_VAE_UNCERTAINTY,45,Q loss,24,0.04000421240925789
GAS,BAD,UCB_WITHOUT_VAE_UNCERTAINTY,45,Q loss,25,0.03994418680667877
GAS,BAD,UCB_WITHOUT_VAE_UNCERTAINTY,45,Q loss,26,0.09894213825464249
GAS,BAD,UCB_WITHOUT_VAE_UNCERTAINTY,45,Q loss,27,0.07272180914878845
GAS,BAD,UCB_WITHOUT_VAE_UNCERTAINTY,45,Q loss,28,0.04342680796980858
GAS,BAD,UCB_WITHOUT_VAE_UNCERTAINTY,45,Q loss,29,0.045032303780317307
GAS,BAD,UCB_WITHOUT_VAE_UNCERTAINTY,45,Q loss,30,0.041558995842933655
GAS,BAD,UCB_WITHOUT_VAE_UNCERTAINTY,45,Q loss,31,0.03230223432183266
GAS,BAD,UCB_WITHOUT_VAE_UNCERTAINTY,45,Q loss,32,0.028928717598319054
GAS,BAD,UCB_WITHOUT_VAE_UNCERTAINTY,45,Q loss,33,0.024235162883996964
GAS,BAD,UCB_WITHOUT_VAE_UNCERTAINTY,45,Q loss,34,0.021950842812657356
GAS,BAD,UCB_WITHOUT_VAE_UNCERTAINTY,45,Q loss,35,0.06529617309570312
GAS,BAD,UCB_WITHOUT_VAE_UNCERTAINTY,45,Q loss,36,0.02962496131658554
GAS,BAD,UCB_WITHOUT_VAE_UNCERTAINTY,45,Q loss,37,0.025060025975108147
GAS,BAD,UCB_WITHOUT_VAE_UNCERTAINTY,45,Q loss,38,0.03986326977610588
GAS,BAD,UCB_WITHOUT_VAE_UNCERTAINTY,45,Q loss,39,0.05138558894395828
GAS,BAD,UCB_WITHOUT_VAE_UNCERTAINTY,45,Q loss,40,0.10550372302532196
GAS,BAD,UCB_WITHOUT_VAE_UNCERTAINTY,45,Q loss,41,0.1820998340845108
GAS,BAD,UCB_WITHOUT_VAE_UNCERTAINTY,45,Q loss,42,0.024305522441864014
GAS,BAD,UCB_WITHOUT_VAE_UNCERTAINTY,45,Q loss,43,0.02765856869518757
GAS,BAD,UCB_WITHOUT_VAE_UNCERTAINTY,45,Q loss,44,0.03492129221558571
GAS,BAD,UCB_WITHOUT_VAE_UNCERTAINTY,45,Q loss,45,0.06124614179134369
GAS,BAD,UCB_WITHOUT_VAE_UNCERTAINTY,45,Q loss,46,0.04726971685886383
GAS,BAD,UCB_WITHOUT_VAE_UNCERTAINTY,45,Q loss,47,0.04949286952614784
GAS,BAD,UCB_WITHOUT_VAE_UNCERTAINTY,45,Q loss,48,0.04267433285713196
GAS,BAD,UCB_WITHOUT_VAE_UNCERTAINTY,45,Q loss,49,0.06721799075603485
GAS,BAD,UCB_WITHOUT_VAE_UNCERTAINTY,45,Q loss,50,0.10587354004383087
GAS,BAD,UCB_WITHOUT_VAE_UNCERTAINTY,45,Q loss,51,0.07764354348182678
GAS,BAD,UCB_WITHOUT_VAE_UNCERTAINTY,45,Q loss,52,0.03136901557445526
GAS,BAD,UCB_WITHOUT_VAE_UNCERTAINTY,45,Q loss,53,0.07484304159879684
GAS,BAD,UCB_WITHOUT_VAE_UNCERTAINTY,45,Q loss,54,0.03071456216275692
GAS,BAD,UCB_WITHOUT_VAE_UNCERTAINTY,45,Q loss,55,0.04497611150145531
GAS,BAD,UCB_WITHOUT_VAE_UNCERTAINTY,45,Q loss,56,0.04816431552171707
GAS,BAD,UCB_WITHOUT_VAE_UNCERTAINTY,45,Q loss,57,0.049062568694353104
GAS,BAD,UCB_WITHOUT_VAE_UNCERTAINTY,45,Q loss,58,0.09029248356819153
GAS,BAD,UCB_WITHOUT_VAE_UNCERTAINTY,45,Q loss,59,0.13687774538993835
GAS,BAD,UCB_WITHOUT_VAE_UNCERTAINTY,45,Q loss,60,0.029111839830875397
GAS,BAD,UCB_WITHOUT_VAE_UNCERTAINTY,45,Q loss,61,0.06270784139633179
GAS,BAD,UCB_WITHOUT_VAE_UNCERTAINTY,45,Q loss,62,0.07379291951656342
GAS,BAD,UCB_WITHOUT_VAE_UNCERTAINTY,45,Q loss,63,0.07044113427400589
GAS,BAD,UCB_WITHOUT_VAE_UNCERTAINTY,45,Q loss,64,0.05185243859887123
GAS,BAD,UCB_WITHOUT_VAE_UNCERTAINTY,45,Q loss,65,0.04811808839440346
GAS,BAD,UCB_WITHOUT_VAE_UNCERTAINTY,45,Q loss,66,0.03845268860459328
GAS,BAD,UCB_WITHOUT_VAE_UNCERTAINTY,45,Q loss,67,0.037556082010269165
GAS,BAD,UCB_WITHOUT_VAE_UNCERTAINTY,45,Q loss,68,0.07595045864582062
GAS,BAD,UCB_WITHOUT_VAE_UNCERTAINTY,45,Q loss,69,0.04297192022204399
GAS,BAD,UCB_WITHOUT_VAE_UNCERTAINTY,45,Q loss,70,0.04059342294931412
GAS,BAD,UCB_WITHOUT_VAE_UNCERTAINTY,45,Q loss,71,0.09242774546146393
GAS,BAD,UCB_WITHOUT_VAE_UNCERTAINTY,45,Q loss,72,0.024522412568330765
GAS,BAD,UCB_WITHOUT_VAE_UNCERTAINTY,45,Q loss,73,0.031970616430044174
GAS,BAD,UCB_WITHOUT_VAE_UNCERTAINTY,45,Q loss,74,0.03726712614297867
GAS,BAD,UCB_WITHOUT_VAE_UNCERTAINTY,45,Q loss,75,0.02148791030049324
GAS,BAD,UCB_WITHOUT_VAE_UNCERTAINTY,45,Q loss,76,0.08472149074077606
GAS,BAD,UCB_WITHOUT_VAE_UNCERTAINTY,45,Q loss,77,0.18998074531555176
GAS,BAD,UCB_WITHOUT_VAE_UNCERTAINTY,45,Q loss,78,0.03133349120616913
GAS,BAD,UCB_WITHOUT_VAE_UNCERTAINTY,45,Q loss,79,0.013774878345429897
GAS,BAD,UCB_WITHOUT_VAE_UNCERTAINTY,45,Q loss,80,0.019137004390358925
GAS,BAD,UCB_WITHOUT_VAE_UNCERTAINTY,45,Q loss,81,0.06427864730358124
GAS,BAD,UCB_WITHOUT_VAE_UNCERTAINTY,45,Q loss,82,0.04046320170164108
GAS,BAD,UCB_WITHOUT_VAE_UNCERTAINTY,45,Q loss,83,0.04734330624341965
GAS,BAD,UCB_WITHOUT_VAE_UNCERTAINTY,45,Q loss,84,0.033963512629270554
GAS,BAD,UCB_WITHOUT_VAE_UNCERTAINTY,45,Q loss,85,0.055779073387384415
GAS,BAD,UCB_WITHOUT_VAE_UNCERTAINTY,45,Q loss,86,0.05567702651023865
GAS,BAD,UCB_WITHOUT_VAE_UNCERTAINTY,45,Q loss,87,0.05594070255756378
GAS,BAD,UCB_WITHOUT_VAE_UNCERTAINTY,45,Q loss,88,0.022917332127690315
GAS,BAD,UCB_WITHOUT_VAE_UNCERTAINTY,45,Q loss,89,0.08587145060300827
GAS,BAD,UCB_WITHOUT_VAE_UNCERTAINTY,45,Q loss,90,0.020706521347165108
GAS,BAD,UCB_WITHOUT_VAE_UNCERTAINTY,45,Q loss,91,0.035314418375492096
GAS,BAD,UCB_WITHOUT_VAE_UNCERTAINTY,45,Q loss,92,0.042068175971508026
GAS,BAD,UCB_WITHOUT_VAE_UNCERTAINTY,45,Q loss,93,0.025892583653330803
GAS,BAD,UCB_WITHOUT_VAE_UNCERTAINTY,45,Q loss,94,0.07143253087997437
GAS,BAD,UCB_WITHOUT_VAE_UNCERTAINTY,45,Q loss,95,0.09305186569690704
GAS,BAD,UCB_WITHOUT_VAE_UNCERTAINTY,45,Q loss,96,0.015316429547965527
GAS,BAD,UCB_WITHOUT_VAE_UNCERTAINTY,45,Q loss,97,0.033427994698286057
GAS,BAD,UCB_WITHOUT_VAE_UNCERTAINTY,45,Q loss,98,0.04850926250219345
GAS,BAD,UCB_WITHOUT_VAE_UNCERTAINTY,45,Q loss,99,0.048625197261571884
GAS,BAD,UCB_WITHOUT_VAE_UNCERTAINTY,45,Q loss,100,0.04306834936141968
GAS,BAD,UCB_WITHOUT_VAE_UNCERTAINTY,45,Q loss,101,0.04025666043162346
GAS,BAD,UCB_WITHOUT_VAE_UNCERTAINTY,45,Q loss,102,0.040687765926122665
GAS,BAD,UCB_WITHOUT_VAE_UNCERTAINTY,45,Q loss,103,0.023673299700021744
GAS,BAD,UCB_WITHOUT_VAE_UNCERTAINTY,45,Q loss,104,0.02007259428501129
GAS,BAD,UCB_WITHOUT_VAE_UNCERTAINTY,45,Q loss,105,0.04452796280384064
GAS,BAD,UCB_WITHOUT_VAE_UNCERTAINTY,45,Q loss,106,0.02407866343855858
GAS,BAD,UCB_WITHOUT_VAE_UNCERTAINTY,45,Q loss,107,0.10285107791423798
GAS,BAD,UCB_WITHOUT_VAE_UNCERTAINTY,45,Q loss,108,0.018145248293876648
GAS,BAD,UCB_WITHOUT_VAE_UNCERTAINTY,45,Q loss,109,0.03405602276325226
GAS,BAD,UCB_WITHOUT_VAE_UNCERTAINTY,45,Q loss,110,0.02835403010249138
GAS,BAD,UCB_WITHOUT_VAE_UNCERTAINTY,45,Q loss,111,0.02035660855472088
GAS,BAD,UCB_WITHOUT_VAE_UNCERTAINTY,45,Q loss,112,0.09655775129795074
GAS,BAD,UCB_WITHOUT_VAE_UNCERTAINTY,45,Q loss,113,0.06846952438354492
GAS,BAD,UCB_WITHOUT_VAE_UNCERTAINTY,45,Q loss,114,0.016099844127893448
GAS,BAD,UCB_WITHOUT_VAE_UNCERTAINTY,45,Q loss,115,0.0072204070165753365
GAS,BAD,UCB_WITHOUT_VAE_UNCERTAINTY,45,Q loss,116,0.025497227907180786
GAS,BAD,UCB_WITHOUT_VAE_UNCERTAINTY,45,Q loss,117,0.044582054018974304
GAS,BAD,UCB_WITHOUT_VAE_UNCERTAINTY,45,Q loss,118,0.029762128368020058
GAS,BAD,UCB_WITHOUT_VAE_UNCERTAINTY,45,Q loss,119,0.03593248873949051
GAS,BAD,UCB_WITHOUT_VAE_UNCERTAINTY,45,Q loss,120,0.029760340228676796
GAS,BAD,UCB_WITHOUT_VAE_UNCERTAINTY,45,Q loss,121,0.013868470676243305
GAS,BAD,UCB_WITHOUT_VAE_UNCERTAINTY,45,Q loss,122,0.02897331491112709
GAS,BAD,UCB_WITHOUT_VAE_UNCERTAINTY,45,Q loss,123,0.03006778284907341
GAS,BAD,UCB_WITHOUT_VAE_UNCERTAINTY,45,Q loss,124,0.025380980223417282
GAS,BAD,UCB_WITHOUT_VAE_UNCERTAINTY,45,Q loss,125,0.07732752710580826
GAS,BAD,UCB_WITHOUT_VAE_UNCERTAINTY,45,Q loss,126,0.01301892101764679
GAS,BAD,UCB_WITHOUT_VAE_UNCERTAINTY,45,Q loss,127,0.021854566410183907
GAS,BAD,UCB_WITHOUT_VAE_UNCERTAINTY,45,Q loss,128,0.022121544927358627
GAS,BAD,UCB_WITHOUT_VAE_UNCERTAINTY,45,Q loss,129,0.020199516788125038
GAS,BAD,UCB_WITHOUT_VAE_UNCERTAINTY,45,Q loss,130,0.041572798043489456
GAS,BAD,UCB_WITHOUT_VAE_UNCERTAINTY,45,Q loss,131,0.05708881467580795
GAS,BAD,UCB_WITHOUT_VAE_UNCERTAINTY,45,Q loss,132,0.019539784640073776
GAS,BAD,UCB_WITHOUT_VAE_UNCERTAINTY,45,Q loss,133,0.03886899724602699
GAS,BAD,UCB_WITHOUT_VAE_UNCERTAINTY,45,Q loss,134,0.020452428609132767
GAS,BAD,UCB_WITHOUT_VAE_UNCERTAINTY,45,Q loss,135,0.05842643231153488
GAS,BAD,UCB_WITHOUT_VAE_UNCERTAINTY,45,Q loss,136,0.02245732769370079
GAS,BAD,UCB_WITHOUT_VAE_UNCERTAINTY,45,Q loss,137,0.030103910714387894
GAS,BAD,UCB_WITHOUT_VAE_UNCERTAINTY,45,Q loss,138,0.030991949141025543
GAS,BAD,UCB_WITHOUT_VAE_UNCERTAINTY,45,Q loss,139,0.023737546056509018
GAS,BAD,UCB_WITHOUT_VAE_UNCERTAINTY,45,Q loss,140,0.019618671387434006
GAS,BAD,UCB_WITHOUT_VAE_UNCERTAINTY,45,Q loss,141,0.030386442318558693
GAS,BAD,UCB_WITHOUT_VAE_UNCERTAINTY,45,Q loss,142,0.030742228031158447
GAS,BAD,UCB_WITHOUT_VAE_UNCERTAINTY,45,Q loss,143,0.04518210142850876
GAS,BAD,UCB_WITHOUT_VAE_UNCERTAINTY,45,Q loss,144,0.011088656261563301
GAS,BAD,UCB_WITHOUT_VAE_UNCERTAINTY,45,Q loss,145,0.018451165407896042
GAS,BAD,UCB_WITHOUT_VAE_UNCERTAINTY,45,Q loss,146,0.02374897710978985
GAS,BAD,UCB_WITHOUT_VAE_UNCERTAINTY,45,Q loss,147,0.03800651431083679
GAS,BAD,UCB_WITHOUT_VAE_UNCERTAINTY,45,Q loss,148,0.037925928831100464
GAS,BAD,UCB_WITHOUT_VAE_UNCERTAINTY,45,Q loss,149,0.08039599657058716
GAS,BAD,UCB_WITHOUT_VAE_UNCERTAINTY,45,Q loss,150,0.009044934064149857
GAS,BAD,UCB_WITHOUT_VAE_UNCERTAINTY,45,Q loss,151,0.029668431729078293
GAS,BAD,UCB_WITHOUT_VAE_UNCERTAINTY,45,Q loss,152,0.023838046938180923
GAS,BAD,UCB_WITHOUT_VAE_UNCERTAINTY,45,Q loss,153,0.045063674449920654
GAS,BAD,UCB_WITHOUT_VAE_UNCERTAINTY,45,Q loss,154,0.019779741764068604
GAS,BAD,UCB_WITHOUT_VAE_UNCERTAINTY,45,Q loss,155,0.03535909578204155
GAS,BAD,UCB_WITHOUT_VAE_UNCERTAINTY,45,Q loss,156,0.022121982648968697
GAS,BAD,UCB_WITHOUT_VAE_UNCERTAINTY,45,Q loss,157,0.017748787999153137
GAS,BAD,UCB_WITHOUT_VAE_UNCERTAINTY,45,Q loss,158,0.01595698483288288
GAS,BAD,UCB_WITHOUT_VAE_UNCERTAINTY,45,Q loss,159,0.02642197534441948
GAS,BAD,UCB_WITHOUT_VAE_UNCERTAINTY,45,Q loss,160,0.020089438185095787
GAS,BAD,UCB_WITHOUT_VAE_UNCERTAINTY,45,Q loss,161,0.042481329292058945
GAS,BAD,UCB_WITHOUT_VAE_UNCERTAINTY,45,Q loss,162,0.012057696469128132
GAS,BAD,UCB_WITHOUT_VAE_UNCERTAINTY,45,Q loss,163,0.010319439694285393
GAS,BAD,UCB_WITHOUT_VAE_UNCERTAINTY,45,Q loss,164,0.022356349974870682
GAS,BAD,UCB_WITHOUT_VAE_UNCERTAINTY,45,Q loss,165,0.018774142488837242
GAS,BAD,UCB_WITHOUT_VAE_UNCERTAINTY,45,Q loss,166,0.01599072478711605
GAS,BAD,UCB_WITHOUT_VAE_UNCERTAINTY,45,Q loss,167,0.03318452090024948
GAS,BAD,UCB_WITHOUT_VAE_UNCERTAINTY,45,Q loss,168,0.00942090805619955
GAS,BAD,UCB_WITHOUT_VAE_UNCERTAINTY,45,Q loss,169,0.01782194897532463
GAS,BAD,UCB_WITHOUT_VAE_UNCERTAINTY,45,Q loss,170,0.03245862200856209
GAS,BAD,UCB_WITHOUT_VAE_UNCERTAINTY,45,Q loss,171,0.032521747052669525
GAS,BAD,UCB_WITHOUT_VAE_UNCERTAINTY,45,Q loss,172,0.02690066024661064
GAS,BAD,UCB_WITHOUT_VAE_UNCERTAINTY,45,Q loss,173,0.027689458802342415
GAS,BAD,UCB_WITHOUT_VAE_UNCERTAINTY,45,Q loss,174,0.026597166433930397
GAS,BAD,UCB_WITHOUT_VAE_UNCERTAINTY,45,Q loss,175,0.016019422560930252
GAS,BAD,UCB_WITHOUT_VAE_UNCERTAINTY,45,Q loss,176,0.010295690037310123
GAS,BAD,UCB_WITHOUT_VAE_UNCERTAINTY,45,Q loss,177,0.03693785518407822
GAS,BAD,UCB_WITHOUT_VAE_UNCERTAINTY,45,Q loss,178,0.014558004215359688
GAS,BAD,UCB_WITHOUT_VAE_UNCERTAINTY,45,Q loss,179,0.02701430581510067
GAS,BAD,UCB_WITHOUT_VAE_UNCERTAINTY,45,Q loss,180,0.008951080031692982
GAS,BAD,UCB_WITHOUT_VAE_UNCERTAINTY,45,Q loss,181,0.012268622405827045
GAS,BAD,UCB_WITHOUT_VAE_UNCERTAINTY,45,Q loss,182,0.0179583877325058
GAS,BAD,UCB_WITHOUT_VAE_UNCERTAINTY,45,Q loss,183,0.02520701289176941
GAS,BAD,UCB_WITHOUT_VAE_UNCERTAINTY,45,Q loss,184,0.04544255882501602
GAS,BAD,UCB_WITHOUT_VAE_UNCERTAINTY,45,Q loss,185,0.0411590114235878
GAS,BAD,UCB_WITHOUT_VAE_UNCERTAINTY,45,Q loss,186,0.00819541048258543
GAS,BAD,UCB_WITHOUT_VAE_UNCERTAINTY,45,Q loss,187,0.02831161394715309
GAS,BAD,UCB_WITHOUT_VAE_UNCERTAINTY,45,Q loss,188,0.016575276851654053
GAS,BAD,UCB_WITHOUT_VAE_UNCERTAINTY,45,Q loss,189,0.0293351449072361
GAS,BAD,UCB_WITHOUT_VAE_UNCERTAINTY,45,Q loss,190,0.020887140184640884
GAS,BAD,UCB_WITHOUT_VAE_UNCERTAINTY,45,Q loss,191,0.02008560299873352
GAS,BAD,UCB_WITHOUT_VAE_UNCERTAINTY,45,Q loss,192,0.01783854328095913
GAS,BAD,UCB_WITHOUT_VAE_UNCERTAINTY,45,Q loss,193,0.0262717604637146
GAS,BAD,UCB_WITHOUT_VAE_UNCERTAINTY,45,Q loss,194,0.02763582020998001
GAS,BAD,UCB_WITHOUT_VAE_UNCERTAINTY,45,Q loss,195,0.019522666931152344
GAS,BAD,UCB_WITHOUT_VAE_UNCERTAINTY,45,Q loss,196,0.009856736287474632
GAS,BAD,UCB_WITHOUT_VAE_UNCERTAINTY,45,Q loss,197,0.03071488067507744
GAS,BAD,UCB_WITHOUT_VAE_UNCERTAINTY,45,Q loss,198,0.004163659177720547
GAS,BAD,UCB_WITHOUT_VAE_UNCERTAINTY,45,Q loss,199,0.012311838567256927
GAS,BAD,UCB_WITHOUT_VAE_UNCERTAINTY,45,Q loss,200,0.015384374186396599
GAS,BAD,UCB_WITHOUT_VAE_UNCERTAINTY,45,Q loss,201,0.024192724376916885
GAS,BAD,UCB_WITHOUT_VAE_UNCERTAINTY,45,Q loss,202,0.023783095180988312
GAS,BAD,UCB_WITHOUT_VAE_UNCERTAINTY,45,Q loss,203,0.03347484767436981
GAS,BAD,UCB_WITHOUT_VAE_UNCERTAINTY,45,Q loss,204,0.01034532580524683
GAS,BAD,UCB_WITHOUT_VAE_UNCERTAINTY,45,Q loss,205,0.011617954820394516
GAS,BAD,UCB_WITHOUT_VAE_UNCERTAINTY,45,Q loss,206,0.017093967646360397
GAS,BAD,UCB_WITHOUT_VAE_UNCERTAINTY,45,Q loss,207,0.03179972246289253
GAS,BAD,UCB_WITHOUT_VAE_UNCERTAINTY,45,Q loss,208,0.011064648628234863
GAS,BAD,UCB_WITHOUT_VAE_UNCERTAINTY,45,Q loss,209,0.027254562824964523
GAS,BAD,UCB_WITHOUT_VAE_UNCERTAINTY,45,Q loss,210,0.022263040766119957
GAS,BAD,UCB_WITHOUT_VAE_UNCERTAINTY,45,Q loss,211,0.010659003630280495
GAS,BAD,UCB_WITHOUT_VAE_UNCERTAINTY,45,Q loss,212,0.014078527688980103
GAS,BAD,UCB_WITHOUT_VAE_UNCERTAINTY,45,Q loss,213,0.02160884439945221
GAS,BAD,UCB_WITHOUT_VAE_UNCERTAINTY,45,Q loss,214,0.017467563971877098
GAS,BAD,UCB_WITHOUT_VAE_UNCERTAINTY,45,Q loss,215,0.03683456405997276
GAS,BAD,UCB_WITHOUT_VAE_UNCERTAINTY,45,Q loss,216,0.004297114443033934
GAS,BAD,UCB_WITHOUT_VAE_UNCERTAINTY,45,Q loss,217,0.008913535624742508
GAS,BAD,UCB_WITHOUT_VAE_UNCERTAINTY,45,Q loss,218,0.017977725714445114
GAS,BAD,UCB_WITHOUT_VAE_UNCERTAINTY,45,Q loss,219,0.021433822810649872
GAS,BAD,UCB_WITHOUT_VAE_UNCERTAINTY,45,Q loss,220,0.015062535181641579
GAS,BAD,UCB_WITHOUT_VAE_UNCERTAINTY,45,Q loss,221,0.03714877367019653
GAS,BAD,UCB_WITHOUT_VAE_UNCERTAINTY,45,Q loss,222,0.0037733055651187897
GAS,BAD,UCB_WITHOUT_VAE_UNCERTAINTY,45,Q loss,223,0.009345665574073792
GAS,BAD,UCB_WITHOUT_VAE_UNCERTAINTY,45,Q loss,224,0.01394534669816494
GAS,BAD,UCB_WITHOUT_VAE_UNCERTAINTY,45,Q loss,225,0.02976958081126213
GAS,BAD,UCB_WITHOUT_VAE_UNCERTAINTY,45,Q loss,226,0.014243864454329014
GAS,BAD,UCB_WITHOUT_VAE_UNCERTAINTY,45,Q loss,227,0.015710612758994102
GAS,BAD,UCB_WITHOUT_VAE_UNCERTAINTY,45,Q loss,228,0.022423576563596725
GAS,BAD,UCB_WITHOUT_VAE_UNCERTAINTY,45,Q loss,229,0.00928516499698162
GAS,BAD,UCB_WITHOUT_VAE_UNCERTAINTY,45,Q loss,230,0.012604715302586555
GAS,BAD,UCB_WITHOUT_VAE_UNCERTAINTY,45,Q loss,231,0.016637511551380157
GAS,BAD,UCB_WITHOUT_VAE_UNCERTAINTY,45,Q loss,232,0.00876852311193943
GAS,BAD,UCB_WITHOUT_VAE_UNCERTAINTY,45,Q loss,233,0.03268178552389145
GAS,BAD,UCB_WITHOUT_VAE_UNCERTAINTY,45,Q loss,234,0.0028042923659086227
GAS,BAD,UCB_WITHOUT_VAE_UNCERTAINTY,45,Q loss,235,0.009349828585982323
GAS,BAD,UCB_WITHOUT_VAE_UNCERTAINTY,45,Q loss,236,0.012105066329240799
GAS,BAD,UCB_WITHOUT_VAE_UNCERTAINTY,45,Q loss,237,0.020742299035191536
GAS,BAD,UCB_WITHOUT_VAE_UNCERTAINTY,45,Q loss,238,0.010173666290938854
GAS,BAD,UCB_WITHOUT_VAE_UNCERTAINTY,45,Q loss,239,0.020327307283878326
GAS,BAD,UCB_WITHOUT_VAE_UNCERTAINTY,45,Q loss,240,0.0023136967793107033
GAS,BAD,UCB_WITHOUT_VAE_UNCERTAINTY,45,Q loss,241,0.008988969959318638
GAS,BAD,UCB_WITHOUT_VAE_UNCERTAINTY,45,Q loss,242,0.01577126421034336
GAS,BAD,UCB_WITHOUT_VAE_UNCERTAINTY,45,Q loss,243,0.02412452921271324
GAS,BAD,UCB_WITHOUT_VAE_UNCERTAINTY,45,Q loss,244,0.013914167881011963
GAS,BAD,UCB_WITHOUT_VAE_UNCERTAINTY,45,Q loss,245,0.012936558574438095
GAS,BAD,UCB_WITHOUT_VAE_UNCERTAINTY,45,Q loss,246,0.01888396218419075
GAS,BAD,UCB_WITHOUT_VAE_UNCERTAINTY,45,Q loss,247,0.005654921755194664
GAS,BAD,UCB_WITHOUT_VAE_UNCERTAINTY,45,Q loss,248,0.0029941904358565807
GAS,BAD,UCB_WITHOUT_VAE_UNCERTAINTY,45,Q loss,249,0.009853165596723557
GAS,BAD,UCB_WITHOUT_VAE_UNCERTAINTY,45,Q loss,250,0.004027400631457567
GAS,BAD,UCB_WITHOUT_VAE_UNCERTAINTY,45,Q loss,251,0.0379321463406086
GAS,BAD,UCB_WITHOUT_VAE_UNCERTAINTY,45,Q loss,252,0.002724000485613942
GAS,BAD,UCB_WITHOUT_VAE_UNCERTAINTY,45,Q loss,253,0.007642809301614761
GAS,BAD,UCB_WITHOUT_VAE_UNCERTAINTY,45,Q loss,254,0.010081232525408268
GAS,BAD,UCB_WITHOUT_VAE_UNCERTAINTY,45,Q loss,255,0.005909471772611141
GAS,BAD,UCB_WITHOUT_VAE_UNCERTAINTY,45,Q loss,256,0.003879556665197015
GAS,BAD,UCB_WITHOUT_VAE_UNCERTAINTY,45,Q loss,257,0.04629134386777878
GAS,BAD,UCB_WITHOUT_VAE_UNCERTAINTY,45,Q loss,258,0.00503514613956213
GAS,BAD,UCB_WITHOUT_VAE_UNCERTAINTY,45,Q loss,259,0.013557474128901958
GAS,BAD,UCB_WITHOUT_VAE_UNCERTAINTY,45,Q loss,260,0.007247716188430786
GAS,BAD,UCB_WITHOUT_VAE_UNCERTAINTY,45,Q loss,261,0.017407435923814774
GAS,BAD,UCB_WITHOUT_VAE_UNCERTAINTY,45,Q loss,262,0.009823618456721306
GAS,BAD,UCB_WITHOUT_VAE_UNCERTAINTY,45,Q loss,263,0.007678749971091747
GAS,BAD,UCB_WITHOUT_VAE_UNCERTAINTY,45,Q loss,264,0.016661813482642174
GAS,BAD,UCB_WITHOUT_VAE_UNCERTAINTY,45,Q loss,265,0.005309580359607935
GAS,BAD,UCB_WITHOUT_VAE_UNCERTAINTY,45,Q loss,266,0.0028600699733942747
GAS,BAD,UCB_WITHOUT_VAE_UNCERTAINTY,45,Q loss,267,0.013895719312131405
GAS,BAD,UCB_WITHOUT_VAE_UNCERTAINTY,45,Q loss,268,0.01251387782394886
GAS,BAD,UCB_WITHOUT_VAE_UNCERTAINTY,45,Q loss,269,0.023766828700900078
GAS,BAD,UCB_WITHOUT_VAE_UNCERTAINTY,45,Q loss,270,0.004905565641820431
GAS,BAD,UCB_WITHOUT_VAE_UNCERTAINTY,45,Q loss,271,0.006586819421499968
GAS,BAD,UCB_WITHOUT_VAE_UNCERTAINTY,45,Q loss,272,0.011246086098253727
GAS,BAD,UCB_WITHOUT_VAE_UNCERTAINTY,45,Q loss,273,0.011003459803760052
GAS,BAD,UCB_WITHOUT_VAE_UNCERTAINTY,45,Q loss,274,0.011101695708930492
GAS,BAD,UCB_WITHOUT_VAE_UNCERTAINTY,45,Q loss,275,0.019532086327672005
GAS,BAD,UCB_WITHOUT_VAE_UNCERTAINTY,45,Q loss,276,0.0035975277423858643
GAS,BAD,UCB_WITHOUT_VAE_UNCERTAINTY,45,Q loss,277,0.004025706555694342
GAS,BAD,UCB_WITHOUT_VAE_UNCERTAINTY,45,Q loss,278,0.010840382426977158
GAS,BAD,UCB_WITHOUT_VAE_UNCERTAINTY,45,Q loss,279,0.02278931438922882
GAS,BAD,UCB_WITHOUT_VAE_UNCERTAINTY,45,Q loss,280,0.010833598673343658
GAS,BAD,UCB_WITHOUT_VAE_UNCERTAINTY,45,Q loss,281,0.013727123849093914
GAS,BAD,UCB_WITHOUT_VAE_UNCERTAINTY,45,Q loss,282,0.016786713153123856
GAS,BAD,UCB_WITHOUT_VAE_UNCERTAINTY,45,Q loss,283,0.013890663161873817
GAS,BAD,UCB_WITHOUT_VAE_UNCERTAINTY,45,Q loss,284,0.012390844523906708
GAS,BAD,UCB_WITHOUT_VAE_UNCERTAINTY,45,Q loss,285,0.009564224630594254
GAS,BAD,UCB_WITHOUT_VAE_UNCERTAINTY,45,Q loss,286,0.010800931602716446
GAS,BAD,UCB_WITHOUT_VAE_UNCERTAINTY,45,Q loss,287,0.02155476249754429
GAS,BAD,UCB_WITHOUT_VAE_UNCERTAINTY,45,Q loss,288,0.010171899572014809
GAS,BAD,UCB_WITHOUT_VAE_UNCERTAINTY,45,Q loss,289,0.003245707368478179
GAS,BAD,UCB_WITHOUT_VAE_UNCERTAINTY,45,Q loss,290,0.010382618755102158
GAS,BAD,UCB_WITHOUT_VAE_UNCERTAINTY,45,Q loss,291,0.005086352117359638
GAS,BAD,UCB_WITHOUT_VAE_UNCERTAINTY,45,Q loss,292,0.004526369273662567
GAS,BAD,UCB_WITHOUT_VAE_UNCERTAINTY,45,Q loss,293,0.021236225962638855
GAS,BAD,UCB_WITHOUT_VAE_UNCERTAINTY,45,Q loss,294,0.003969074226915836
GAS,BAD,UCB_WITHOUT_VAE_UNCERTAINTY,45,Q loss,295,0.005037417635321617
GAS,BAD,UCB_WITHOUT_VAE_UNCERTAINTY,45,Q loss,296,0.008459877222776413
GAS,BAD,UCB_WITHOUT_VAE_UNCERTAINTY,45,Q loss,297,0.021098770201206207
GAS,BAD,UCB_WITHOUT_VAE_UNCERTAINTY,45,Q loss,298,0.011534943245351315
GAS,BAD,UCB_WITHOUT_VAE_UNCERTAINTY,45,Q loss,299,0.009387143887579441
GAS,BAD,UCB_WITHOUT_VAE_UNCERTAINTY,45,Q loss,300,0.015235718339681625
GAS,BAD,UCB_WITHOUT_VAE_UNCERTAINTY,45,Q loss,301,0.008821100927889347
GAS,BAD,UCB_WITHOUT_VAE_UNCERTAINTY,45,Q loss,302,0.006550561636686325
GAS,BAD,UCB_WITHOUT_VAE_UNCERTAINTY,45,Q loss,303,0.012680266052484512
GAS,BAD,UCB_WITHOUT_VAE_UNCERTAINTY,45,Q loss,304,0.005617725662887096
GAS,BAD,UCB_WITHOUT_VAE_UNCERTAINTY,45,Q loss,305,0.020494971424341202
GAS,BAD,UCB_WITHOUT_VAE_UNCERTAINTY,45,Q loss,306,0.002593937097117305
GAS,BAD,UCB_WITHOUT_VAE_UNCERTAINTY,45,Q loss,307,0.006535650230944157
GAS,BAD,UCB_WITHOUT_VAE_UNCERTAINTY,45,Q loss,308,0.008238508366048336
GAS,BAD,UCB_WITHOUT_VAE_UNCERTAINTY,45,Q loss,309,0.005159332416951656
GAS,BAD,UCB_WITHOUT_VAE_UNCERTAINTY,45,Q loss,310,0.01127946563065052
GAS,BAD,UCB_WITHOUT_VAE_UNCERTAINTY,45,Q loss,311,0.028045283630490303
GAS,BAD,UCB_WITHOUT_VAE_UNCERTAINTY,45,Q loss,312,0.009094689972698689
GAS,BAD,UCB_WITHOUT_VAE_UNCERTAINTY,45,Q loss,313,0.0050990888848900795
GAS,BAD,UCB_WITHOUT_VAE_UNCERTAINTY,45,Q loss,314,0.00527251185849309
GAS,BAD,UCB_WITHOUT_VAE_UNCERTAINTY,45,Q loss,315,0.016975082457065582
GAS,BAD,UCB_WITHOUT_VAE_UNCERTAINTY,45,Q loss,316,0.009719563648104668
GAS,BAD,UCB_WITHOUT_VAE_UNCERTAINTY,45,Q loss,317,0.011320963501930237
GAS,BAD,UCB_WITHOUT_VAE_UNCERTAINTY,45,Q loss,318,0.02133108675479889
GAS,BAD,UCB_WITHOUT_VAE_UNCERTAINTY,45,Q loss,319,0.007836374454200268
GAS,BAD,UCB_WITHOUT_VAE_UNCERTAINTY,45,Q loss,320,0.006691855378448963
GAS,BAD,UCB_WITHOUT_VAE_UNCERTAINTY,45,Q loss,321,0.0095515176653862
GAS,BAD,UCB_WITHOUT_VAE_UNCERTAINTY,45,Q loss,322,0.009111790917813778
GAS,BAD,UCB_WITHOUT_VAE_UNCERTAINTY,45,Q loss,323,0.009550947695970535
GAS,BAD,UCB_WITHOUT_VAE_UNCERTAINTY,45,Q loss,324,0.006695811171084642
GAS,BAD,UCB_WITHOUT_VAE_UNCERTAINTY,45,Q loss,325,0.009472471661865711
GAS,BAD,UCB_WITHOUT_VAE_UNCERTAINTY,45,Q loss,326,0.01113555021584034
GAS,BAD,UCB_WITHOUT_VAE_UNCERTAINTY,45,Q loss,327,0.008228452876210213
GAS,BAD,UCB_WITHOUT_VAE_UNCERTAINTY,45,Q loss,328,0.008968505077064037
GAS,BAD,UCB_WITHOUT_VAE_UNCERTAINTY,45,Q loss,329,0.022999467328190804
GAS,BAD,UCB_WITHOUT_VAE_UNCERTAINTY,45,Q loss,330,0.006033564917743206
GAS,BAD,UCB_WITHOUT_VAE_UNCERTAINTY,45,Q loss,331,0.007985301315784454
GAS,BAD,UCB_WITHOUT_VAE_UNCERTAINTY,45,Q loss,332,0.008025296963751316
GAS,BAD,UCB_WITHOUT_VAE_UNCERTAINTY,45,Q loss,333,0.016715578734874725
GAS,BAD,UCB_WITHOUT_VAE_UNCERTAINTY,45,Q loss,334,0.009429462254047394
GAS,BAD,UCB_WITHOUT_VAE_UNCERTAINTY,45,Q loss,335,0.014947407878935337
GAS,BAD,UCB_WITHOUT_VAE_UNCERTAINTY,45,Q loss,336,0.012377934530377388
GAS,BAD,UCB_WITHOUT_VAE_UNCERTAINTY,45,Q loss,337,0.00915859267115593
GAS,BAD,UCB_WITHOUT_VAE_UNCERTAINTY,45,Q loss,338,0.004648691043257713
GAS,BAD,UCB_WITHOUT_VAE_UNCERTAINTY,45,Q loss,339,0.009081801399588585
GAS,BAD,UCB_WITHOUT_VAE_UNCERTAINTY,45,Q loss,340,0.009204614907503128
GAS,BAD,UCB_WITHOUT_VAE_UNCERTAINTY,45,Q loss,341,0.00979938730597496
GAS,BAD,UCB_WITHOUT_VAE_UNCERTAINTY,45,Q loss,342,0.010444342158734798
GAS,BAD,UCB_WITHOUT_VAE_UNCERTAINTY,45,Q loss,343,0.009850411675870419
GAS,BAD,UCB_WITHOUT_VAE_UNCERTAINTY,45,Q loss,344,0.012424762360751629
GAS,BAD,UCB_WITHOUT_VAE_UNCERTAINTY,45,Q loss,345,0.01236945204436779
GAS,BAD,UCB_WITHOUT_VAE_UNCERTAINTY,45,Q loss,346,0.0063123516738414764
GAS,BAD,UCB_WITHOUT_VAE_UNCERTAINTY,45,Q loss,347,0.019657280296087265
GAS,BAD,UCB_WITHOUT_VAE_UNCERTAINTY,45,Q loss,348,0.008865107782185078
GAS,BAD,UCB_WITHOUT_VAE_UNCERTAINTY,45,Q loss,349,0.007484676316380501
GAS,BAD,UCB_WITHOUT_VAE_UNCERTAINTY,45,Q loss,350,0.003807480912655592
GAS,BAD,UCB_WITHOUT_VAE_UNCERTAINTY,45,Q loss,351,0.017043359577655792
GAS,BAD,UCB_WITHOUT_VAE_UNCERTAINTY,45,Q loss,352,0.006749799009412527
GAS,BAD,UCB_WITHOUT_VAE_UNCERTAINTY,45,Q loss,353,0.006490685045719147
GAS,BAD,UCB_WITHOUT_VAE_UNCERTAINTY,45,Q loss,354,0.010970835573971272
GAS,BAD,UCB_WITHOUT_VAE_UNCERTAINTY,45,Q loss,355,0.012440253049135208
GAS,BAD,UCB_WITHOUT_VAE_UNCERTAINTY,45,Q loss,356,0.0065203504636883736
GAS,BAD,UCB_WITHOUT_VAE_UNCERTAINTY,45,Q loss,357,0.014113068580627441
GAS,BAD,UCB_WITHOUT_VAE_UNCERTAINTY,45,Q loss,358,0.006034365855157375
GAS,BAD,UCB_WITHOUT_VAE_UNCERTAINTY,45,Q loss,359,0.013865649700164795
GAS,BAD,UCB_WITHOUT_VAE_UNCERTAINTY,45,Q loss,360,0.014836455695331097
GAS,BAD,UCB_WITHOUT_VAE_UNCERTAINTY,45,Q loss,361,0.005686834454536438
GAS,BAD,UCB_WITHOUT_VAE_UNCERTAINTY,45,Q loss,362,0.007622106932103634
GAS,BAD,UCB_WITHOUT_VAE_UNCERTAINTY,45,Q loss,363,0.004489046521484852
GAS,BAD,UCB_WITHOUT_VAE_UNCERTAINTY,45,Q loss,364,0.01585623063147068
GAS,BAD,UCB_WITHOUT_VAE_UNCERTAINTY,45,Q loss,365,0.03402165323495865
GAS,BAD,UCB_WITHOUT_VAE_UNCERTAINTY,45,Q loss,366,0.008506057783961296
GAS,BAD,UCB_WITHOUT_VAE_UNCERTAINTY,45,Q loss,367,0.007564653176814318
GAS,BAD,UCB_WITHOUT_VAE_UNCERTAINTY,45,Q loss,368,0.006860584020614624
GAS,BAD,UCB_WITHOUT_VAE_UNCERTAINTY,45,Q loss,369,0.022197004407644272
GAS,BAD,UCB_WITHOUT_VAE_UNCERTAINTY,45,Q loss,370,0.00807265192270279
GAS,BAD,UCB_WITHOUT_VAE_UNCERTAINTY,45,Q loss,371,0.005523358006030321
GAS,BAD,UCB_WITHOUT_VAE_UNCERTAINTY,45,Q loss,372,0.012953239493072033
GAS,BAD,UCB_WITHOUT_VAE_UNCERTAINTY,45,Q loss,373,0.008992688730359077
GAS,BAD,UCB_WITHOUT_VAE_UNCERTAINTY,45,Q loss,374,0.003749507013708353
GAS,BAD,UCB_WITHOUT_VAE_UNCERTAINTY,45,Q loss,375,0.007589333690702915
GAS,BAD,UCB_WITHOUT_VAE_UNCERTAINTY,45,Q loss,376,0.010248257778584957
GAS,BAD,UCB_WITHOUT_VAE_UNCERTAINTY,45,Q loss,377,0.014939969405531883
GAS,BAD,UCB_WITHOUT_VAE_UNCERTAINTY,45,Q loss,378,0.0049084508791565895
GAS,BAD,UCB_WITHOUT_VAE_UNCERTAINTY,45,Q loss,379,0.006173030473291874
GAS,BAD,UCB_WITHOUT_VAE_UNCERTAINTY,45,Q loss,380,0.0123330969363451
GAS,BAD,UCB_WITHOUT_VAE_UNCERTAINTY,45,Q loss,381,0.010163933038711548
GAS,BAD,UCB_WITHOUT_VAE_UNCERTAINTY,45,Q loss,382,0.022190634161233902
GAS,BAD,UCB_WITHOUT_VAE_UNCERTAINTY,45,Q loss,383,0.016598671674728394
GAS,BAD,UCB_WITHOUT_VAE_UNCERTAINTY,45,Q loss,384,0.007113733794540167
GAS,BAD,UCB_WITHOUT_VAE_UNCERTAINTY,45,Q loss,385,0.00903999526053667
GAS,BAD,UCB_WITHOUT_VAE_UNCERTAINTY,45,Q loss,386,0.008164544589817524
GAS,BAD,UCB_WITHOUT_VAE_UNCERTAINTY,45,Q loss,387,0.015286721289157867
GAS,BAD,UCB_WITHOUT_VAE_UNCERTAINTY,45,Q loss,388,0.009466647170484066
GAS,BAD,UCB_WITHOUT_VAE_UNCERTAINTY,45,Q loss,389,0.012691178359091282
GAS,BAD,UCB_WITHOUT_VAE_UNCERTAINTY,45,Q loss,390,0.014957645907998085
GAS,BAD,UCB_WITHOUT_VAE_UNCERTAINTY,45,Q loss,391,0.007267402950674295
GAS,BAD,UCB_WITHOUT_VAE_UNCERTAINTY,45,Q loss,392,0.005056845024228096
GAS,BAD,UCB_WITHOUT_VAE_UNCERTAINTY,45,Q loss,393,0.012421865947544575
GAS,BAD,UCB_WITHOUT_VAE_UNCERTAINTY,45,Q loss,394,0.011269544251263142
GAS,BAD,UCB_WITHOUT_VAE_UNCERTAINTY,45,Q loss,395,0.020442435517907143
GAS,BAD,UCB_WITHOUT_VAE_UNCERTAINTY,45,Q loss,396,0.009752469137310982
GAS,BAD,UCB_WITHOUT_VAE_UNCERTAINTY,45,Q loss,397,0.005300571210682392
GAS,BAD,UCB_WITHOUT_VAE_UNCERTAINTY,45,Q loss,398,0.006113109644502401
GAS,BAD,UCB_WITHOUT_VAE_UNCERTAINTY,45,Q loss,399,0.006603274028748274
GAS,BAD,UCB_WITHOUT_VAE_UNCERTAINTY,45,Q loss,400,0.011215378530323505
GAS,BAD,UCB_WITHOUT_VAE_UNCERTAINTY,45,Q loss,401,0.017881304025650024
GAS,BAD,UCB_WITHOUT_VAE_UNCERTAINTY,45,Q loss,402,0.010097355581820011
GAS,BAD,UCB_WITHOUT_VAE_UNCERTAINTY,45,Q loss,403,0.015315829776227474
GAS,BAD,UCB_WITHOUT_VAE_UNCERTAINTY,45,Q loss,404,0.0022367925848811865
GAS,BAD,UCB_WITHOUT_VAE_UNCERTAINTY,45,Q loss,405,0.010133534669876099
GAS,BAD,UCB_WITHOUT_VAE_UNCERTAINTY,45,Q loss,406,0.003677026368677616
GAS,BAD,UCB_WITHOUT_VAE_UNCERTAINTY,45,Q loss,407,0.010875001549720764
GAS,BAD,UCB_WITHOUT_VAE_UNCERTAINTY,45,Q loss,408,0.013542352244257927
GAS,BAD,UCB_WITHOUT_VAE_UNCERTAINTY,45,Q loss,409,0.010788153856992722
GAS,BAD,UCB_WITHOUT_VAE_UNCERTAINTY,45,Q loss,410,0.004462476819753647
GAS,BAD,UCB_WITHOUT_VAE_UNCERTAINTY,45,Q loss,411,0.008573310449719429
GAS,BAD,UCB_WITHOUT_VAE_UNCERTAINTY,45,Q loss,412,0.012225771322846413
GAS,BAD,UCB_WITHOUT_VAE_UNCERTAINTY,45,Q loss,413,0.020521603524684906
GAS,BAD,UCB_WITHOUT_VAE_UNCERTAINTY,45,Q loss,414,0.002369881607592106
GAS,BAD,UCB_WITHOUT_VAE_UNCERTAINTY,45,Q loss,415,0.010799752548336983
GAS,BAD,UCB_WITHOUT_VAE_UNCERTAINTY,45,Q loss,416,0.006199690513312817
GAS,BAD,UCB_WITHOUT_VAE_UNCERTAINTY,45,Q loss,417,0.008655453100800514
GAS,BAD,UCB_WITHOUT_VAE_UNCERTAINTY,45,Q loss,418,0.018879082053899765
GAS,BAD,UCB_WITHOUT_VAE_UNCERTAINTY,45,Q loss,419,0.020789075642824173
GAS,BAD,UCB_WITHOUT_VAE_UNCERTAINTY,45,Q loss,420,0.0044143954291939735
GAS,BAD,UCB_WITHOUT_VAE_UNCERTAINTY,45,Q loss,421,0.010751042515039444
GAS,BAD,UCB_WITHOUT_VAE_UNCERTAINTY,45,Q loss,422,0.004355331417173147
GAS,BAD,UCB_WITHOUT_VAE_UNCERTAINTY,45,Q loss,423,0.008751732297241688
GAS,BAD,UCB_WITHOUT_VAE_UNCERTAINTY,45,Q loss,424,0.004061456769704819
GAS,BAD,UCB_WITHOUT_VAE_UNCERTAINTY,45,Q loss,425,0.00484875962138176
GAS,BAD,UCB_WITHOUT_VAE_UNCERTAINTY,45,Q loss,426,0.011740515008568764
GAS,BAD,UCB_WITHOUT_VAE_UNCERTAINTY,45,Q loss,427,0.006608730182051659
GAS,BAD,UCB_WITHOUT_VAE_UNCERTAINTY,45,Q loss,428,0.0071095372550189495
GAS,BAD,UCB_WITHOUT_VAE_UNCERTAINTY,45,Q loss,429,0.01754668727517128
GAS,BAD,UCB_WITHOUT_VAE_UNCERTAINTY,45,Q loss,430,0.008511275053024292
GAS,BAD,UCB_WITHOUT_VAE_UNCERTAINTY,45,Q loss,431,0.018255824223160744
GAS,BAD,UCB_WITHOUT_VAE_UNCERTAINTY,45,Q loss,432,0.0057290783151984215
GAS,BAD,UCB_WITHOUT_VAE_UNCERTAINTY,45,Q loss,433,0.00722170015797019
GAS,BAD,UCB_WITHOUT_VAE_UNCERTAINTY,45,Q loss,434,0.01080064382404089
GAS,BAD,UCB_WITHOUT_VAE_UNCERTAINTY,45,Q loss,435,0.012531610205769539
GAS,BAD,UCB_WITHOUT_VAE_UNCERTAINTY,45,Q loss,436,0.014733955264091492
GAS,BAD,UCB_WITHOUT_VAE_UNCERTAINTY,45,Q loss,437,0.029205158352851868
GAS,BAD,UCB_WITHOUT_VAE_UNCERTAINTY,45,Q loss,438,0.0028937826864421368
GAS,BAD,UCB_WITHOUT_VAE_UNCERTAINTY,45,Q loss,439,0.009105244651436806
GAS,BAD,UCB_WITHOUT_VAE_UNCERTAINTY,45,Q loss,440,0.0039538233540952206
GAS,BAD,UCB_WITHOUT_VAE_UNCERTAINTY,45,Q loss,441,0.010242712683975697
GAS,BAD,UCB_WITHOUT_VAE_UNCERTAINTY,45,Q loss,442,0.009644242003560066
GAS,BAD,UCB_WITHOUT_VAE_UNCERTAINTY,45,Q loss,443,0.005576075054705143
GAS,BAD,UCB_WITHOUT_VAE_UNCERTAINTY,45,Q loss,444,0.010243603959679604
GAS,BAD,UCB_WITHOUT_VAE_UNCERTAINTY,45,Q loss,445,0.008920135907828808
GAS,BAD,UCB_WITHOUT_VAE_UNCERTAINTY,45,Q loss,446,0.002882166998460889
GAS,BAD,UCB_WITHOUT_VAE_UNCERTAINTY,45,Q loss,447,0.007836216129362583
GAS,BAD,UCB_WITHOUT_VAE_UNCERTAINTY,45,Q loss,448,0.008097338490188122
GAS,BAD,UCB_WITHOUT_VAE_UNCERTAINTY,45,Q loss,449,0.005660043563693762
GAS,BAD,UCB_WITHOUT_VAE_UNCERTAINTY,45,Q loss,450,0.001937903929501772
GAS,BAD,UCB_WITHOUT_VAE_UNCERTAINTY,45,Q loss,451,0.005544750019907951
GAS,BAD,UCB_WITHOUT_VAE_UNCERTAINTY,45,Q loss,452,0.009432469494640827
GAS,BAD,UCB_WITHOUT_VAE_UNCERTAINTY,45,Q loss,453,0.005239139311015606
GAS,BAD,UCB_WITHOUT_VAE_UNCERTAINTY,45,Q loss,454,0.01874011754989624
GAS,BAD,UCB_WITHOUT_VAE_UNCERTAINTY,45,Q loss,455,0.01913018338382244
GAS,BAD,UCB_WITHOUT_VAE_UNCERTAINTY,45,Q loss,456,0.005705896764993668
GAS,BAD,UCB_WITHOUT_VAE_UNCERTAINTY,45,Q loss,457,0.005455303937196732
GAS,BAD,UCB_WITHOUT_VAE_UNCERTAINTY,45,Q loss,458,0.005208184942603111
GAS,BAD,UCB_WITHOUT_VAE_UNCERTAINTY,45,Q loss,459,0.014096126891672611
GAS,BAD,UCB_WITHOUT_VAE_UNCERTAINTY,45,Q loss,460,0.009221785701811314
GAS,BAD,UCB_WITHOUT_VAE_UNCERTAINTY,45,Q loss,461,0.006672400049865246
GAS,BAD,UCB_WITHOUT_VAE_UNCERTAINTY,45,Q loss,462,0.008788651786744595
GAS,BAD,UCB_WITHOUT_VAE_UNCERTAINTY,45,Q loss,463,0.010094458237290382
GAS,BAD,UCB_WITHOUT_VAE_UNCERTAINTY,45,Q loss,464,0.009028247557580471
GAS,BAD,UCB_WITHOUT_VAE_UNCERTAINTY,45,Q loss,465,0.010074570775032043
GAS,BAD,UCB_WITHOUT_VAE_UNCERTAINTY,45,Q loss,466,0.002795794513076544
GAS,BAD,UCB_WITHOUT_VAE_UNCERTAINTY,45,Q loss,467,0.015887554734945297
GAS,BAD,UCB_WITHOUT_VAE_UNCERTAINTY,45,Q loss,468,0.012150201015174389
GAS,BAD,UCB_WITHOUT_VAE_UNCERTAINTY,45,Q loss,469,0.006951678544282913
GAS,BAD,UCB_WITHOUT_VAE_UNCERTAINTY,45,Q loss,470,0.006759945303201675
GAS,BAD,UCB_WITHOUT_VAE_UNCERTAINTY,45,Q loss,471,0.005847460590302944
GAS,BAD,UCB_WITHOUT_VAE_UNCERTAINTY,45,Q loss,472,0.008577130734920502
GAS,BAD,UCB_WITHOUT_VAE_UNCERTAINTY,45,Q loss,473,0.018775854259729385
GAS,BAD,UCB_WITHOUT_VAE_UNCERTAINTY,45,Q loss,474,0.0046910252422094345
GAS,BAD,UCB_WITHOUT_VAE_UNCERTAINTY,45,Q loss,475,0.004433732479810715
GAS,BAD,UCB_WITHOUT_VAE_UNCERTAINTY,45,Q loss,476,0.00643571000546217
GAS,BAD,UCB_WITHOUT_VAE_UNCERTAINTY,45,Q loss,477,0.007885046303272247
GAS,BAD,UCB_WITHOUT_VAE_UNCERTAINTY,45,Q loss,478,0.004213128238916397
GAS,BAD,UCB_WITHOUT_VAE_UNCERTAINTY,45,Q loss,479,0.011797167360782623
GAS,BAD,UCB_WITHOUT_VAE_UNCERTAINTY,45,Q loss,480,0.0063478522934019566
GAS,BAD,UCB_WITHOUT_VAE_UNCERTAINTY,45,Q loss,481,0.004483130760490894
GAS,BAD,UCB_WITHOUT_VAE_UNCERTAINTY,45,Q loss,482,0.00244238693267107
GAS,BAD,UCB_WITHOUT_VAE_UNCERTAINTY,45,Q loss,483,0.010082211345434189
GAS,BAD,UCB_WITHOUT_VAE_UNCERTAINTY,45,Q loss,484,0.0063476841896772385
GAS,BAD,UCB_WITHOUT_VAE_UNCERTAINTY,45,Q loss,485,0.012988362461328506
GAS,BAD,UCB_WITHOUT_VAE_UNCERTAINTY,45,Q loss,486,0.00376870553009212
GAS,BAD,UCB_WITHOUT_VAE_UNCERTAINTY,45,Q loss,487,0.01079158578068018
GAS,BAD,UCB_WITHOUT_VAE_UNCERTAINTY,45,Q loss,488,0.00928711798042059
GAS,BAD,UCB_WITHOUT_VAE_UNCERTAINTY,45,Q loss,489,0.0063890740275382996
GAS,BAD,UCB_WITHOUT_VAE_UNCERTAINTY,45,Q loss,490,0.013442506082355976
GAS,BAD,UCB_WITHOUT_VAE_UNCERTAINTY,45,Q loss,491,0.026547368615865707
GAS,BAD,UCB_WITHOUT_VAE_UNCERTAINTY,45,Q loss,492,0.008566857315599918
GAS,BAD,UCB_WITHOUT_VAE_UNCERTAINTY,45,Q loss,493,0.01091785915195942
GAS,BAD,UCB_WITHOUT_VAE_UNCERTAINTY,45,Q loss,494,0.007611155044287443
GAS,BAD,UCB_WITHOUT_VAE_UNCERTAINTY,45,Q loss,495,0.010809220373630524
GAS,BAD,UCB_WITHOUT_VAE_UNCERTAINTY,45,Q loss,496,0.007407572120428085
GAS,BAD,UCB_WITHOUT_VAE_UNCERTAINTY,45,Q loss,497,0.00785871408879757
GAS,BAD,UCB_WITHOUT_VAE_UNCERTAINTY,45,Q loss,498,0.00859927199780941
GAS,BAD,UCB_WITHOUT_VAE_UNCERTAINTY,45,Q loss,499,0.009916575625538826
GAS,BAD,UCB_WITHOUT_VAE_UNCERTAINTY,45,Q loss,500,0.0029051045421510935
GAS,BAD,UCB_WITHOUT_VAE_UNCERTAINTY,45,Q loss,501,0.010044289752840996
GAS,BAD,UCB_WITHOUT_VAE_UNCERTAINTY,45,Q loss,502,0.009079478681087494
GAS,BAD,UCB_WITHOUT_VAE_UNCERTAINTY,45,Q loss,503,0.02239173650741577
GAS,BAD,UCB_WITHOUT_VAE_UNCERTAINTY,45,Q loss,504,0.0037980997003614902
GAS,BAD,UCB_WITHOUT_VAE_UNCERTAINTY,45,Q loss,505,0.0026401460636407137
GAS,BAD,UCB_WITHOUT_VAE_UNCERTAINTY,45,Q loss,506,0.007239816710352898
GAS,BAD,UCB_WITHOUT_VAE_UNCERTAINTY,45,Q loss,507,0.006626488640904427
GAS,BAD,UCB_WITHOUT_VAE_UNCERTAINTY,45,Q loss,508,0.009661384858191013
GAS,BAD,UCB_WITHOUT_VAE_UNCERTAINTY,45,Q loss,509,0.014608118683099747
GAS,BAD,UCB_WITHOUT_VAE_UNCERTAINTY,45,Q loss,510,0.003696497529745102
GAS,BAD,UCB_WITHOUT_VAE_UNCERTAINTY,45,Q loss,511,0.009220666252076626
GAS,BAD,UCB_WITHOUT_VAE_UNCERTAINTY,45,Q loss,512,0.01572471857070923
GAS,BAD,UCB_WITHOUT_VAE_UNCERTAINTY,45,Q loss,513,0.01316240057349205
GAS,BAD,UCB_WITHOUT_VAE_UNCERTAINTY,45,Q loss,514,0.009518928825855255
GAS,BAD,UCB_WITHOUT_VAE_UNCERTAINTY,45,Q loss,515,0.006080004386603832
GAS,BAD,UCB_WITHOUT_VAE_UNCERTAINTY,45,Q loss,516,0.0067969197407364845
GAS,BAD,UCB_WITHOUT_VAE_UNCERTAINTY,45,Q loss,517,0.004331621807068586
GAS,BAD,UCB_WITHOUT_VAE_UNCERTAINTY,45,Q loss,518,0.007914071902632713
GAS,BAD,UCB_WITHOUT_VAE_UNCERTAINTY,45,Q loss,519,0.007109201513230801
GAS,BAD,UCB_WITHOUT_VAE_UNCERTAINTY,45,Q loss,520,0.008135158568620682
GAS,BAD,UCB_WITHOUT_VAE_UNCERTAINTY,45,Q loss,521,0.033099737018346786
GAS,BAD,UCB_WITHOUT_VAE_UNCERTAINTY,45,Q loss,522,0.0057784151285886765
GAS,BAD,UCB_WITHOUT_VAE_UNCERTAINTY,45,Q loss,523,0.0037333201617002487
GAS,BAD,UCB_WITHOUT_VAE_UNCERTAINTY,45,Q loss,524,0.007355303503572941
GAS,BAD,UCB_WITHOUT_VAE_UNCERTAINTY,45,Q loss,525,0.004585579968988895
GAS,BAD,UCB_WITHOUT_VAE_UNCERTAINTY,45,Q loss,526,0.009408152662217617
GAS,BAD,UCB_WITHOUT_VAE_UNCERTAINTY,45,Q loss,527,0.020008090883493423
GAS,BAD,UCB_WITHOUT_VAE_UNCERTAINTY,45,Q loss,528,0.0044486029073596
GAS,BAD,UCB_WITHOUT_VAE_UNCERTAINTY,45,Q loss,529,0.006027079187333584
GAS,BAD,UCB_WITHOUT_VAE_UNCERTAINTY,45,Q loss,530,0.005495929159224033
GAS,BAD,UCB_WITHOUT_VAE_UNCERTAINTY,45,Q loss,531,0.008564559742808342
GAS,BAD,UCB_WITHOUT_VAE_UNCERTAINTY,45,Q loss,532,0.008121097460389137
GAS,BAD,UCB_WITHOUT_VAE_UNCERTAINTY,45,Q loss,533,0.005482269451022148
GAS,BAD,UCB_WITHOUT_VAE_UNCERTAINTY,45,Q loss,534,0.009528925642371178
GAS,BAD,UCB_WITHOUT_VAE_UNCERTAINTY,45,Q loss,535,0.009021606296300888
GAS,BAD,UCB_WITHOUT_VAE_UNCERTAINTY,45,Q loss,536,0.0018616379238665104
GAS,BAD,UCB_WITHOUT_VAE_UNCERTAINTY,45,Q loss,537,0.004557945765554905
GAS,BAD,UCB_WITHOUT_VAE_UNCERTAINTY,45,Q loss,538,0.008622266352176666
GAS,BAD,UCB_WITHOUT_VAE_UNCERTAINTY,45,Q loss,539,0.015575419180095196
GAS,BAD,UCB_WITHOUT_VAE_UNCERTAINTY,45,Q loss,540,0.006470245774835348
GAS,BAD,UCB_WITHOUT_VAE_UNCERTAINTY,45,Q loss,541,0.008658521808683872
GAS,BAD,UCB_WITHOUT_VAE_UNCERTAINTY,45,Q loss,542,0.008789838291704655
GAS,BAD,UCB_WITHOUT_VAE_UNCERTAINTY,45,Q loss,543,0.0037693525664508343
GAS,BAD,UCB_WITHOUT_VAE_UNCERTAINTY,45,Q loss,544,0.01787872426211834
GAS,BAD,UCB_WITHOUT_VAE_UNCERTAINTY,45,Q loss,545,0.02219991199672222
GAS,BAD,UCB_WITHOUT_VAE_UNCERTAINTY,45,Q loss,546,0.0046572452411055565
GAS,BAD,UCB_WITHOUT_VAE_UNCERTAINTY,45,Q loss,547,0.008846969343721867
GAS,BAD,UCB_WITHOUT_VAE_UNCERTAINTY,45,Q loss,548,0.011319369077682495
GAS,BAD,UCB_WITHOUT_VAE_UNCERTAINTY,45,Q loss,549,0.010766842402517796
GAS,BAD,UCB_WITHOUT_VAE_UNCERTAINTY,45,Q loss,550,0.006715578027069569
GAS,BAD,UCB_WITHOUT_VAE_UNCERTAINTY,45,Q loss,551,0.009386887773871422
GAS,BAD,UCB_WITHOUT_VAE_UNCERTAINTY,45,Q loss,552,0.01435837522149086
GAS,BAD,UCB_WITHOUT_VAE_UNCERTAINTY,45,Q loss,553,0.004168522544205189
GAS,BAD,UCB_WITHOUT_VAE_UNCERTAINTY,45,Q loss,554,0.0029637122061103582
GAS,BAD,UCB_WITHOUT_VAE_UNCERTAINTY,45,Q loss,555,0.006205080077052116
GAS,BAD,UCB_WITHOUT_VAE_UNCERTAINTY,45,Q loss,556,0.0057232072576880455
GAS,BAD,UCB_WITHOUT_VAE_UNCERTAINTY,45,Q loss,557,0.00875785294920206
GAS,BAD,UCB_WITHOUT_VAE_UNCERTAINTY,45,Q loss,558,0.0028386861085891724
GAS,BAD,UCB_WITHOUT_VAE_UNCERTAINTY,45,Q loss,559,0.007408262230455875
GAS,BAD,UCB_WITHOUT_VAE_UNCERTAINTY,45,Q loss,560,0.010415674187242985
GAS,BAD,UCB_WITHOUT_VAE_UNCERTAINTY,45,Q loss,561,0.0038514533080160618
GAS,BAD,UCB_WITHOUT_VAE_UNCERTAINTY,45,Q loss,562,0.013710502535104752
GAS,BAD,UCB_WITHOUT_VAE_UNCERTAINTY,45,Q loss,563,0.014665416441857815
GAS,BAD,UCB_WITHOUT_VAE_UNCERTAINTY,45,Q loss,564,0.0033134063705801964
GAS,BAD,UCB_WITHOUT_VAE_UNCERTAINTY,45,Q loss,565,0.004099586978554726
GAS,BAD,UCB_WITHOUT_VAE_UNCERTAINTY,45,Q loss,566,0.0033985371701419353
GAS,BAD,UCB_WITHOUT_VAE_UNCERTAINTY,45,Q loss,567,0.01336689293384552
GAS,BAD,UCB_WITHOUT_VAE_UNCERTAINTY,45,Q loss,568,0.00475521432235837
GAS,BAD,UCB_WITHOUT_VAE_UNCERTAINTY,45,Q loss,569,0.009471225552260876
GAS,BAD,UCB_WITHOUT_VAE_UNCERTAINTY,45,Q loss,570,0.007979266345500946
GAS,BAD,UCB_WITHOUT_VAE_UNCERTAINTY,45,Q loss,571,0.00423599686473608
GAS,BAD,UCB_WITHOUT_VAE_UNCERTAINTY,45,Q loss,572,0.003858217503875494
GAS,BAD,UCB_WITHOUT_VAE_UNCERTAINTY,45,Q loss,573,0.005569597706198692
GAS,BAD,UCB_WITHOUT_VAE_UNCERTAINTY,45,Q loss,574,0.006983744911849499
GAS,BAD,UCB_WITHOUT_VAE_UNCERTAINTY,45,Q loss,575,0.022802691906690598
GAS,BAD,UCB_WITHOUT_VAE_UNCERTAINTY,45,Q loss,576,0.0036381676327437162
GAS,BAD,UCB_WITHOUT_VAE_UNCERTAINTY,45,Q loss,577,0.01126185804605484
GAS,BAD,UCB_WITHOUT_VAE_UNCERTAINTY,45,Q loss,578,0.005561327561736107
GAS,BAD,UCB_WITHOUT_VAE_UNCERTAINTY,45,Q loss,579,0.0035249486099928617
GAS,BAD,UCB_WITHOUT_VAE_UNCERTAINTY,45,Q loss,580,0.013690145686268806
GAS,BAD,UCB_WITHOUT_VAE_UNCERTAINTY,45,Q loss,581,0.020031031221151352
GAS,BAD,UCB_WITHOUT_VAE_UNCERTAINTY,45,Q loss,582,0.004658214747905731
GAS,BAD,UCB_WITHOUT_VAE_UNCERTAINTY,45,Q loss,583,0.0070382957346737385
GAS,BAD,UCB_WITHOUT_VAE_UNCERTAINTY,45,Q loss,584,0.007937800139188766
GAS,BAD,UCB_WITHOUT_VAE_UNCERTAINTY,45,Q loss,585,0.007384527940303087
GAS,BAD,UCB_WITHOUT_VAE_UNCERTAINTY,45,Q loss,586,0.005297694355249405
GAS,BAD,UCB_WITHOUT_VAE_UNCERTAINTY,45,Q loss,587,0.013670973479747772
GAS,BAD,UCB_WITHOUT_VAE_UNCERTAINTY,45,Q loss,588,0.006144856568425894
GAS,BAD,UCB_WITHOUT_VAE_UNCERTAINTY,45,Q loss,589,0.004568914417177439
GAS,BAD,UCB_WITHOUT_VAE_UNCERTAINTY,45,Q loss,590,0.002681189449504018
GAS,BAD,UCB_WITHOUT_VAE_UNCERTAINTY,45,Q loss,591,0.004492799751460552
GAS,BAD,UCB_WITHOUT_VAE_UNCERTAINTY,45,Q loss,592,0.008553796447813511
GAS,BAD,UCB_WITHOUT_VAE_UNCERTAINTY,45,Q loss,593,0.007936310954391956
GAS,BAD,UCB_WITHOUT_VAE_UNCERTAINTY,45,Q loss,594,0.005654920823872089
GAS,BAD,UCB_WITHOUT_VAE_UNCERTAINTY,45,Q loss,595,0.008198270574212074
GAS,BAD,UCB_WITHOUT_VAE_UNCERTAINTY,45,Q loss,596,0.005931588355451822
GAS,BAD,UCB_WITHOUT_VAE_UNCERTAINTY,45,Q loss,597,0.004151941277086735
GAS,BAD,UCB_WITHOUT_VAE_UNCERTAINTY,45,Q loss,598,0.01244084257632494
GAS,BAD,UCB_WITHOUT_VAE_UNCERTAINTY,45,Q loss,599,0.022602062672376633
GAS,BAD,UCB_WITHOUT_VAE_UNCERTAINTY,45,Q loss,600,0.0041879452764987946
GAS,BAD,UCB_WITHOUT_VAE_UNCERTAINTY,45,Q loss,601,0.006411498412489891
GAS,BAD,UCB_WITHOUT_VAE_UNCERTAINTY,45,Q loss,602,0.006548096891492605
GAS,BAD,UCB_WITHOUT_VAE_UNCERTAINTY,45,Q loss,603,0.007605450693517923
GAS,BAD,UCB_WITHOUT_VAE_UNCERTAINTY,45,Q loss,604,0.011408853344619274
GAS,BAD,UCB_WITHOUT_VAE_UNCERTAINTY,45,Q loss,605,0.003276154398918152
GAS,BAD,UCB_WITHOUT_VAE_UNCERTAINTY,45,Q loss,606,0.006530853919684887
GAS,BAD,UCB_WITHOUT_VAE_UNCERTAINTY,45,Q loss,607,0.004276434890925884
GAS,BAD,UCB_WITHOUT_VAE_UNCERTAINTY,45,Q loss,608,0.0021938090212643147
GAS,BAD,UCB_WITHOUT_VAE_UNCERTAINTY,45,Q loss,609,0.0060823094099760056
GAS,BAD,UCB_WITHOUT_VAE_UNCERTAINTY,45,Q loss,610,0.006509303580969572
GAS,BAD,UCB_WITHOUT_VAE_UNCERTAINTY,45,Q loss,611,0.02155333384871483
GAS,BAD,UCB_WITHOUT_VAE_UNCERTAINTY,45,Q loss,612,0.009756529703736305
GAS,BAD,UCB_WITHOUT_VAE_UNCERTAINTY,45,Q loss,613,0.0038594650104641914
GAS,BAD,UCB_WITHOUT_VAE_UNCERTAINTY,45,Q loss,614,0.00902580562978983
GAS,BAD,UCB_WITHOUT_VAE_UNCERTAINTY,45,Q loss,615,0.0038088560104370117
GAS,BAD,UCB_WITHOUT_VAE_UNCERTAINTY,45,Q loss,616,0.007299159653484821
GAS,BAD,UCB_WITHOUT_VAE_UNCERTAINTY,45,Q loss,617,0.016645951196551323
GAS,BAD,UCB_WITHOUT_VAE_UNCERTAINTY,45,Q loss,618,0.004622795153409243
GAS,BAD,UCB_WITHOUT_VAE_UNCERTAINTY,45,Q loss,619,0.005006530787795782
GAS,BAD,UCB_WITHOUT_VAE_UNCERTAINTY,45,Q loss,620,0.004352893680334091
GAS,BAD,UCB_WITHOUT_VAE_UNCERTAINTY,45,Q loss,621,0.00962624978274107
GAS,BAD,UCB_WITHOUT_VAE_UNCERTAINTY,45,Q loss,622,0.006684512365609407
GAS,BAD,UCB_WITHOUT_VAE_UNCERTAINTY,45,Q loss,623,0.005401221103966236
GAS,BAD,UCB_WITHOUT_VAE_UNCERTAINTY,45,Q loss,624,0.007661525625735521
GAS,BAD,UCB_WITHOUT_VAE_UNCERTAINTY,45,Q loss,625,0.005362899508327246
GAS,BAD,UCB_WITHOUT_VAE_UNCERTAINTY,45,Q loss,626,0.00341511657461524
GAS,BAD,UCB_WITHOUT_VAE_UNCERTAINTY,45,Q loss,627,0.009610207751393318
GAS,BAD,UCB_WITHOUT_VAE_UNCERTAINTY,45,Q loss,628,0.004040221683681011
GAS,BAD,UCB_WITHOUT_VAE_UNCERTAINTY,45,Q loss,629,0.008751672692596912
GAS,BAD,UCB_WITHOUT_VAE_UNCERTAINTY,45,Q loss,630,0.0029803630895912647
GAS,BAD,UCB_WITHOUT_VAE_UNCERTAINTY,45,Q loss,631,0.0037462497130036354
GAS,BAD,UCB_WITHOUT_VAE_UNCERTAINTY,45,Q loss,632,0.005329915788024664
GAS,BAD,UCB_WITHOUT_VAE_UNCERTAINTY,45,Q loss,633,0.008854887448251247
GAS,BAD,UCB_WITHOUT_VAE_UNCERTAINTY,45,Q loss,634,0.008007153868675232
GAS,BAD,UCB_WITHOUT_VAE_UNCERTAINTY,45,Q loss,635,0.008373670279979706
GAS,BAD,UCB_WITHOUT_VAE_UNCERTAINTY,45,Q loss,636,0.00435170903801918
GAS,BAD,UCB_WITHOUT_VAE_UNCERTAINTY,45,Q loss,637,0.006529469974339008
GAS,BAD,UCB_WITHOUT_VAE_UNCERTAINTY,45,Q loss,638,0.005941295530647039
GAS,BAD,UCB_WITHOUT_VAE_UNCERTAINTY,45,Q loss,639,0.006579183042049408
GAS,BAD,UCB_WITHOUT_VAE_UNCERTAINTY,45,Q loss,640,0.006068103015422821
GAS,BAD,UCB_WITHOUT_VAE_UNCERTAINTY,45,Q loss,641,0.005120868794620037
GAS,BAD,UCB_WITHOUT_VAE_UNCERTAINTY,45,Q loss,642,0.00970892608165741
GAS,BAD,UCB_WITHOUT_VAE_UNCERTAINTY,45,Q loss,643,0.0064061544835567474
GAS,BAD,UCB_WITHOUT_VAE_UNCERTAINTY,45,Q loss,644,0.005754976999014616
GAS,BAD,UCB_WITHOUT_VAE_UNCERTAINTY,45,Q loss,645,0.008878782391548157
GAS,BAD,UCB_WITHOUT_VAE_UNCERTAINTY,45,Q loss,646,0.005968925543129444
GAS,BAD,UCB_WITHOUT_VAE_UNCERTAINTY,45,Q loss,647,0.021219609305262566
GAS,BAD,UCB_WITHOUT_VAE_UNCERTAINTY,45,Q loss,648,0.003910935018211603
GAS,BAD,UCB_WITHOUT_VAE_UNCERTAINTY,45,Q loss,649,0.004758708644658327
GAS,BAD,UCB_WITHOUT_VAE_UNCERTAINTY,45,Q loss,650,0.01022335048764944
GAS,BAD,UCB_WITHOUT_VAE_UNCERTAINTY,45,Q loss,651,0.006349812261760235
GAS,BAD,UCB_WITHOUT_VAE_UNCERTAINTY,45,Q loss,652,0.018146255984902382
GAS,BAD,UCB_WITHOUT_VAE_UNCERTAINTY,45,Q loss,653,0.02741624414920807
GAS,BAD,UCB_WITHOUT_VAE_UNCERTAINTY,45,Q loss,654,0.005783318541944027
GAS,BAD,UCB_WITHOUT_VAE_UNCERTAINTY,45,Q loss,655,0.004252837039530277
GAS,BAD,UCB_WITHOUT_VAE_UNCERTAINTY,45,Q loss,656,0.0032551283948123455
GAS,BAD,UCB_WITHOUT_VAE_UNCERTAINTY,45,Q loss,657,0.008764630183577538
GAS,BAD,UCB_WITHOUT_VAE_UNCERTAINTY,45,Q loss,658,0.005479668267071247
GAS,BAD,UCB_WITHOUT_VAE_UNCERTAINTY,45,Q loss,659,0.010422728955745697
GAS,BAD,UCB_WITHOUT_VAE_UNCERTAINTY,45,Q loss,660,0.008691892959177494
GAS,BAD,UCB_WITHOUT_VAE_UNCERTAINTY,45,Q loss,661,0.006745217368006706
GAS,BAD,UCB_WITHOUT_VAE_UNCERTAINTY,45,Q loss,662,0.007181966211646795
GAS,BAD,UCB_WITHOUT_VAE_UNCERTAINTY,45,Q loss,663,0.007583274506032467
GAS,BAD,UCB_WITHOUT_VAE_UNCERTAINTY,45,Q loss,664,0.005062530282884836
GAS,BAD,UCB_WITHOUT_VAE_UNCERTAINTY,45,Q loss,665,0.007922142744064331
GAS,BAD,UCB_WITHOUT_VAE_UNCERTAINTY,45,Q loss,666,0.004530545324087143
GAS,BAD,UCB_WITHOUT_VAE_UNCERTAINTY,45,Q loss,667,0.0036065783351659775
GAS,BAD,UCB_WITHOUT_VAE_UNCERTAINTY,45,Q loss,668,0.006505599245429039
GAS,BAD,UCB_WITHOUT_VAE_UNCERTAINTY,45,Q loss,669,0.004923502914607525
GAS,BAD,UCB_WITHOUT_VAE_UNCERTAINTY,45,Q loss,670,0.006158842239528894
GAS,BAD,UCB_WITHOUT_VAE_UNCERTAINTY,45,Q loss,671,0.015108397230505943
GAS,BAD,UCB_WITHOUT_VAE_UNCERTAINTY,45,Q loss,672,0.004675403703004122
GAS,BAD,UCB_WITHOUT_VAE_UNCERTAINTY,45,Q loss,673,0.005361728835850954
GAS,BAD,UCB_WITHOUT_VAE_UNCERTAINTY,45,Q loss,674,0.005019389092922211
GAS,BAD,UCB_WITHOUT_VAE_UNCERTAINTY,45,Q loss,675,0.006015229970216751
GAS,BAD,UCB_WITHOUT_VAE_UNCERTAINTY,45,Q loss,676,0.008852577768266201
GAS,BAD,UCB_WITHOUT_VAE_UNCERTAINTY,45,Q loss,677,0.006463220342993736
GAS,BAD,UCB_WITHOUT_VAE_UNCERTAINTY,45,Q loss,678,0.011603344231843948
GAS,BAD,UCB_WITHOUT_VAE_UNCERTAINTY,45,Q loss,679,0.006143943406641483
GAS,BAD,UCB_WITHOUT_VAE_UNCERTAINTY,45,Q loss,680,0.00461754621937871
GAS,BAD,UCB_WITHOUT_VAE_UNCERTAINTY,45,Q loss,681,0.009592554531991482
GAS,BAD,UCB_WITHOUT_VAE_UNCERTAINTY,45,Q loss,682,0.004697169177234173
GAS,BAD,UCB_WITHOUT_VAE_UNCERTAINTY,45,Q loss,683,0.013554176315665245
GAS,BAD,UCB_WITHOUT_VAE_UNCERTAINTY,45,Q loss,684,0.005079780239611864
GAS,BAD,UCB_WITHOUT_VAE_UNCERTAINTY,45,Q loss,685,0.003713218029588461
GAS,BAD,UCB_WITHOUT_VAE_UNCERTAINTY,45,Q loss,686,0.00464042229577899
GAS,BAD,UCB_WITHOUT_VAE_UNCERTAINTY,45,Q loss,687,0.007435417268425226
GAS,BAD,UCB_WITHOUT_VAE_UNCERTAINTY,45,Q loss,688,0.013986404985189438
GAS,BAD,UCB_WITHOUT_VAE_UNCERTAINTY,45,Q loss,689,0.008473100140690804
GAS,BAD,UCB_WITHOUT_VAE_UNCERTAINTY,45,Q loss,690,0.003164418740198016
GAS,BAD,UCB_WITHOUT_VAE_UNCERTAINTY,45,Q loss,691,0.0025419527664780617
GAS,BAD,UCB_WITHOUT_VAE_UNCERTAINTY,45,Q loss,692,0.0050806691870093346
GAS,BAD,UCB_WITHOUT_VAE_UNCERTAINTY,45,Q loss,693,0.009446928277611732
GAS,BAD,UCB_WITHOUT_VAE_UNCERTAINTY,45,Q loss,694,0.008483026176691055
GAS,BAD,UCB_WITHOUT_VAE_UNCERTAINTY,45,Q loss,695,0.004015639424324036
GAS,BAD,UCB_WITHOUT_VAE_UNCERTAINTY,45,Q loss,696,0.0067748031578958035
GAS,BAD,UCB_WITHOUT_VAE_UNCERTAINTY,45,Q loss,697,0.006076237186789513
GAS,BAD,UCB_WITHOUT_VAE_UNCERTAINTY,45,Q loss,698,0.003137839026749134
GAS,BAD,UCB_WITHOUT_VAE_UNCERTAINTY,45,Q loss,699,0.0050806887447834015
GAS,BAD,UCB_WITHOUT_VAE_UNCERTAINTY,45,Q loss,700,0.004526132717728615
GAS,BAD,UCB_WITHOUT_VAE_UNCERTAINTY,45,Q loss,701,0.015427723526954651
GAS,BAD,UCB_WITHOUT_VAE_UNCERTAINTY,45,Q loss,702,0.002921816660091281
GAS,BAD,UCB_WITHOUT_VAE_UNCERTAINTY,45,Q loss,703,0.003982994239777327
GAS,BAD,UCB_WITHOUT_VAE_UNCERTAINTY,45,Q loss,704,0.006331307347863913
GAS,BAD,UCB_WITHOUT_VAE_UNCERTAINTY,45,Q loss,705,0.003904176875948906
GAS,BAD,UCB_WITHOUT_VAE_UNCERTAINTY,45,Q loss,706,0.01706157624721527
GAS,BAD,UCB_WITHOUT_VAE_UNCERTAINTY,45,Q loss,707,0.02633078210055828
GAS,BAD,UCB_WITHOUT_VAE_UNCERTAINTY,45,Q loss,708,0.002176067791879177
GAS,BAD,UCB_WITHOUT_VAE_UNCERTAINTY,45,Q loss,709,0.005743959918618202
GAS,BAD,UCB_WITHOUT_VAE_UNCERTAINTY,45,Q loss,710,0.008081898093223572
GAS,BAD,UCB_WITHOUT_VAE_UNCERTAINTY,45,Q loss,711,0.012691783718764782
GAS,BAD,UCB_WITHOUT_VAE_UNCERTAINTY,45,Q loss,712,0.007955334149301052
GAS,BAD,UCB_WITHOUT_VAE_UNCERTAINTY,45,Q loss,713,0.00456571951508522
GAS,BAD,UCB_WITHOUT_VAE_UNCERTAINTY,45,Q loss,714,0.006141905207186937
GAS,BAD,UCB_WITHOUT_VAE_UNCERTAINTY,45,Q loss,715,0.005978955887258053
GAS,BAD,UCB_WITHOUT_VAE_UNCERTAINTY,45,Q loss,716,0.004165577236562967
GAS,BAD,UCB_WITHOUT_VAE_UNCERTAINTY,45,Q loss,717,0.00971030630171299
GAS,BAD,UCB_WITHOUT_VAE_UNCERTAINTY,45,Q loss,718,0.0041610077023506165
GAS,BAD,UCB_WITHOUT_VAE_UNCERTAINTY,45,Q loss,719,0.013270451687276363
GAS,BAD,UCB_WITHOUT_VAE_UNCERTAINTY,45,Q loss,720,0.005428089294582605
GAS,BAD,UCB_WITHOUT_VAE_UNCERTAINTY,45,Q loss,721,0.008945778012275696
GAS,BAD,UCB_WITHOUT_VAE_UNCERTAINTY,45,Q loss,722,0.0029967986047267914
GAS,BAD,UCB_WITHOUT_VAE_UNCERTAINTY,45,Q loss,723,0.005632416345179081
GAS,BAD,UCB_WITHOUT_VAE_UNCERTAINTY,45,Q loss,724,0.008787979371845722
GAS,BAD,UCB_WITHOUT_VAE_UNCERTAINTY,45,Q loss,725,0.01469847559928894
GAS,BAD,UCB_WITHOUT_VAE_UNCERTAINTY,45,Q loss,726,0.0034546097740530968
GAS,BAD,UCB_WITHOUT_VAE_UNCERTAINTY,45,Q loss,727,0.005035175010561943
GAS,BAD,UCB_WITHOUT_VAE_UNCERTAINTY,45,Q loss,728,0.0037752774078398943
GAS,BAD,UCB_WITHOUT_VAE_UNCERTAINTY,45,Q loss,729,0.008450141176581383
GAS,BAD,UCB_WITHOUT_VAE_UNCERTAINTY,45,Q loss,730,0.005179292056709528
GAS,BAD,UCB_WITHOUT_VAE_UNCERTAINTY,45,Q loss,731,0.0025738002732396126
GAS,BAD,UCB_WITHOUT_VAE_UNCERTAINTY,45,Q loss,732,0.010342352092266083
GAS,BAD,UCB_WITHOUT_VAE_UNCERTAINTY,45,Q loss,733,0.004542991518974304
GAS,BAD,UCB_WITHOUT_VAE_UNCERTAINTY,45,Q loss,734,0.0018421297427266836
GAS,BAD,UCB_WITHOUT_VAE_UNCERTAINTY,45,Q loss,735,0.008840687572956085
GAS,BAD,UCB_WITHOUT_VAE_UNCERTAINTY,45,Q loss,736,0.0052148690447211266
GAS,BAD,UCB_WITHOUT_VAE_UNCERTAINTY,45,Q loss,737,0.004617228172719479
GAS,BAD,UCB_WITHOUT_VAE_UNCERTAINTY,45,Q loss,738,0.004226315300911665
GAS,BAD,UCB_WITHOUT_VAE_UNCERTAINTY,45,Q loss,739,0.003532750764861703
GAS,BAD,UCB_WITHOUT_VAE_UNCERTAINTY,45,Q loss,740,0.0060445391573011875
GAS,BAD,UCB_WITHOUT_VAE_UNCERTAINTY,45,Q loss,741,0.0047083827666938305
GAS,BAD,UCB_WITHOUT_VAE_UNCERTAINTY,45,Q loss,742,0.006961657200008631
GAS,BAD,UCB_WITHOUT_VAE_UNCERTAINTY,45,Q loss,743,0.007969069294631481
GAS,BAD,UCB_WITHOUT_VAE_UNCERTAINTY,45,Q loss,744,0.00993379671126604
GAS,BAD,UCB_WITHOUT_VAE_UNCERTAINTY,45,Q loss,745,0.005301829427480698
GAS,BAD,UCB_WITHOUT_VAE_UNCERTAINTY,45,Q loss,746,0.004836497828364372
GAS,BAD,UCB_WITHOUT_VAE_UNCERTAINTY,45,Q loss,747,0.008968772366642952
GAS,BAD,UCB_WITHOUT_VAE_UNCERTAINTY,45,Q loss,748,0.005053832195699215
GAS,BAD,UCB_WITHOUT_VAE_UNCERTAINTY,45,Q loss,749,0.006545200012624264
GAS,BAD,UCB_WITHOUT_VAE_UNCERTAINTY,45,Q loss,750,0.004698451608419418
GAS,BAD,UCB_WITHOUT_VAE_UNCERTAINTY,45,Q loss,751,0.007379515096545219
GAS,BAD,UCB_WITHOUT_VAE_UNCERTAINTY,45,Q loss,752,0.0021765362471342087
GAS,BAD,UCB_WITHOUT_VAE_UNCERTAINTY,45,Q loss,753,0.006877031642943621
GAS,BAD,UCB_WITHOUT_VAE_UNCERTAINTY,45,Q loss,754,0.005414885934442282
GAS,BAD,UCB_WITHOUT_VAE_UNCERTAINTY,45,Q loss,755,0.007457723841071129
GAS,BAD,UCB_WITHOUT_VAE_UNCERTAINTY,45,Q loss,756,0.004185334779322147
GAS,BAD,UCB_WITHOUT_VAE_UNCERTAINTY,45,Q loss,757,0.0018293405883014202
GAS,BAD,UCB_WITHOUT_VAE_UNCERTAINTY,45,Q loss,758,0.00470699230208993
GAS,BAD,UCB_WITHOUT_VAE_UNCERTAINTY,45,Q loss,759,0.003845330560579896
GAS,BAD,UCB_WITHOUT_VAE_UNCERTAINTY,45,Q loss,760,0.0033880951814353466
GAS,BAD,UCB_WITHOUT_VAE_UNCERTAINTY,45,Q loss,761,0.019718408584594727
GAS,BAD,UCB_WITHOUT_VAE_UNCERTAINTY,45,Q loss,762,0.0039917961694300175
GAS,BAD,UCB_WITHOUT_VAE_UNCERTAINTY,45,Q loss,763,0.003176271915435791
GAS,BAD,UCB_WITHOUT_VAE_UNCERTAINTY,45,Q loss,764,0.001965518109500408
GAS,BAD,UCB_WITHOUT_VAE_UNCERTAINTY,45,Q loss,765,0.014238481409847736
GAS,BAD,UCB_WITHOUT_VAE_UNCERTAINTY,45,Q loss,766,0.007333854679018259
GAS,BAD,UCB_WITHOUT_VAE_UNCERTAINTY,45,Q loss,767,0.004069746471941471
GAS,BAD,UCB_WITHOUT_VAE_UNCERTAINTY,45,Q loss,768,0.005883865058422089
GAS,BAD,UCB_WITHOUT_VAE_UNCERTAINTY,45,Q loss,769,0.004973593633621931
GAS,BAD,UCB_WITHOUT_VAE_UNCERTAINTY,45,Q loss,770,0.0014474112540483475
GAS,BAD,UCB_WITHOUT_VAE_UNCERTAINTY,45,Q loss,771,0.013478823006153107
GAS,BAD,UCB_WITHOUT_VAE_UNCERTAINTY,45,Q loss,772,0.0036600432358682156
GAS,BAD,UCB_WITHOUT_VAE_UNCERTAINTY,45,Q loss,773,0.009458736516535282
GAS,BAD,UCB_WITHOUT_VAE_UNCERTAINTY,45,Q loss,774,0.0034244246780872345
GAS,BAD,UCB_WITHOUT_VAE_UNCERTAINTY,45,Q loss,775,0.004714342765510082
GAS,BAD,UCB_WITHOUT_VAE_UNCERTAINTY,45,Q loss,776,0.004559582099318504
GAS,BAD,UCB_WITHOUT_VAE_UNCERTAINTY,45,Q loss,777,0.002103737322613597
GAS,BAD,UCB_WITHOUT_VAE_UNCERTAINTY,45,Q loss,778,0.004861028864979744
GAS,BAD,UCB_WITHOUT_VAE_UNCERTAINTY,45,Q loss,779,0.00660869013518095
GAS,BAD,UCB_WITHOUT_VAE_UNCERTAINTY,45,Q loss,780,0.005303368903696537
GAS,BAD,UCB_WITHOUT_VAE_UNCERTAINTY,45,Q loss,781,0.008531291969120502
GAS,BAD,UCB_WITHOUT_VAE_UNCERTAINTY,45,Q loss,782,0.008211297914385796
GAS,BAD,UCB_WITHOUT_VAE_UNCERTAINTY,45,Q loss,783,0.010581893846392632
GAS,BAD,UCB_WITHOUT_VAE_UNCERTAINTY,45,Q loss,784,0.005443600006401539
GAS,BAD,UCB_WITHOUT_VAE_UNCERTAINTY,45,Q loss,785,0.0031133347656577826
GAS,BAD,UCB_WITHOUT_VAE_UNCERTAINTY,45,Q loss,786,0.005874244496226311
GAS,BAD,UCB_WITHOUT_VAE_UNCERTAINTY,45,Q loss,787,0.003926957957446575
GAS,BAD,UCB_WITHOUT_VAE_UNCERTAINTY,45,Q loss,788,0.0031040075700730085
GAS,BAD,UCB_WITHOUT_VAE_UNCERTAINTY,45,Q loss,789,0.003957091830670834
GAS,BAD,UCB_WITHOUT_VAE_UNCERTAINTY,45,Q loss,790,0.004648503847420216
GAS,BAD,UCB_WITHOUT_VAE_UNCERTAINTY,45,Q loss,791,0.011119227856397629
GAS,BAD,UCB_WITHOUT_VAE_UNCERTAINTY,45,Q loss,792,0.005772782489657402
GAS,BAD,UCB_WITHOUT_VAE_UNCERTAINTY,45,Q loss,793,0.005474584177136421
GAS,BAD,UCB_WITHOUT_VAE_UNCERTAINTY,45,Q loss,794,0.005029032006859779
GAS,BAD,UCB_WITHOUT_VAE_UNCERTAINTY,45,Q loss,795,0.00227487925440073
GAS,BAD,UCB_WITHOUT_VAE_UNCERTAINTY,45,Q loss,796,0.010257551446557045
GAS,BAD,UCB_WITHOUT_VAE_UNCERTAINTY,45,Q loss,797,0.00767730874940753
GAS,BAD,UCB_WITHOUT_VAE_UNCERTAINTY,45,Q loss,798,0.001594166737049818
GAS,BAD,UCB_WITHOUT_VAE_UNCERTAINTY,45,Q loss,799,0.0053276726976037025
GAS,BAD,UCB_WITHOUT_VAE_UNCERTAINTY,45,Q loss,800,0.003228486515581608
GAS,BAD,UCB_WITHOUT_VAE_UNCERTAINTY,45,Q loss,801,0.007871463894844055
GAS,BAD,UCB_WITHOUT_VAE_UNCERTAINTY,45,Q loss,802,0.004959457088261843
GAS,BAD,UCB_WITHOUT_VAE_UNCERTAINTY,45,Q loss,803,0.003850907552987337
GAS,BAD,UCB_WITHOUT_VAE_UNCERTAINTY,45,Q loss,804,0.0052705188281834126
GAS,BAD,UCB_WITHOUT_VAE_UNCERTAINTY,45,Q loss,805,0.002442555734887719
GAS,BAD,UCB_WITHOUT_VAE_UNCERTAINTY,45,Q loss,806,0.0033789235167205334
GAS,BAD,UCB_WITHOUT_VAE_UNCERTAINTY,45,Q loss,807,0.004757697694003582
GAS,BAD,UCB_WITHOUT_VAE_UNCERTAINTY,45,Q loss,808,0.004374627489596605
GAS,BAD,UCB_WITHOUT_VAE_UNCERTAINTY,45,Q loss,809,0.0036287910770624876
GAS,BAD,UCB_WITHOUT_VAE_UNCERTAINTY,45,Cost loss,0,0.1236066147685051
GAS,BAD,UCB_WITHOUT_VAE_UNCERTAINTY,45,Cost loss,1,0.12222566455602646
GAS,BAD,UCB_WITHOUT_VAE_UNCERTAINTY,45,Cost loss,2,0.12058643251657486
GAS,BAD,UCB_WITHOUT_VAE_UNCERTAINTY,45,Cost loss,3,0.1191231906414032
GAS,BAD,UCB_WITHOUT_VAE_UNCERTAINTY,45,Cost loss,4,0.11727781593799591
GAS,BAD,UCB_WITHOUT_VAE_UNCERTAINTY,45,Cost loss,5,0.11676251888275146
GAS,BAD,UCB_WITHOUT_VAE_UNCERTAINTY,45,Cost loss,6,0.1131407767534256
GAS,BAD,UCB_WITHOUT_VAE_UNCERTAINTY,45,Cost loss,7,0.11250907182693481
GAS,BAD,UCB_WITHOUT_VAE_UNCERTAINTY,45,Cost loss,8,0.11101318895816803
GAS,BAD,UCB_WITHOUT_VAE_UNCERTAINTY,45,Cost loss,9,0.1114627942442894
GAS,BAD,UCB_WITHOUT_VAE_UNCERTAINTY,45,Cost loss,10,0.1071416437625885
GAS,BAD,UCB_WITHOUT_VAE_UNCERTAINTY,45,Cost loss,11,0.10576097667217255
GAS,BAD,UCB_WITHOUT_VAE_UNCERTAINTY,45,Cost loss,12,0.10440745949745178
GAS,BAD,UCB_WITHOUT_VAE_UNCERTAINTY,45,Cost loss,13,0.10494977980852127
GAS,BAD,UCB_WITHOUT_VAE_UNCERTAINTY,45,Cost loss,14,0.10270041227340698
GAS,BAD,UCB_WITHOUT_VAE_UNCERTAINTY,45,Cost loss,15,0.10146992653608322
GAS,BAD,UCB_WITHOUT_VAE_UNCERTAINTY,45,Cost loss,16,0.10006078332662582
GAS,BAD,UCB_WITHOUT_VAE_UNCERTAINTY,45,Cost loss,17,0.09801522642374039
GAS,BAD,UCB_WITHOUT_VAE_UNCERTAINTY,45,Cost loss,18,0.09538836777210236
GAS,BAD,UCB_WITHOUT_VAE_UNCERTAINTY,45,Cost loss,19,0.09476910531520844
GAS,BAD,UCB_WITHOUT_VAE_UNCERTAINTY,45,Cost loss,20,0.09332497417926788
GAS,BAD,UCB_WITHOUT_VAE_UNCERTAINTY,45,Cost loss,21,0.09324903041124344
GAS,BAD,UCB_WITHOUT_VAE_UNCERTAINTY,45,Cost loss,22,0.09066113084554672
GAS,BAD,UCB_WITHOUT_VAE_UNCERTAINTY,45,Cost loss,23,0.089813232421875
GAS,BAD,UCB_WITHOUT_VAE_UNCERTAINTY,45,Cost loss,24,0.08784724771976471
GAS,BAD,UCB_WITHOUT_VAE_UNCERTAINTY,45,Cost loss,25,0.08649775385856628
GAS,BAD,UCB_WITHOUT_VAE_UNCERTAINTY,45,Cost loss,26,0.08571773767471313
GAS,BAD,UCB_WITHOUT_VAE_UNCERTAINTY,45,Cost loss,27,0.08356982469558716
GAS,BAD,UCB_WITHOUT_VAE_UNCERTAINTY,45,Cost loss,28,0.0824415385723114
GAS,BAD,UCB_WITHOUT_VAE_UNCERTAINTY,45,Cost loss,29,0.0819089487195015
GAS,BAD,UCB_WITHOUT_VAE_UNCERTAINTY,45,Cost loss,30,0.07938709110021591
GAS,BAD,UCB_WITHOUT_VAE_UNCERTAINTY,45,Cost loss,31,0.08022205531597137
GAS,BAD,UCB_WITHOUT_VAE_UNCERTAINTY,45,Cost loss,32,0.07542499899864197
GAS,BAD,UCB_WITHOUT_VAE_UNCERTAINTY,45,Cost loss,33,0.07628225535154343
GAS,BAD,UCB_WITHOUT_VAE_UNCERTAINTY,45,Cost loss,34,0.07582330703735352
GAS,BAD,UCB_WITHOUT_VAE_UNCERTAINTY,45,Cost loss,35,0.07387155294418335
GAS,BAD,UCB_WITHOUT_VAE_UNCERTAINTY,45,Cost loss,36,0.07306639850139618
GAS,BAD,UCB_WITHOUT_VAE_UNCERTAINTY,45,Cost loss,37,0.07140417397022247
GAS,BAD,UCB_WITHOUT_VAE_UNCERTAINTY,45,Cost loss,38,0.07060672342777252
GAS,BAD,UCB_WITHOUT_VAE_UNCERTAINTY,45,Cost loss,39,0.06877969205379486
GAS,BAD,UCB_WITHOUT_VAE_UNCERTAINTY,45,Cost loss,40,0.06971792876720428
GAS,BAD,UCB_WITHOUT_VAE_UNCERTAINTY,45,Cost loss,41,0.06624062359333038
GAS,BAD,UCB_WITHOUT_VAE_UNCERTAINTY,45,Cost loss,42,0.065871462225914
GAS,BAD,UCB_WITHOUT_VAE_UNCERTAINTY,45,Cost loss,43,0.06331516802310944
GAS,BAD,UCB_WITHOUT_VAE_UNCERTAINTY,45,Cost loss,44,0.06238727271556854
GAS,BAD,UCB_WITHOUT_VAE_UNCERTAINTY,45,Cost loss,45,0.0605926476418972
GAS,BAD,UCB_WITHOUT_VAE_UNCERTAINTY,45,Cost loss,46,0.06054360419511795
GAS,BAD,UCB_WITHOUT_VAE_UNCERTAINTY,45,Cost loss,47,0.0576755627989769
GAS,BAD,UCB_WITHOUT_VAE_UNCERTAINTY,45,Cost loss,48,0.057181667536497116
GAS,BAD,UCB_WITHOUT_VAE_UNCERTAINTY,45,Cost loss,49,0.0570349358022213
GAS,BAD,UCB_WITHOUT_VAE_UNCERTAINTY,45,Cost loss,50,0.05766578018665314
GAS,BAD,UCB_WITHOUT_VAE_UNCERTAINTY,45,Cost loss,51,0.05673951655626297
GAS,BAD,UCB_WITHOUT_VAE_UNCERTAINTY,45,Cost loss,52,0.055264912545681
GAS,BAD,UCB_WITHOUT_VAE_UNCERTAINTY,45,Cost loss,53,0.05135447531938553
GAS,BAD,UCB_WITHOUT_VAE_UNCERTAINTY,45,Cost loss,54,0.05240155756473541
GAS,BAD,UCB_WITHOUT_VAE_UNCERTAINTY,45,Cost loss,55,0.05192426219582558
GAS,BAD,UCB_WITHOUT_VAE_UNCERTAINTY,45,Cost loss,56,0.05057453364133835
GAS,BAD,UCB_WITHOUT_VAE_UNCERTAINTY,45,Cost loss,57,0.050678566098213196
GAS,BAD,UCB_WITHOUT_VAE_UNCERTAINTY,45,Cost loss,58,0.04786284640431404
GAS,BAD,UCB_WITHOUT_VAE_UNCERTAINTY,45,Cost loss,59,0.04867382347583771
GAS,BAD,UCB_WITHOUT_VAE_UNCERTAINTY,45,Cost loss,60,0.04638650640845299
GAS,BAD,UCB_WITHOUT_VAE_UNCERTAINTY,45,Cost loss,61,0.04557157680392265
GAS,BAD,UCB_WITHOUT_VAE_UNCERTAINTY,45,Cost loss,62,0.0445098951458931
GAS,BAD,UCB_WITHOUT_VAE_UNCERTAINTY,45,Cost loss,63,0.044613566249608994
GAS,BAD,UCB_WITHOUT_VAE_UNCERTAINTY,45,Cost loss,64,0.04480241984128952
GAS,BAD,UCB_WITHOUT_VAE_UNCERTAINTY,45,Cost loss,65,0.042832374572753906
GAS,BAD,UCB_WITHOUT_VAE_UNCERTAINTY,45,Cost loss,66,0.041865985840559006
GAS,BAD,UCB_WITHOUT_VAE_UNCERTAINTY,45,Cost loss,67,0.0404200479388237
GAS,BAD,UCB_WITHOUT_VAE_UNCERTAINTY,45,Cost loss,68,0.03968194127082825
GAS,BAD,UCB_WITHOUT_VAE_UNCERTAINTY,45,Cost loss,69,0.039595939218997955
GAS,BAD,UCB_WITHOUT_VAE_UNCERTAINTY,45,Cost loss,70,0.03853249177336693
GAS,BAD,UCB_WITHOUT_VAE_UNCERTAINTY,45,Cost loss,71,0.03809575363993645
GAS,BAD,UCB_WITHOUT_VAE_UNCERTAINTY,45,Cost loss,72,0.03643721342086792
GAS,BAD,UCB_WITHOUT_VAE_UNCERTAINTY,45,Cost loss,73,0.03579000011086464
GAS,BAD,UCB_WITHOUT_VAE_UNCERTAINTY,45,Cost loss,74,0.036175794899463654
GAS,BAD,UCB_WITHOUT_VAE_UNCERTAINTY,45,Cost loss,75,0.033341944217681885
GAS,BAD,UCB_WITHOUT_VAE_UNCERTAINTY,45,Cost loss,76,0.03380384296178818
GAS,BAD,UCB_WITHOUT_VAE_UNCERTAINTY,45,Cost loss,77,0.03381512686610222
GAS,BAD,UCB_WITHOUT_VAE_UNCERTAINTY,45,Cost loss,78,0.0320635661482811
GAS,BAD,UCB_WITHOUT_VAE_UNCERTAINTY,45,Cost loss,79,0.03277074918150902
GAS,BAD,UCB_WITHOUT_VAE_UNCERTAINTY,45,Cost loss,80,0.032052699476480484
GAS,BAD,UCB_WITHOUT_VAE_UNCERTAINTY,45,Cost loss,81,0.03066650778055191
GAS,BAD,UCB_WITHOUT_VAE_UNCERTAINTY,45,Cost loss,82,0.030482351779937744
GAS,BAD,UCB_WITHOUT_VAE_UNCERTAINTY,45,Cost loss,83,0.029603080824017525
GAS,BAD,UCB_WITHOUT_VAE_UNCERTAINTY,45,Cost loss,84,0.02767321467399597
GAS,BAD,UCB_WITHOUT_VAE_UNCERTAINTY,45,Cost loss,85,0.027899038046598434
GAS,BAD,UCB_WITHOUT_VAE_UNCERTAINTY,45,Cost loss,86,0.028923267498612404
GAS,BAD,UCB_WITHOUT_VAE_UNCERTAINTY,45,Cost loss,87,0.02686677873134613
GAS,BAD,UCB_WITHOUT_VAE_UNCERTAINTY,45,Cost loss,88,0.026676872745156288
GAS,BAD,UCB_WITHOUT_VAE_UNCERTAINTY,45,Cost loss,89,0.02556285634636879
GAS,BAD,UCB_WITHOUT_VAE_UNCERTAINTY,45,Cost loss,90,0.02552669495344162
GAS,BAD,UCB_WITHOUT_VAE_UNCERTAINTY,45,Cost loss,91,0.02525363862514496
GAS,BAD,UCB_WITHOUT_VAE_UNCERTAINTY,45,Cost loss,92,0.02530970238149166
GAS,BAD,UCB_WITHOUT_VAE_UNCERTAINTY,45,Cost loss,93,0.023839309811592102
GAS,BAD,UCB_WITHOUT_VAE_UNCERTAINTY,45,Cost loss,94,0.024342777207493782
GAS,BAD,UCB_WITHOUT_VAE_UNCERTAINTY,45,Cost loss,95,0.024141360074281693
GAS,BAD,UCB_WITHOUT_VAE_UNCERTAINTY,45,Cost loss,96,0.023413345217704773
GAS,BAD,UCB_WITHOUT_VAE_UNCERTAINTY,45,Cost loss,97,0.023272264748811722
GAS,BAD,UCB_WITHOUT_VAE_UNCERTAINTY,45,Cost loss,98,0.02124912291765213
GAS,BAD,UCB_WITHOUT_VAE_UNCERTAINTY,45,Cost loss,99,0.02161603607237339
GAS,BAD,UCB_WITHOUT_VAE_UNCERTAINTY,45,Cost loss,100,0.020696468651294708
GAS,BAD,UCB_WITHOUT_VAE_UNCERTAINTY,45,Cost loss,101,0.020042618736624718
GAS,BAD,UCB_WITHOUT_VAE_UNCERTAINTY,45,Cost loss,102,0.018787376582622528
GAS,BAD,UCB_WITHOUT_VAE_UNCERTAINTY,45,Cost loss,103,0.01929842308163643
GAS,BAD,UCB_WITHOUT_VAE_UNCERTAINTY,45,Cost loss,104,0.018219316378235817
GAS,BAD,UCB_WITHOUT_VAE_UNCERTAINTY,45,Cost loss,105,0.01654936745762825
GAS,BAD,UCB_WITHOUT_VAE_UNCERTAINTY,45,Cost loss,106,0.01659000664949417
GAS,BAD,UCB_WITHOUT_VAE_UNCERTAINTY,45,Cost loss,107,0.017858996987342834
GAS,BAD,UCB_WITHOUT_VAE_UNCERTAINTY,45,Cost loss,108,0.016802191734313965
GAS,BAD,UCB_WITHOUT_VAE_UNCERTAINTY,45,Cost loss,109,0.015390235930681229
GAS,BAD,UCB_WITHOUT_VAE_UNCERTAINTY,45,Cost loss,110,0.015479748137295246
GAS,BAD,UCB_WITHOUT_VAE_UNCERTAINTY,45,Cost loss,111,0.014312852174043655
GAS,BAD,UCB_WITHOUT_VAE_UNCERTAINTY,45,Cost loss,112,0.015315147116780281
GAS,BAD,UCB_WITHOUT_VAE_UNCERTAINTY,45,Cost loss,113,0.015214504674077034
GAS,BAD,UCB_WITHOUT_VAE_UNCERTAINTY,45,Cost loss,114,0.013849320821464062
GAS,BAD,UCB_WITHOUT_VAE_UNCERTAINTY,45,Cost loss,115,0.014715580269694328
GAS,BAD,UCB_WITHOUT_VAE_UNCERTAINTY,45,Cost loss,116,0.014282318763434887
GAS,BAD,UCB_WITHOUT_VAE_UNCERTAINTY,45,Cost loss,117,0.013032663613557816
GAS,BAD,UCB_WITHOUT_VAE_UNCERTAINTY,45,Cost loss,118,0.014047445729374886
GAS,BAD,UCB_WITHOUT_VAE_UNCERTAINTY,45,Cost loss,119,0.013341297395527363
GAS,BAD,UCB_WITHOUT_VAE_UNCERTAINTY,45,Cost loss,120,0.012686468660831451
GAS,BAD,UCB_WITHOUT_VAE_UNCERTAINTY,45,Cost loss,121,0.012997890822589397
GAS,BAD,UCB_WITHOUT_VAE_UNCERTAINTY,45,Cost loss,122,0.012257557362318039
GAS,BAD,UCB_WITHOUT_VAE_UNCERTAINTY,45,Cost loss,123,0.011712362989783287
GAS,BAD,UCB_WITHOUT_VAE_UNCERTAINTY,45,Cost loss,124,0.011868163011968136
GAS,BAD,UCB_WITHOUT_VAE_UNCERTAINTY,45,Cost loss,125,0.011757828295230865
GAS,BAD,UCB_WITHOUT_VAE_UNCERTAINTY,45,Cost loss,126,0.011975246481597424
GAS,BAD,UCB_WITHOUT_VAE_UNCERTAINTY,45,Cost loss,127,0.012113155797123909
GAS,BAD,UCB_WITHOUT_VAE_UNCERTAINTY,45,Cost loss,128,0.011622224003076553
GAS,BAD,UCB_WITHOUT_VAE_UNCERTAINTY,45,Cost loss,129,0.01079205796122551
GAS,BAD,UCB_WITHOUT_VAE_UNCERTAINTY,45,Cost loss,130,0.010997837409377098
GAS,BAD,UCB_WITHOUT_VAE_UNCERTAINTY,45,Cost loss,131,0.010701475664973259
GAS,BAD,UCB_WITHOUT_VAE_UNCERTAINTY,45,Cost loss,132,0.01101326011121273
GAS,BAD,UCB_WITHOUT_VAE_UNCERTAINTY,45,Cost loss,133,0.009904759004712105
GAS,BAD,UCB_WITHOUT_VAE_UNCERTAINTY,45,Cost loss,134,0.009795323014259338
GAS,BAD,UCB_WITHOUT_VAE_UNCERTAINTY,45,Cost loss,135,0.009962896816432476
GAS,BAD,UCB_WITHOUT_VAE_UNCERTAINTY,45,Cost loss,136,0.009695814922451973
GAS,BAD,UCB_WITHOUT_VAE_UNCERTAINTY,45,Cost loss,137,0.009807812049984932
GAS,BAD,UCB_WITHOUT_VAE_UNCERTAINTY,45,Cost loss,138,0.009685507044196129
GAS,BAD,UCB_WITHOUT_VAE_UNCERTAINTY,45,Cost loss,139,0.009738237597048283
GAS,BAD,UCB_WITHOUT_VAE_UNCERTAINTY,45,Cost loss,140,0.009458275511860847
GAS,BAD,UCB_WITHOUT_VAE_UNCERTAINTY,45,Cost loss,141,0.00902719609439373
GAS,BAD,UCB_WITHOUT_VAE_UNCERTAINTY,45,Cost loss,142,0.008694539777934551
GAS,BAD,UCB_WITHOUT_VAE_UNCERTAINTY,45,Cost loss,143,0.0084498580545187
GAS,BAD,UCB_WITHOUT_VAE_UNCERTAINTY,45,Cost loss,144,0.00855525117367506
GAS,BAD,UCB_WITHOUT_VAE_UNCERTAINTY,46,Q loss,0,0.018005432561039925
GAS,BAD,UCB_WITHOUT_VAE_UNCERTAINTY,46,Q loss,1,0.009132539853453636
GAS,BAD,UCB_WITHOUT_VAE_UNCERTAINTY,46,Q loss,2,0.02330957166850567
GAS,BAD,UCB_WITHOUT_VAE_UNCERTAINTY,46,Q loss,3,0.01593208685517311
GAS,BAD,UCB_WITHOUT_VAE_UNCERTAINTY,46,Q loss,4,0.009854023344814777
GAS,BAD,UCB_WITHOUT_VAE_UNCERTAINTY,46,Q loss,5,0.0207779873162508
GAS,BAD,UCB_WITHOUT_VAE_UNCERTAINTY,46,Q loss,6,0.025240935385227203
GAS,BAD,UCB_WITHOUT_VAE_UNCERTAINTY,46,Q loss,7,0.009569726884365082
GAS,BAD,UCB_WITHOUT_VAE_UNCERTAINTY,46,Q loss,8,0.010901471599936485
GAS,BAD,UCB_WITHOUT_VAE_UNCERTAINTY,46,Q loss,9,0.036605387926101685
GAS,BAD,UCB_WITHOUT_VAE_UNCERTAINTY,46,Q loss,10,0.026587074622511864
GAS,BAD,UCB_WITHOUT_VAE_UNCERTAINTY,46,Q loss,11,0.03164885938167572
GAS,BAD,UCB_WITHOUT_VAE_UNCERTAINTY,46,Q loss,12,0.03121151588857174
GAS,BAD,UCB_WITHOUT_VAE_UNCERTAINTY,46,Q loss,13,0.021823417395353317
GAS,BAD,UCB_WITHOUT_VAE_UNCERTAINTY,46,Q loss,14,0.014776080846786499
GAS,BAD,UCB_WITHOUT_VAE_UNCERTAINTY,46,Q loss,15,0.02756592445075512
GAS,BAD,UCB_WITHOUT_VAE_UNCERTAINTY,46,Q loss,16,0.024088863283395767
GAS,BAD,UCB_WITHOUT_VAE_UNCERTAINTY,46,Q loss,17,0.05463812127709389
GAS,BAD,UCB_WITHOUT_VAE_UNCERTAINTY,46,Q loss,18,0.02483346126973629
GAS,BAD,UCB_WITHOUT_VAE_UNCERTAINTY,46,Q loss,19,0.015987582504749298
GAS,BAD,UCB_WITHOUT_VAE_UNCERTAINTY,46,Q loss,20,0.034511812031269073
GAS,BAD,UCB_WITHOUT_VAE_UNCERTAINTY,46,Q loss,21,0.019668322056531906
GAS,BAD,UCB_WITHOUT_VAE_UNCERTAINTY,46,Q loss,22,0.013517918065190315
GAS,BAD,UCB_WITHOUT_VAE_UNCERTAINTY,46,Q loss,23,0.027217941358685493
GAS,BAD,UCB_WITHOUT_VAE_UNCERTAINTY,46,Q loss,24,0.03203766793012619
GAS,BAD,UCB_WITHOUT_VAE_UNCERTAINTY,46,Q loss,25,0.014465868473052979
GAS,BAD,UCB_WITHOUT_VAE_UNCERTAINTY,46,Q loss,26,0.01857909932732582
GAS,BAD,UCB_WITHOUT_VAE_UNCERTAINTY,46,Q loss,27,0.0479733869433403
GAS,BAD,UCB_WITHOUT_VAE_UNCERTAINTY,46,Q loss,28,0.03251684829592705
GAS,BAD,UCB_WITHOUT_VAE_UNCERTAINTY,46,Q loss,29,0.03652142733335495
GAS,BAD,UCB_WITHOUT_VAE_UNCERTAINTY,46,Q loss,30,0.02445235475897789
GAS,BAD,UCB_WITHOUT_VAE_UNCERTAINTY,46,Q loss,31,0.025729656219482422
GAS,BAD,UCB_WITHOUT_VAE_UNCERTAINTY,46,Q loss,32,0.02179189771413803
GAS,BAD,UCB_WITHOUT_VAE_UNCERTAINTY,46,Q loss,33,0.026334216818213463
GAS,BAD,UCB_WITHOUT_VAE_UNCERTAINTY,46,Q loss,34,0.025173449888825417
GAS,BAD,UCB_WITHOUT_VAE_UNCERTAINTY,46,Q loss,35,0.08303965628147125
GAS,BAD,UCB_WITHOUT_VAE_UNCERTAINTY,46,Q loss,36,0.028843088075518608
GAS,BAD,UCB_WITHOUT_VAE_UNCERTAINTY,46,Q loss,37,0.018147068098187447
GAS,BAD,UCB_WITHOUT_VAE_UNCERTAINTY,46,Q loss,38,0.043959178030490875
GAS,BAD,UCB_WITHOUT_VAE_UNCERTAINTY,46,Q loss,39,0.022751856595277786
GAS,BAD,UCB_WITHOUT_VAE_UNCERTAINTY,46,Q loss,40,0.013398993760347366
GAS,BAD,UCB_WITHOUT_VAE_UNCERTAINTY,46,Q loss,41,0.02402666211128235
GAS,BAD,UCB_WITHOUT_VAE_UNCERTAINTY,46,Q loss,42,0.02710263431072235
GAS,BAD,UCB_WITHOUT_VAE_UNCERTAINTY,46,Q loss,43,0.012824074365198612
GAS,BAD,UCB_WITHOUT_VAE_UNCERTAINTY,46,Q loss,44,0.01689389906823635
GAS,BAD,UCB_WITHOUT_VAE_UNCERTAINTY,46,Q loss,45,0.059804514050483704
GAS,BAD,UCB_WITHOUT_VAE_UNCERTAINTY,46,Q loss,46,0.023372652009129524
GAS,BAD,UCB_WITHOUT_VAE_UNCERTAINTY,46,Q loss,47,0.03504567965865135
GAS,BAD,UCB_WITHOUT_VAE_UNCERTAINTY,46,Q loss,48,0.031213387846946716
GAS,BAD,UCB_WITHOUT_VAE_UNCERTAINTY,46,Q loss,49,0.026310443878173828
GAS,BAD,UCB_WITHOUT_VAE_UNCERTAINTY,46,Q loss,50,0.015583083964884281
GAS,BAD,UCB_WITHOUT_VAE_UNCERTAINTY,46,Q loss,51,0.01954578422009945
GAS,BAD,UCB_WITHOUT_VAE_UNCERTAINTY,46,Q loss,52,0.02849622070789337
GAS,BAD,UCB_WITHOUT_VAE_UNCERTAINTY,46,Q loss,53,0.0557887889444828
GAS,BAD,UCB_WITHOUT_VAE_UNCERTAINTY,46,Q loss,54,0.028394334018230438
GAS,BAD,UCB_WITHOUT_VAE_UNCERTAINTY,46,Q loss,55,0.011449210345745087
GAS,BAD,UCB_WITHOUT_VAE_UNCERTAINTY,46,Q loss,56,0.031205639243125916
GAS,BAD,UCB_WITHOUT_VAE_UNCERTAINTY,46,Q loss,57,0.016186557710170746
GAS,BAD,UCB_WITHOUT_VAE_UNCERTAINTY,46,Q loss,58,0.015473824925720692
GAS,BAD,UCB_WITHOUT_VAE_UNCERTAINTY,46,Q loss,59,0.02268882468342781
GAS,BAD,UCB_WITHOUT_VAE_UNCERTAINTY,46,Q loss,60,0.03174256533384323
GAS,BAD,UCB_WITHOUT_VAE_UNCERTAINTY,46,Q loss,61,0.01435188576579094
GAS,BAD,UCB_WITHOUT_VAE_UNCERTAINTY,46,Q loss,62,0.01623975858092308
GAS,BAD,UCB_WITHOUT_VAE_UNCERTAINTY,46,Q loss,63,0.056215621531009674
GAS,BAD,UCB_WITHOUT_VAE_UNCERTAINTY,46,Q loss,64,0.03095880150794983
GAS,BAD,UCB_WITHOUT_VAE_UNCERTAINTY,46,Q loss,65,0.03124433010816574
GAS,BAD,UCB_WITHOUT_VAE_UNCERTAINTY,46,Q loss,66,0.026395002380013466
GAS,BAD,UCB_WITHOUT_VAE_UNCERTAINTY,46,Q loss,67,0.020781613886356354
GAS,BAD,UCB_WITHOUT_VAE_UNCERTAINTY,46,Q loss,68,0.01443110965192318
GAS,BAD,UCB_WITHOUT_VAE_UNCERTAINTY,46,Q loss,69,0.027501055970788002
GAS,BAD,UCB_WITHOUT_VAE_UNCERTAINTY,46,Q loss,70,0.025192219763994217
GAS,BAD,UCB_WITHOUT_VAE_UNCERTAINTY,46,Q loss,71,0.05341650918126106
GAS,BAD,UCB_WITHOUT_VAE_UNCERTAINTY,46,Q loss,72,0.024463005363941193
GAS,BAD,UCB_WITHOUT_VAE_UNCERTAINTY,46,Q loss,73,0.01461653783917427
GAS,BAD,UCB_WITHOUT_VAE_UNCERTAINTY,46,Q loss,74,0.030259452760219574
GAS,BAD,UCB_WITHOUT_VAE_UNCERTAINTY,46,Q loss,75,0.014634989202022552
GAS,BAD,UCB_WITHOUT_VAE_UNCERTAINTY,46,Q loss,76,0.00786519329994917
GAS,BAD,UCB_WITHOUT_VAE_UNCERTAINTY,46,Q loss,77,0.015885179862380028
GAS,BAD,UCB_WITHOUT_VAE_UNCERTAINTY,46,Q loss,78,0.03370075672864914
GAS,BAD,UCB_WITHOUT_VAE_UNCERTAINTY,46,Q loss,79,0.009031988680362701
GAS,BAD,UCB_WITHOUT_VAE_UNCERTAINTY,46,Q loss,80,0.009626705199480057
GAS,BAD,UCB_WITHOUT_VAE_UNCERTAINTY,46,Q loss,81,0.04640771821141243
GAS,BAD,UCB_WITHOUT_VAE_UNCERTAINTY,46,Q loss,82,0.02653568610548973
GAS,BAD,UCB_WITHOUT_VAE_UNCERTAINTY,46,Q loss,83,0.036781251430511475
GAS,BAD,UCB_WITHOUT_VAE_UNCERTAINTY,46,Q loss,84,0.021338529884815216
GAS,BAD,UCB_WITHOUT_VAE_UNCERTAINTY,46,Q loss,85,0.020943881943821907
GAS,BAD,UCB_WITHOUT_VAE_UNCERTAINTY,46,Q loss,86,0.017864897847175598
GAS,BAD,UCB_WITHOUT_VAE_UNCERTAINTY,46,Q loss,87,0.02314058691263199
GAS,BAD,UCB_WITHOUT_VAE_UNCERTAINTY,46,Q loss,88,0.02086702361702919
GAS,BAD,UCB_WITHOUT_VAE_UNCERTAINTY,46,Q loss,89,0.06495846062898636
GAS,BAD,UCB_WITHOUT_VAE_UNCERTAINTY,46,Q loss,90,0.025460707023739815
GAS,BAD,UCB_WITHOUT_VAE_UNCERTAINTY,46,Q loss,91,0.01139451190829277
GAS,BAD,UCB_WITHOUT_VAE_UNCERTAINTY,46,Q loss,92,0.03370153531432152
GAS,BAD,UCB_WITHOUT_VAE_UNCERTAINTY,46,Q loss,93,0.01508091390132904
GAS,BAD,UCB_WITHOUT_VAE_UNCERTAINTY,46,Q loss,94,0.011975754052400589
GAS,BAD,UCB_WITHOUT_VAE_UNCERTAINTY,46,Q loss,95,0.01494932547211647
GAS,BAD,UCB_WITHOUT_VAE_UNCERTAINTY,46,Q loss,96,0.029964327812194824
GAS,BAD,UCB_WITHOUT_VAE_UNCERTAINTY,46,Q loss,97,0.010044669732451439
GAS,BAD,UCB_WITHOUT_VAE_UNCERTAINTY,46,Q loss,98,0.009475888684391975
GAS,BAD,UCB_WITHOUT_VAE_UNCERTAINTY,46,Q loss,99,0.026848729699850082
GAS,BAD,UCB_WITHOUT_VAE_UNCERTAINTY,46,Q loss,100,0.017477653920650482
GAS,BAD,UCB_WITHOUT_VAE_UNCERTAINTY,46,Q loss,101,0.018814297392964363
GAS,BAD,UCB_WITHOUT_VAE_UNCERTAINTY,46,Q loss,102,0.01613698899745941
GAS,BAD,UCB_WITHOUT_VAE_UNCERTAINTY,46,Q loss,103,0.01831119880080223
GAS,BAD,UCB_WITHOUT_VAE_UNCERTAINTY,46,Q loss,104,0.010947972536087036
GAS,BAD,UCB_WITHOUT_VAE_UNCERTAINTY,46,Q loss,105,0.023873500525951385
GAS,BAD,UCB_WITHOUT_VAE_UNCERTAINTY,46,Q loss,106,0.01849627122282982
GAS,BAD,UCB_WITHOUT_VAE_UNCERTAINTY,46,Q loss,107,0.03983893617987633
GAS,BAD,UCB_WITHOUT_VAE_UNCERTAINTY,46,Q loss,108,0.018594808876514435
GAS,BAD,UCB_WITHOUT_VAE_UNCERTAINTY,46,Q loss,109,0.010088980197906494
GAS,BAD,UCB_WITHOUT_VAE_UNCERTAINTY,46,Q loss,110,0.02558360993862152
GAS,BAD,UCB_WITHOUT_VAE_UNCERTAINTY,46,Q loss,111,0.011028924025595188
GAS,BAD,UCB_WITHOUT_VAE_UNCERTAINTY,46,Q loss,112,0.008436516858637333
GAS,BAD,UCB_WITHOUT_VAE_UNCERTAINTY,46,Q loss,113,0.013708006590604782
GAS,BAD,UCB_WITHOUT_VAE_UNCERTAINTY,46,Q loss,114,0.019546695053577423
GAS,BAD,UCB_WITHOUT_VAE_UNCERTAINTY,46,Q loss,115,0.007895389571785927
GAS,BAD,UCB_WITHOUT_VAE_UNCERTAINTY,46,Q loss,116,0.009048967622220516
GAS,BAD,UCB_WITHOUT_VAE_UNCERTAINTY,46,Q loss,117,0.039139993488788605
GAS,BAD,UCB_WITHOUT_VAE_UNCERTAINTY,46,Q loss,118,0.014457514509558678
GAS,BAD,UCB_WITHOUT_VAE_UNCERTAINTY,46,Q loss,119,0.022956393659114838
GAS,BAD,UCB_WITHOUT_VAE_UNCERTAINTY,46,Q loss,120,0.020515834912657738
GAS,BAD,UCB_WITHOUT_VAE_UNCERTAINTY,46,Q loss,121,0.012983988970518112
GAS,BAD,UCB_WITHOUT_VAE_UNCERTAINTY,46,Q loss,122,0.010127276182174683
GAS,BAD,UCB_WITHOUT_VAE_UNCERTAINTY,46,Q loss,123,0.015016129240393639
GAS,BAD,UCB_WITHOUT_VAE_UNCERTAINTY,46,Q loss,124,0.015588019043207169
GAS,BAD,UCB_WITHOUT_VAE_UNCERTAINTY,46,Q loss,125,0.05471839755773544
GAS,BAD,UCB_WITHOUT_VAE_UNCERTAINTY,46,Q loss,126,0.014292486011981964
GAS,BAD,UCB_WITHOUT_VAE_UNCERTAINTY,46,Q loss,127,0.007632137276232243
GAS,BAD,UCB_WITHOUT_VAE_UNCERTAINTY,46,Q loss,128,0.020308256149291992
GAS,BAD,UCB_WITHOUT_VAE_UNCERTAINTY,46,Q loss,129,0.014066173695027828
GAS,BAD,UCB_WITHOUT_VAE_UNCERTAINTY,46,Q loss,130,0.004604784771800041
GAS,BAD,UCB_WITHOUT_VAE_UNCERTAINTY,46,Q loss,131,0.010854378342628479
GAS,BAD,UCB_WITHOUT_VAE_UNCERTAINTY,46,Q loss,132,0.023086540400981903
GAS,BAD,UCB_WITHOUT_VAE_UNCERTAINTY,46,Q loss,133,0.007667225785553455
GAS,BAD,UCB_WITHOUT_VAE_UNCERTAINTY,46,Q loss,134,0.010517444461584091
GAS,BAD,UCB_WITHOUT_VAE_UNCERTAINTY,46,Q loss,135,0.0376235693693161
GAS,BAD,UCB_WITHOUT_VAE_UNCERTAINTY,46,Q loss,136,0.016209036111831665
GAS,BAD,UCB_WITHOUT_VAE_UNCERTAINTY,46,Q loss,137,0.013102492317557335
GAS,BAD,UCB_WITHOUT_VAE_UNCERTAINTY,46,Q loss,138,0.014501835219562054
GAS,BAD,UCB_WITHOUT_VAE_UNCERTAINTY,46,Q loss,139,0.011585812084376812
GAS,BAD,UCB_WITHOUT_VAE_UNCERTAINTY,46,Q loss,140,0.00824691541492939
GAS,BAD,UCB_WITHOUT_VAE_UNCERTAINTY,46,Q loss,141,0.017641756683588028
GAS,BAD,UCB_WITHOUT_VAE_UNCERTAINTY,46,Q loss,142,0.0217815600335598
GAS,BAD,UCB_WITHOUT_VAE_UNCERTAINTY,46,Q loss,143,0.03935737907886505
GAS,BAD,UCB_WITHOUT_VAE_UNCERTAINTY,46,Q loss,144,0.006629246287047863
GAS,BAD,UCB_WITHOUT_VAE_UNCERTAINTY,46,Q loss,145,0.0056700194254517555
GAS,BAD,UCB_WITHOUT_VAE_UNCERTAINTY,46,Q loss,146,0.02192242071032524
GAS,BAD,UCB_WITHOUT_VAE_UNCERTAINTY,46,Q loss,147,0.006721465848386288
GAS,BAD,UCB_WITHOUT_VAE_UNCERTAINTY,46,Q loss,148,0.005804270971566439
GAS,BAD,UCB_WITHOUT_VAE_UNCERTAINTY,46,Q loss,149,0.007348516024649143
GAS,BAD,UCB_WITHOUT_VAE_UNCERTAINTY,46,Q loss,150,0.012315934523940086
GAS,BAD,UCB_WITHOUT_VAE_UNCERTAINTY,46,Q loss,151,0.009145811200141907
GAS,BAD,UCB_WITHOUT_VAE_UNCERTAINTY,46,Q loss,152,0.005799329839646816
GAS,BAD,UCB_WITHOUT_VAE_UNCERTAINTY,46,Q loss,153,0.027668103575706482
GAS,BAD,UCB_WITHOUT_VAE_UNCERTAINTY,46,Q loss,154,0.008492611348628998
GAS,BAD,UCB_WITHOUT_VAE_UNCERTAINTY,46,Q loss,155,0.02013763040304184
GAS,BAD,UCB_WITHOUT_VAE_UNCERTAINTY,46,Q loss,156,0.013010639697313309
GAS,BAD,UCB_WITHOUT_VAE_UNCERTAINTY,46,Q loss,157,0.009769609197974205
GAS,BAD,UCB_WITHOUT_VAE_UNCERTAINTY,46,Q loss,158,0.008799375966191292
GAS,BAD,UCB_WITHOUT_VAE_UNCERTAINTY,46,Q loss,159,0.017854683101177216
GAS,BAD,UCB_WITHOUT_VAE_UNCERTAINTY,46,Q loss,160,0.011563168838620186
GAS,BAD,UCB_WITHOUT_VAE_UNCERTAINTY,46,Q loss,161,0.048426587134599686
GAS,BAD,UCB_WITHOUT_VAE_UNCERTAINTY,46,Q loss,162,0.008309384807944298
GAS,BAD,UCB_WITHOUT_VAE_UNCERTAINTY,46,Q loss,163,0.007594848517328501
GAS,BAD,UCB_WITHOUT_VAE_UNCERTAINTY,46,Q loss,164,0.012715025804936886
GAS,BAD,UCB_WITHOUT_VAE_UNCERTAINTY,46,Q loss,165,0.007960546761751175
GAS,BAD,UCB_WITHOUT_VAE_UNCERTAINTY,46,Q loss,166,0.0052570682018995285
GAS,BAD,UCB_WITHOUT_VAE_UNCERTAINTY,46,Q loss,167,0.002005305141210556
GAS,BAD,UCB_WITHOUT_VAE_UNCERTAINTY,46,Q loss,168,0.014571571722626686
GAS,BAD,UCB_WITHOUT_VAE_UNCERTAINTY,46,Q loss,169,0.00847838819026947
GAS,BAD,UCB_WITHOUT_VAE_UNCERTAINTY,46,Q loss,170,0.009099340997636318
GAS,BAD,UCB_WITHOUT_VAE_UNCERTAINTY,46,Q loss,171,0.02162768319249153
GAS,BAD,UCB_WITHOUT_VAE_UNCERTAINTY,46,Q loss,172,0.011304034851491451
GAS,BAD,UCB_WITHOUT_VAE_UNCERTAINTY,46,Q loss,173,0.010941163636744022
GAS,BAD,UCB_WITHOUT_VAE_UNCERTAINTY,46,Q loss,174,0.010330017656087875
GAS,BAD,UCB_WITHOUT_VAE_UNCERTAINTY,46,Q loss,175,0.011558281257748604
GAS,BAD,UCB_WITHOUT_VAE_UNCERTAINTY,46,Q loss,176,0.007033452857285738
GAS,BAD,UCB_WITHOUT_VAE_UNCERTAINTY,46,Q loss,177,0.013410781510174274
GAS,BAD,UCB_WITHOUT_VAE_UNCERTAINTY,46,Q loss,178,0.010678011924028397
GAS,BAD,UCB_WITHOUT_VAE_UNCERTAINTY,46,Q loss,179,0.030278900638222694
GAS,BAD,UCB_WITHOUT_VAE_UNCERTAINTY,46,Q loss,180,0.01132811140269041
GAS,BAD,UCB_WITHOUT_VAE_UNCERTAINTY,46,Q loss,181,0.0036696912720799446
GAS,BAD,UCB_WITHOUT_VAE_UNCERTAINTY,46,Q loss,182,0.02152889221906662
GAS,BAD,UCB_WITHOUT_VAE_UNCERTAINTY,46,Q loss,183,0.0034132313448935747
GAS,BAD,UCB_WITHOUT_VAE_UNCERTAINTY,46,Q loss,184,0.005677363369613886
GAS,BAD,UCB_WITHOUT_VAE_UNCERTAINTY,46,Q loss,185,0.007667329162359238
GAS,BAD,UCB_WITHOUT_VAE_UNCERTAINTY,46,Q loss,186,0.010533810593187809
GAS,BAD,UCB_WITHOUT_VAE_UNCERTAINTY,46,Q loss,187,0.003399638459086418
GAS,BAD,UCB_WITHOUT_VAE_UNCERTAINTY,46,Q loss,188,0.004712874535471201
GAS,BAD,UCB_WITHOUT_VAE_UNCERTAINTY,46,Q loss,189,0.02594032697379589
GAS,BAD,UCB_WITHOUT_VAE_UNCERTAINTY,46,Q loss,190,0.00948520191013813
GAS,BAD,UCB_WITHOUT_VAE_UNCERTAINTY,46,Q loss,191,0.010350980795919895
GAS,BAD,UCB_WITHOUT_VAE_UNCERTAINTY,46,Q loss,192,0.011149153113365173
GAS,BAD,UCB_WITHOUT_VAE_UNCERTAINTY,46,Q loss,193,0.006394658703356981
GAS,BAD,UCB_WITHOUT_VAE_UNCERTAINTY,46,Q loss,194,0.006700855679810047
GAS,BAD,UCB_WITHOUT_VAE_UNCERTAINTY,46,Q loss,195,0.013963602483272552
GAS,BAD,UCB_WITHOUT_VAE_UNCERTAINTY,46,Q loss,196,0.006225984543561935
GAS,BAD,UCB_WITHOUT_VAE_UNCERTAINTY,46,Q loss,197,0.029453324154019356
GAS,BAD,UCB_WITHOUT_VAE_UNCERTAINTY,46,Q loss,198,0.00555824302136898
GAS,BAD,UCB_WITHOUT_VAE_UNCERTAINTY,46,Q loss,199,0.004079918377101421
GAS,BAD,UCB_WITHOUT_VAE_UNCERTAINTY,46,Q loss,200,0.012516885064542294
GAS,BAD,UCB_WITHOUT_VAE_UNCERTAINTY,46,Q loss,201,0.005319544114172459
GAS,BAD,UCB_WITHOUT_VAE_UNCERTAINTY,46,Q loss,202,0.0035633458755910397
GAS,BAD,UCB_WITHOUT_VAE_UNCERTAINTY,46,Q loss,203,0.01030997559428215
GAS,BAD,UCB_WITHOUT_VAE_UNCERTAINTY,46,Q loss,204,0.009199075400829315
GAS,BAD,UCB_WITHOUT_VAE_UNCERTAINTY,46,Q loss,205,0.004475345369428396
GAS,BAD,UCB_WITHOUT_VAE_UNCERTAINTY,46,Q loss,206,0.004782931413501501
GAS,BAD,UCB_WITHOUT_VAE_UNCERTAINTY,46,Q loss,207,0.02211509644985199
GAS,BAD,UCB_WITHOUT_VAE_UNCERTAINTY,46,Q loss,208,0.005555770359933376
GAS,BAD,UCB_WITHOUT_VAE_UNCERTAINTY,46,Q loss,209,0.009025270119309425
GAS,BAD,UCB_WITHOUT_VAE_UNCERTAINTY,46,Q loss,210,0.006975286640226841
GAS,BAD,UCB_WITHOUT_VAE_UNCERTAINTY,46,Q loss,211,0.005716841667890549
GAS,BAD,UCB_WITHOUT_VAE_UNCERTAINTY,46,Q loss,212,0.002087770262733102
GAS,BAD,UCB_WITHOUT_VAE_UNCERTAINTY,46,Q loss,213,0.007753332611173391
GAS,BAD,UCB_WITHOUT_VAE_UNCERTAINTY,46,Q loss,214,0.004217013716697693
GAS,BAD,UCB_WITHOUT_VAE_UNCERTAINTY,46,Q loss,215,0.019847463816404343
GAS,BAD,UCB_WITHOUT_VAE_UNCERTAINTY,46,Q loss,216,0.004668795969337225
GAS,BAD,UCB_WITHOUT_VAE_UNCERTAINTY,46,Q loss,217,0.003835017792880535
GAS,BAD,UCB_WITHOUT_VAE_UNCERTAINTY,46,Q loss,218,0.013182001188397408
GAS,BAD,UCB_WITHOUT_VAE_UNCERTAINTY,46,Q loss,219,0.005496997386217117
GAS,BAD,UCB_WITHOUT_VAE_UNCERTAINTY,46,Q loss,220,0.0032723050098866224
GAS,BAD,UCB_WITHOUT_VAE_UNCERTAINTY,46,Q loss,221,0.0036572664976119995
GAS,BAD,UCB_WITHOUT_VAE_UNCERTAINTY,46,Q loss,222,0.013930348679423332
GAS,BAD,UCB_WITHOUT_VAE_UNCERTAINTY,46,Q loss,223,0.0038802986964583397
GAS,BAD,UCB_WITHOUT_VAE_UNCERTAINTY,46,Q loss,224,0.004127811174839735
GAS,BAD,UCB_WITHOUT_VAE_UNCERTAINTY,46,Q loss,225,0.02278631180524826
GAS,BAD,UCB_WITHOUT_VAE_UNCERTAINTY,46,Q loss,226,0.006089244969189167
GAS,BAD,UCB_WITHOUT_VAE_UNCERTAINTY,46,Q loss,227,0.007810648065060377
GAS,BAD,UCB_WITHOUT_VAE_UNCERTAINTY,46,Q loss,228,0.003847937798127532
GAS,BAD,UCB_WITHOUT_VAE_UNCERTAINTY,46,Q loss,229,0.006625001318752766
GAS,BAD,UCB_WITHOUT_VAE_UNCERTAINTY,46,Q loss,230,0.0027643938083201647
GAS,BAD,UCB_WITHOUT_VAE_UNCERTAINTY,46,Q loss,231,0.005866111256182194
GAS,BAD,UCB_WITHOUT_VAE_UNCERTAINTY,46,Q loss,232,0.006778273731470108
GAS,BAD,UCB_WITHOUT_VAE_UNCERTAINTY,46,Q loss,233,0.013136010617017746
GAS,BAD,UCB_WITHOUT_VAE_UNCERTAINTY,46,Q loss,234,0.005509078968316317
GAS,BAD,UCB_WITHOUT_VAE_UNCERTAINTY,46,Q loss,235,0.0035806773230433464
GAS,BAD,UCB_WITHOUT_VAE_UNCERTAINTY,46,Q loss,236,0.011053422465920448
GAS,BAD,UCB_WITHOUT_VAE_UNCERTAINTY,46,Q loss,237,0.00405638525262475
GAS,BAD,UCB_WITHOUT_VAE_UNCERTAINTY,46,Q loss,238,0.0025580907240509987
GAS,BAD,UCB_WITHOUT_VAE_UNCERTAINTY,46,Q loss,239,0.004448150284588337
GAS,BAD,UCB_WITHOUT_VAE_UNCERTAINTY,46,Q loss,240,0.00967363826930523
GAS,BAD,UCB_WITHOUT_VAE_UNCERTAINTY,46,Q loss,241,0.003864811733365059
GAS,BAD,UCB_WITHOUT_VAE_UNCERTAINTY,46,Q loss,242,0.0021196063607931137
GAS,BAD,UCB_WITHOUT_VAE_UNCERTAINTY,46,Q loss,243,0.020031414926052094
GAS,BAD,UCB_WITHOUT_VAE_UNCERTAINTY,46,Q loss,244,0.0077889361418783665
GAS,BAD,UCB_WITHOUT_VAE_UNCERTAINTY,46,Q loss,245,0.008907604962587357
GAS,BAD,UCB_WITHOUT_VAE_UNCERTAINTY,46,Q loss,246,0.004098955541849136
GAS,BAD,UCB_WITHOUT_VAE_UNCERTAINTY,46,Q loss,247,0.005972087848931551
GAS,BAD,UCB_WITHOUT_VAE_UNCERTAINTY,46,Q loss,248,0.0019685106817632914
GAS,BAD,UCB_WITHOUT_VAE_UNCERTAINTY,46,Q loss,249,0.006736629642546177
GAS,BAD,UCB_WITHOUT_VAE_UNCERTAINTY,46,Q loss,250,0.004928039386868477
GAS,BAD,UCB_WITHOUT_VAE_UNCERTAINTY,46,Q loss,251,0.009643510915338993
GAS,BAD,UCB_WITHOUT_VAE_UNCERTAINTY,46,Q loss,252,0.005544519051909447
GAS,BAD,UCB_WITHOUT_VAE_UNCERTAINTY,46,Q loss,253,0.002659435849636793
GAS,BAD,UCB_WITHOUT_VAE_UNCERTAINTY,46,Q loss,254,0.00903324969112873
GAS,BAD,UCB_WITHOUT_VAE_UNCERTAINTY,46,Q loss,255,0.0030794888734817505
GAS,BAD,UCB_WITHOUT_VAE_UNCERTAINTY,46,Q loss,256,0.001866247272118926
GAS,BAD,UCB_WITHOUT_VAE_UNCERTAINTY,46,Q loss,257,0.0028004818595945835
GAS,BAD,UCB_WITHOUT_VAE_UNCERTAINTY,46,Q loss,258,0.008829200640320778
GAS,BAD,UCB_WITHOUT_VAE_UNCERTAINTY,46,Q loss,259,0.002332103904336691
GAS,BAD,UCB_WITHOUT_VAE_UNCERTAINTY,46,Q loss,260,0.0020705475471913815
GAS,BAD,UCB_WITHOUT_VAE_UNCERTAINTY,46,Q loss,261,0.012952246703207493
GAS,BAD,UCB_WITHOUT_VAE_UNCERTAINTY,46,Q loss,262,0.004507427103817463
GAS,BAD,UCB_WITHOUT_VAE_UNCERTAINTY,46,Q loss,263,0.0060392990708351135
GAS,BAD,UCB_WITHOUT_VAE_UNCERTAINTY,46,Q loss,264,0.005935440305620432
GAS,BAD,UCB_WITHOUT_VAE_UNCERTAINTY,46,Q loss,265,0.004718083888292313
GAS,BAD,UCB_WITHOUT_VAE_UNCERTAINTY,46,Q loss,266,0.0033187700901180506
GAS,BAD,UCB_WITHOUT_VAE_UNCERTAINTY,46,Q loss,267,0.0035121950786560774
GAS,BAD,UCB_WITHOUT_VAE_UNCERTAINTY,46,Q loss,268,0.005554362200200558
GAS,BAD,UCB_WITHOUT_VAE_UNCERTAINTY,46,Q loss,269,0.00763569213449955
GAS,BAD,UCB_WITHOUT_VAE_UNCERTAINTY,46,Q loss,270,0.006064212415367365
GAS,BAD,UCB_WITHOUT_VAE_UNCERTAINTY,46,Q loss,271,0.00204282533377409
GAS,BAD,UCB_WITHOUT_VAE_UNCERTAINTY,46,Q loss,272,0.01318366453051567
GAS,BAD,UCB_WITHOUT_VAE_UNCERTAINTY,46,Q loss,273,0.003892705077305436
GAS,BAD,UCB_WITHOUT_VAE_UNCERTAINTY,46,Q loss,274,0.0029956400394439697
GAS,BAD,UCB_WITHOUT_VAE_UNCERTAINTY,46,Q loss,275,0.004747508559376001
GAS,BAD,UCB_WITHOUT_VAE_UNCERTAINTY,46,Q loss,276,0.007381616160273552
GAS,BAD,UCB_WITHOUT_VAE_UNCERTAINTY,46,Q loss,277,0.0021836296655237675
GAS,BAD,UCB_WITHOUT_VAE_UNCERTAINTY,46,Q loss,278,0.003996558487415314
GAS,BAD,UCB_WITHOUT_VAE_UNCERTAINTY,46,Q loss,279,0.01685018464922905
GAS,BAD,UCB_WITHOUT_VAE_UNCERTAINTY,46,Q loss,280,0.003292527748271823
GAS,BAD,UCB_WITHOUT_VAE_UNCERTAINTY,46,Q loss,281,0.0060153743252158165
GAS,BAD,UCB_WITHOUT_VAE_UNCERTAINTY,46,Q loss,282,0.007871586829423904
GAS,BAD,UCB_WITHOUT_VAE_UNCERTAINTY,46,Q loss,283,0.007620048709213734
GAS,BAD,UCB_WITHOUT_VAE_UNCERTAINTY,46,Q loss,284,0.004581649787724018
GAS,BAD,UCB_WITHOUT_VAE_UNCERTAINTY,46,Q loss,285,0.00589754618704319
GAS,BAD,UCB_WITHOUT_VAE_UNCERTAINTY,46,Q loss,286,0.002174865920096636
GAS,BAD,UCB_WITHOUT_VAE_UNCERTAINTY,46,Q loss,287,0.007463476154953241
GAS,BAD,UCB_WITHOUT_VAE_UNCERTAINTY,46,Q loss,288,0.00511074298992753
GAS,BAD,UCB_WITHOUT_VAE_UNCERTAINTY,46,Q loss,289,0.001570331398397684
GAS,BAD,UCB_WITHOUT_VAE_UNCERTAINTY,46,Q loss,290,0.007895288057625294
GAS,BAD,UCB_WITHOUT_VAE_UNCERTAINTY,46,Q loss,291,0.0031986027024686337
GAS,BAD,UCB_WITHOUT_VAE_UNCERTAINTY,46,Q loss,292,0.002647420158609748
GAS,BAD,UCB_WITHOUT_VAE_UNCERTAINTY,46,Q loss,293,0.005453599151223898
GAS,BAD,UCB_WITHOUT_VAE_UNCERTAINTY,46,Q loss,294,0.009853982366621494
GAS,BAD,UCB_WITHOUT_VAE_UNCERTAINTY,46,Q loss,295,0.00259035499766469
GAS,BAD,UCB_WITHOUT_VAE_UNCERTAINTY,46,Q loss,296,0.003299393691122532
GAS,BAD,UCB_WITHOUT_VAE_UNCERTAINTY,46,Q loss,297,0.01705094613134861
GAS,BAD,UCB_WITHOUT_VAE_UNCERTAINTY,46,Q loss,298,0.004863636568188667
GAS,BAD,UCB_WITHOUT_VAE_UNCERTAINTY,46,Q loss,299,0.005906823556870222
GAS,BAD,UCB_WITHOUT_VAE_UNCERTAINTY,46,Q loss,300,0.0044598509557545185
GAS,BAD,UCB_WITHOUT_VAE_UNCERTAINTY,46,Q loss,301,0.008286763913929462
GAS,BAD,UCB_WITHOUT_VAE_UNCERTAINTY,46,Q loss,302,0.004209817852824926
GAS,BAD,UCB_WITHOUT_VAE_UNCERTAINTY,46,Q loss,303,0.007503876928240061
GAS,BAD,UCB_WITHOUT_VAE_UNCERTAINTY,46,Q loss,304,0.004346516914665699
GAS,BAD,UCB_WITHOUT_VAE_UNCERTAINTY,46,Q loss,305,0.007404023315757513
GAS,BAD,UCB_WITHOUT_VAE_UNCERTAINTY,46,Q loss,306,0.004048455506563187
GAS,BAD,UCB_WITHOUT_VAE_UNCERTAINTY,46,Q loss,307,0.0030905618332326412
GAS,BAD,UCB_WITHOUT_VAE_UNCERTAINTY,46,Q loss,308,0.007421964313834906
GAS,BAD,UCB_WITHOUT_VAE_UNCERTAINTY,46,Q loss,309,0.0019899634644389153
GAS,BAD,UCB_WITHOUT_VAE_UNCERTAINTY,46,Q loss,310,0.002103809267282486
GAS,BAD,UCB_WITHOUT_VAE_UNCERTAINTY,46,Q loss,311,0.001983057241886854
GAS,BAD,UCB_WITHOUT_VAE_UNCERTAINTY,46,Q loss,312,0.008332272991538048
GAS,BAD,UCB_WITHOUT_VAE_UNCERTAINTY,46,Q loss,313,0.0019239226821810007
GAS,BAD,UCB_WITHOUT_VAE_UNCERTAINTY,46,Q loss,314,0.0031350660137832165
GAS,BAD,UCB_WITHOUT_VAE_UNCERTAINTY,46,Q loss,315,0.015597864985466003
GAS,BAD,UCB_WITHOUT_VAE_UNCERTAINTY,46,Q loss,316,0.003498302074149251
GAS,BAD,UCB_WITHOUT_VAE_UNCERTAINTY,46,Q loss,317,0.01073342002928257
GAS,BAD,UCB_WITHOUT_VAE_UNCERTAINTY,46,Q loss,318,0.006711873691529036
GAS,BAD,UCB_WITHOUT_VAE_UNCERTAINTY,46,Q loss,319,0.006036471575498581
GAS,BAD,UCB_WITHOUT_VAE_UNCERTAINTY,46,Q loss,320,0.0025175302289426327
GAS,BAD,UCB_WITHOUT_VAE_UNCERTAINTY,46,Q loss,321,0.00851253978908062
GAS,BAD,UCB_WITHOUT_VAE_UNCERTAINTY,46,Q loss,322,0.0042225210927426815
GAS,BAD,UCB_WITHOUT_VAE_UNCERTAINTY,46,Q loss,323,0.010715208016335964
GAS,BAD,UCB_WITHOUT_VAE_UNCERTAINTY,46,Q loss,324,0.0040312097407877445
GAS,BAD,UCB_WITHOUT_VAE_UNCERTAINTY,46,Q loss,325,0.0028565318789333105
GAS,BAD,UCB_WITHOUT_VAE_UNCERTAINTY,46,Q loss,326,0.008970892988145351
GAS,BAD,UCB_WITHOUT_VAE_UNCERTAINTY,46,Q loss,327,0.004537917207926512
GAS,BAD,UCB_WITHOUT_VAE_UNCERTAINTY,46,Q loss,328,0.0019815703853964806
GAS,BAD,UCB_WITHOUT_VAE_UNCERTAINTY,46,Q loss,329,0.005037135444581509
GAS,BAD,UCB_WITHOUT_VAE_UNCERTAINTY,46,Q loss,330,0.007941560819745064
GAS,BAD,UCB_WITHOUT_VAE_UNCERTAINTY,46,Q loss,331,0.0027033959049731493
GAS,BAD,UCB_WITHOUT_VAE_UNCERTAINTY,46,Q loss,332,0.004630742594599724
GAS,BAD,UCB_WITHOUT_VAE_UNCERTAINTY,46,Q loss,333,0.01807163842022419
GAS,BAD,UCB_WITHOUT_VAE_UNCERTAINTY,46,Q loss,334,0.005981986410915852
GAS,BAD,UCB_WITHOUT_VAE_UNCERTAINTY,46,Q loss,335,0.005777695681899786
GAS,BAD,UCB_WITHOUT_VAE_UNCERTAINTY,46,Q loss,336,0.004929888993501663
GAS,BAD,UCB_WITHOUT_VAE_UNCERTAINTY,46,Q loss,337,0.005147590301930904
GAS,BAD,UCB_WITHOUT_VAE_UNCERTAINTY,46,Q loss,338,0.0022614391054958105
GAS,BAD,UCB_WITHOUT_VAE_UNCERTAINTY,46,Q loss,339,0.006173720583319664
GAS,BAD,UCB_WITHOUT_VAE_UNCERTAINTY,46,Q loss,340,0.0018197677563875914
GAS,BAD,UCB_WITHOUT_VAE_UNCERTAINTY,46,Q loss,341,0.010055335238575935
GAS,BAD,UCB_WITHOUT_VAE_UNCERTAINTY,46,Q loss,342,0.003941512666642666
GAS,BAD,UCB_WITHOUT_VAE_UNCERTAINTY,46,Q loss,343,0.0015810045879334211
GAS,BAD,UCB_WITHOUT_VAE_UNCERTAINTY,46,Q loss,344,0.007126886397600174
GAS,BAD,UCB_WITHOUT_VAE_UNCERTAINTY,46,Q loss,345,0.005375793669372797
GAS,BAD,UCB_WITHOUT_VAE_UNCERTAINTY,46,Q loss,346,0.004984485451132059
GAS,BAD,UCB_WITHOUT_VAE_UNCERTAINTY,46,Q loss,347,0.0026746108196675777
GAS,BAD,UCB_WITHOUT_VAE_UNCERTAINTY,46,Q loss,348,0.011366011574864388
GAS,BAD,UCB_WITHOUT_VAE_UNCERTAINTY,46,Q loss,349,0.002078962977975607
GAS,BAD,UCB_WITHOUT_VAE_UNCERTAINTY,46,Q loss,350,0.005049574188888073
GAS,BAD,UCB_WITHOUT_VAE_UNCERTAINTY,46,Q loss,351,0.012464938685297966
GAS,BAD,UCB_WITHOUT_VAE_UNCERTAINTY,46,Q loss,352,0.001456699799746275
GAS,BAD,UCB_WITHOUT_VAE_UNCERTAINTY,46,Q loss,353,0.00501361396163702
GAS,BAD,UCB_WITHOUT_VAE_UNCERTAINTY,46,Q loss,354,0.003950837999582291
GAS,BAD,UCB_WITHOUT_VAE_UNCERTAINTY,46,Q loss,355,0.005216097459197044
GAS,BAD,UCB_WITHOUT_VAE_UNCERTAINTY,46,Q loss,356,0.0016453454736620188
GAS,BAD,UCB_WITHOUT_VAE_UNCERTAINTY,46,Q loss,357,0.00561362411826849
GAS,BAD,UCB_WITHOUT_VAE_UNCERTAINTY,46,Q loss,358,0.002676615724340081
GAS,BAD,UCB_WITHOUT_VAE_UNCERTAINTY,46,Q loss,359,0.01756957173347473
GAS,BAD,UCB_WITHOUT_VAE_UNCERTAINTY,46,Q loss,360,0.0023255562409758568
GAS,BAD,UCB_WITHOUT_VAE_UNCERTAINTY,46,Q loss,361,0.001255902461707592
GAS,BAD,UCB_WITHOUT_VAE_UNCERTAINTY,46,Q loss,362,0.006159997545182705
GAS,BAD,UCB_WITHOUT_VAE_UNCERTAINTY,46,Q loss,363,0.002736986381933093
GAS,BAD,UCB_WITHOUT_VAE_UNCERTAINTY,46,Q loss,364,0.0024774987250566483
GAS,BAD,UCB_WITHOUT_VAE_UNCERTAINTY,46,Q loss,365,0.003983738366514444
GAS,BAD,UCB_WITHOUT_VAE_UNCERTAINTY,46,Q loss,366,0.007225400302559137
GAS,BAD,UCB_WITHOUT_VAE_UNCERTAINTY,46,Q loss,367,0.0018585873767733574
GAS,BAD,UCB_WITHOUT_VAE_UNCERTAINTY,46,Q loss,368,0.003304614219814539
GAS,BAD,UCB_WITHOUT_VAE_UNCERTAINTY,46,Q loss,369,0.015222701244056225
GAS,BAD,UCB_WITHOUT_VAE_UNCERTAINTY,46,Q loss,370,0.0036858629900962114
GAS,BAD,UCB_WITHOUT_VAE_UNCERTAINTY,46,Q loss,371,0.009417884051799774
GAS,BAD,UCB_WITHOUT_VAE_UNCERTAINTY,46,Q loss,372,0.0064682625234127045
GAS,BAD,UCB_WITHOUT_VAE_UNCERTAINTY,46,Q loss,373,0.006860541179776192
GAS,BAD,UCB_WITHOUT_VAE_UNCERTAINTY,46,Q loss,374,0.0019175363704562187
GAS,BAD,UCB_WITHOUT_VAE_UNCERTAINTY,46,Q loss,375,0.006530232727527618
GAS,BAD,UCB_WITHOUT_VAE_UNCERTAINTY,46,Q loss,376,0.004908210597932339
GAS,BAD,UCB_WITHOUT_VAE_UNCERTAINTY,46,Q loss,377,0.008421136066317558
GAS,BAD,UCB_WITHOUT_VAE_UNCERTAINTY,46,Q loss,378,0.0036649745889008045
GAS,BAD,UCB_WITHOUT_VAE_UNCERTAINTY,46,Q loss,379,0.00139523611869663
GAS,BAD,UCB_WITHOUT_VAE_UNCERTAINTY,46,Q loss,380,0.009762289933860302
GAS,BAD,UCB_WITHOUT_VAE_UNCERTAINTY,46,Q loss,381,0.002580326283350587
GAS,BAD,UCB_WITHOUT_VAE_UNCERTAINTY,46,Q loss,382,0.0036666332744061947
GAS,BAD,UCB_WITHOUT_VAE_UNCERTAINTY,46,Q loss,383,0.002033027820289135
GAS,BAD,UCB_WITHOUT_VAE_UNCERTAINTY,46,Q loss,384,0.008631204254925251
GAS,BAD,UCB_WITHOUT_VAE_UNCERTAINTY,46,Q loss,385,0.003404460847377777
GAS,BAD,UCB_WITHOUT_VAE_UNCERTAINTY,46,Q loss,386,0.004129885695874691
GAS,BAD,UCB_WITHOUT_VAE_UNCERTAINTY,46,Q loss,387,0.014705991372466087
GAS,BAD,UCB_WITHOUT_VAE_UNCERTAINTY,46,Q loss,388,0.005459179636090994
GAS,BAD,UCB_WITHOUT_VAE_UNCERTAINTY,46,Q loss,389,0.0017775529995560646
GAS,BAD,UCB_WITHOUT_VAE_UNCERTAINTY,46,Q loss,390,0.0036882818676531315
GAS,BAD,UCB_WITHOUT_VAE_UNCERTAINTY,46,Q loss,391,0.004911541938781738
GAS,BAD,UCB_WITHOUT_VAE_UNCERTAINTY,46,Q loss,392,0.0030018086545169353
GAS,BAD,UCB_WITHOUT_VAE_UNCERTAINTY,46,Q loss,393,0.006164027843624353
GAS,BAD,UCB_WITHOUT_VAE_UNCERTAINTY,46,Q loss,394,0.0031380879227072
GAS,BAD,UCB_WITHOUT_VAE_UNCERTAINTY,46,Q loss,395,0.0055245570838451385
GAS,BAD,UCB_WITHOUT_VAE_UNCERTAINTY,46,Q loss,396,0.00259739113971591
GAS,BAD,UCB_WITHOUT_VAE_UNCERTAINTY,46,Q loss,397,0.0028796361293643713
GAS,BAD,UCB_WITHOUT_VAE_UNCERTAINTY,46,Q loss,398,0.008899250067770481
GAS,BAD,UCB_WITHOUT_VAE_UNCERTAINTY,46,Q loss,399,0.0019498206675052643
GAS,BAD,UCB_WITHOUT_VAE_UNCERTAINTY,46,Q loss,400,0.0010179486125707626
GAS,BAD,UCB_WITHOUT_VAE_UNCERTAINTY,46,Q loss,401,0.0030901534482836723
GAS,BAD,UCB_WITHOUT_VAE_UNCERTAINTY,46,Q loss,402,0.007500053383409977
GAS,BAD,UCB_WITHOUT_VAE_UNCERTAINTY,46,Q loss,403,0.0029232969973236322
GAS,BAD,UCB_WITHOUT_VAE_UNCERTAINTY,46,Q loss,404,0.003813906339928508
GAS,BAD,UCB_WITHOUT_VAE_UNCERTAINTY,46,Q loss,405,0.013265788555145264
GAS,BAD,UCB_WITHOUT_VAE_UNCERTAINTY,46,Q loss,406,0.0022517922334372997
GAS,BAD,UCB_WITHOUT_VAE_UNCERTAINTY,46,Q loss,407,0.00497061712667346
GAS,BAD,UCB_WITHOUT_VAE_UNCERTAINTY,46,Q loss,408,0.005567135289311409
GAS,BAD,UCB_WITHOUT_VAE_UNCERTAINTY,46,Q loss,409,0.0040135798044502735
GAS,BAD,UCB_WITHOUT_VAE_UNCERTAINTY,46,Q loss,410,0.0031439519952982664
GAS,BAD,UCB_WITHOUT_VAE_UNCERTAINTY,46,Q loss,411,0.008112309500575066
GAS,BAD,UCB_WITHOUT_VAE_UNCERTAINTY,46,Q loss,412,0.0022118650376796722
GAS,BAD,UCB_WITHOUT_VAE_UNCERTAINTY,46,Q loss,413,0.007899360731244087
GAS,BAD,UCB_WITHOUT_VAE_UNCERTAINTY,46,Q loss,414,0.0027513259556144476
GAS,BAD,UCB_WITHOUT_VAE_UNCERTAINTY,46,Q loss,415,0.0008586274925619364
GAS,BAD,UCB_WITHOUT_VAE_UNCERTAINTY,46,Q loss,416,0.0069707175716757774
GAS,BAD,UCB_WITHOUT_VAE_UNCERTAINTY,46,Q loss,417,0.0026576463133096695
GAS,BAD,UCB_WITHOUT_VAE_UNCERTAINTY,46,Q loss,418,0.0009154083672910929
GAS,BAD,UCB_WITHOUT_VAE_UNCERTAINTY,46,Q loss,419,0.005120550282299519
GAS,BAD,UCB_WITHOUT_VAE_UNCERTAINTY,46,Q loss,420,0.006401833146810532
GAS,BAD,UCB_WITHOUT_VAE_UNCERTAINTY,46,Q loss,421,0.0021444568410515785
GAS,BAD,UCB_WITHOUT_VAE_UNCERTAINTY,46,Q loss,422,0.0048169842921197414
GAS,BAD,UCB_WITHOUT_VAE_UNCERTAINTY,46,Q loss,423,0.014066731557250023
GAS,BAD,UCB_WITHOUT_VAE_UNCERTAINTY,46,Q loss,424,0.002688176929950714
GAS,BAD,UCB_WITHOUT_VAE_UNCERTAINTY,46,Q loss,425,0.005616707727313042
GAS,BAD,UCB_WITHOUT_VAE_UNCERTAINTY,46,Q loss,426,0.006796170026063919
GAS,BAD,UCB_WITHOUT_VAE_UNCERTAINTY,46,Q loss,427,0.0033996247220784426
GAS,BAD,UCB_WITHOUT_VAE_UNCERTAINTY,46,Q loss,428,0.0027971910312771797
GAS,BAD,UCB_WITHOUT_VAE_UNCERTAINTY,46,Q loss,429,0.004464233294129372
GAS,BAD,UCB_WITHOUT_VAE_UNCERTAINTY,46,Q loss,430,0.00431675324216485
GAS,BAD,UCB_WITHOUT_VAE_UNCERTAINTY,46,Q loss,431,0.006295336876064539
GAS,BAD,UCB_WITHOUT_VAE_UNCERTAINTY,46,Q loss,432,0.005225129425525665
GAS,BAD,UCB_WITHOUT_VAE_UNCERTAINTY,46,Q loss,433,0.000815362436696887
GAS,BAD,UCB_WITHOUT_VAE_UNCERTAINTY,46,Q loss,434,0.008446021005511284
GAS,BAD,UCB_WITHOUT_VAE_UNCERTAINTY,46,Q loss,435,0.0026411789003759623
GAS,BAD,UCB_WITHOUT_VAE_UNCERTAINTY,46,Q loss,436,0.0012743112165480852
GAS,BAD,UCB_WITHOUT_VAE_UNCERTAINTY,46,Q loss,437,0.004365117754787207
GAS,BAD,UCB_WITHOUT_VAE_UNCERTAINTY,46,Q loss,438,0.006647930480539799
GAS,BAD,UCB_WITHOUT_VAE_UNCERTAINTY,46,Q loss,439,0.0036370353773236275
GAS,BAD,UCB_WITHOUT_VAE_UNCERTAINTY,46,Q loss,440,0.003924096003174782
GAS,BAD,UCB_WITHOUT_VAE_UNCERTAINTY,46,Q loss,441,0.009610635228455067
GAS,BAD,UCB_WITHOUT_VAE_UNCERTAINTY,46,Q loss,442,0.00767145212739706
GAS,BAD,UCB_WITHOUT_VAE_UNCERTAINTY,46,Q loss,443,0.001338400412350893
GAS,BAD,UCB_WITHOUT_VAE_UNCERTAINTY,46,Q loss,444,0.003663640934973955
GAS,BAD,UCB_WITHOUT_VAE_UNCERTAINTY,46,Q loss,445,0.0034104809165000916
GAS,BAD,UCB_WITHOUT_VAE_UNCERTAINTY,46,Q loss,446,0.002641743514686823
GAS,BAD,UCB_WITHOUT_VAE_UNCERTAINTY,46,Q loss,447,0.004602289758622646
GAS,BAD,UCB_WITHOUT_VAE_UNCERTAINTY,46,Q loss,448,0.002584845991805196
GAS,BAD,UCB_WITHOUT_VAE_UNCERTAINTY,46,Q loss,449,0.009220398031175137
GAS,BAD,UCB_WITHOUT_VAE_UNCERTAINTY,46,Q loss,450,0.00454589631408453
GAS,BAD,UCB_WITHOUT_VAE_UNCERTAINTY,46,Q loss,451,0.002044432098045945
GAS,BAD,UCB_WITHOUT_VAE_UNCERTAINTY,46,Q loss,452,0.006826689001172781
GAS,BAD,UCB_WITHOUT_VAE_UNCERTAINTY,46,Q loss,453,0.003839237615466118
GAS,BAD,UCB_WITHOUT_VAE_UNCERTAINTY,46,Q loss,454,0.0015698268543928862
GAS,BAD,UCB_WITHOUT_VAE_UNCERTAINTY,46,Q loss,455,0.0016254003858193755
GAS,BAD,UCB_WITHOUT_VAE_UNCERTAINTY,46,Q loss,456,0.00954772811383009
GAS,BAD,UCB_WITHOUT_VAE_UNCERTAINTY,46,Q loss,457,0.00294089294038713
GAS,BAD,UCB_WITHOUT_VAE_UNCERTAINTY,46,Q loss,458,0.0030193550046533346
GAS,BAD,UCB_WITHOUT_VAE_UNCERTAINTY,46,Q loss,459,0.013611557893455029
GAS,BAD,UCB_WITHOUT_VAE_UNCERTAINTY,46,Q loss,460,0.0017491171602159739
GAS,BAD,UCB_WITHOUT_VAE_UNCERTAINTY,46,Q loss,461,0.0036193709820508957
GAS,BAD,UCB_WITHOUT_VAE_UNCERTAINTY,46,Q loss,462,0.004989521112293005
GAS,BAD,UCB_WITHOUT_VAE_UNCERTAINTY,46,Q loss,463,0.004984655417501926
GAS,BAD,UCB_WITHOUT_VAE_UNCERTAINTY,46,Q loss,464,0.0027435822412371635
GAS,BAD,UCB_WITHOUT_VAE_UNCERTAINTY,46,Q loss,465,0.003501300234347582
GAS,BAD,UCB_WITHOUT_VAE_UNCERTAINTY,46,Q loss,466,0.0030725174583494663
GAS,BAD,UCB_WITHOUT_VAE_UNCERTAINTY,46,Q loss,467,0.017039133235812187
GAS,BAD,UCB_WITHOUT_VAE_UNCERTAINTY,46,Q loss,468,0.0025696922093629837
GAS,BAD,UCB_WITHOUT_VAE_UNCERTAINTY,46,Q loss,469,0.0035495536867529154
GAS,BAD,UCB_WITHOUT_VAE_UNCERTAINTY,46,Q loss,470,0.0066445632837712765
GAS,BAD,UCB_WITHOUT_VAE_UNCERTAINTY,46,Q loss,471,0.0022753295488655567
GAS,BAD,UCB_WITHOUT_VAE_UNCERTAINTY,46,Q loss,472,0.0024338257499039173
GAS,BAD,UCB_WITHOUT_VAE_UNCERTAINTY,46,Q loss,473,0.004862302914261818
GAS,BAD,UCB_WITHOUT_VAE_UNCERTAINTY,46,Q loss,474,0.00550805265083909
GAS,BAD,UCB_WITHOUT_VAE_UNCERTAINTY,46,Q loss,475,0.0008585946634411812
GAS,BAD,UCB_WITHOUT_VAE_UNCERTAINTY,46,Q loss,476,0.0014291321858763695
GAS,BAD,UCB_WITHOUT_VAE_UNCERTAINTY,46,Q loss,477,0.00978776253759861
GAS,BAD,UCB_WITHOUT_VAE_UNCERTAINTY,46,Q loss,478,0.00146883400157094
GAS,BAD,UCB_WITHOUT_VAE_UNCERTAINTY,46,Q loss,479,0.0034761717543005943
GAS,BAD,UCB_WITHOUT_VAE_UNCERTAINTY,46,Q loss,480,0.005296641960740089
GAS,BAD,UCB_WITHOUT_VAE_UNCERTAINTY,46,Q loss,481,0.0036382749676704407
GAS,BAD,UCB_WITHOUT_VAE_UNCERTAINTY,46,Q loss,482,0.002685967832803726
GAS,BAD,UCB_WITHOUT_VAE_UNCERTAINTY,46,Q loss,483,0.004513806663453579
GAS,BAD,UCB_WITHOUT_VAE_UNCERTAINTY,46,Q loss,484,0.004873649682849646
GAS,BAD,UCB_WITHOUT_VAE_UNCERTAINTY,46,Q loss,485,0.01608751155436039
GAS,BAD,UCB_WITHOUT_VAE_UNCERTAINTY,46,Q loss,486,0.002452472224831581
GAS,BAD,UCB_WITHOUT_VAE_UNCERTAINTY,46,Q loss,487,0.002169946674257517
GAS,BAD,UCB_WITHOUT_VAE_UNCERTAINTY,46,Q loss,488,0.00509380828589201
GAS,BAD,UCB_WITHOUT_VAE_UNCERTAINTY,46,Q loss,489,0.004070840775966644
GAS,BAD,UCB_WITHOUT_VAE_UNCERTAINTY,46,Q loss,490,0.0021655368618667126
GAS,BAD,UCB_WITHOUT_VAE_UNCERTAINTY,46,Q loss,491,0.005611904431134462
GAS,BAD,UCB_WITHOUT_VAE_UNCERTAINTY,46,Q loss,492,0.004298902582377195
GAS,BAD,UCB_WITHOUT_VAE_UNCERTAINTY,46,Q loss,493,0.0023917637299746275
GAS,BAD,UCB_WITHOUT_VAE_UNCERTAINTY,46,Q loss,494,0.0024429471231997013
GAS,BAD,UCB_WITHOUT_VAE_UNCERTAINTY,46,Q loss,495,0.00851466041058302
GAS,BAD,UCB_WITHOUT_VAE_UNCERTAINTY,46,Q loss,496,0.004591421689838171
GAS,BAD,UCB_WITHOUT_VAE_UNCERTAINTY,46,Q loss,497,0.005170704796910286
GAS,BAD,UCB_WITHOUT_VAE_UNCERTAINTY,46,Q loss,498,0.0035051831509917974
GAS,BAD,UCB_WITHOUT_VAE_UNCERTAINTY,46,Q loss,499,0.006193667650222778
GAS,BAD,UCB_WITHOUT_VAE_UNCERTAINTY,46,Q loss,500,0.0013724813470616937
GAS,BAD,UCB_WITHOUT_VAE_UNCERTAINTY,46,Q loss,501,0.002493905369192362
GAS,BAD,UCB_WITHOUT_VAE_UNCERTAINTY,46,Q loss,502,0.005942666903138161
GAS,BAD,UCB_WITHOUT_VAE_UNCERTAINTY,46,Q loss,503,0.008017636835575104
GAS,BAD,UCB_WITHOUT_VAE_UNCERTAINTY,46,Q loss,504,0.005242901388555765
GAS,BAD,UCB_WITHOUT_VAE_UNCERTAINTY,46,Q loss,505,0.0043577225878834724
GAS,BAD,UCB_WITHOUT_VAE_UNCERTAINTY,46,Q loss,506,0.004806920886039734
GAS,BAD,UCB_WITHOUT_VAE_UNCERTAINTY,46,Q loss,507,0.0028849756345152855
GAS,BAD,UCB_WITHOUT_VAE_UNCERTAINTY,46,Q loss,508,0.0020060348324477673
GAS,BAD,UCB_WITHOUT_VAE_UNCERTAINTY,46,Q loss,509,0.0021198331378400326
GAS,BAD,UCB_WITHOUT_VAE_UNCERTAINTY,46,Q loss,510,0.004373135045170784
GAS,BAD,UCB_WITHOUT_VAE_UNCERTAINTY,46,Q loss,511,0.002006259746849537
GAS,BAD,UCB_WITHOUT_VAE_UNCERTAINTY,46,Q loss,512,0.0015192338032647967
GAS,BAD,UCB_WITHOUT_VAE_UNCERTAINTY,46,Q loss,513,0.00584019348025322
GAS,BAD,UCB_WITHOUT_VAE_UNCERTAINTY,46,Q loss,514,0.0010481837671250105
GAS,BAD,UCB_WITHOUT_VAE_UNCERTAINTY,46,Q loss,515,0.004366262350231409
GAS,BAD,UCB_WITHOUT_VAE_UNCERTAINTY,46,Q loss,516,0.005514535121619701
GAS,BAD,UCB_WITHOUT_VAE_UNCERTAINTY,46,Q loss,517,0.005192255601286888
GAS,BAD,UCB_WITHOUT_VAE_UNCERTAINTY,46,Q loss,518,0.0024592382833361626
GAS,BAD,UCB_WITHOUT_VAE_UNCERTAINTY,46,Q loss,519,0.004115174058824778
GAS,BAD,UCB_WITHOUT_VAE_UNCERTAINTY,46,Q loss,520,0.0015957332216203213
GAS,BAD,UCB_WITHOUT_VAE_UNCERTAINTY,46,Q loss,521,0.015599136240780354
GAS,BAD,UCB_WITHOUT_VAE_UNCERTAINTY,46,Q loss,522,0.003235059790313244
GAS,BAD,UCB_WITHOUT_VAE_UNCERTAINTY,46,Q loss,523,0.004164884798228741
GAS,BAD,UCB_WITHOUT_VAE_UNCERTAINTY,46,Q loss,524,0.005471523851156235
GAS,BAD,UCB_WITHOUT_VAE_UNCERTAINTY,46,Q loss,525,0.00435221754014492
GAS,BAD,UCB_WITHOUT_VAE_UNCERTAINTY,46,Q loss,526,0.002477014437317848
GAS,BAD,UCB_WITHOUT_VAE_UNCERTAINTY,46,Q loss,527,0.007060454227030277
GAS,BAD,UCB_WITHOUT_VAE_UNCERTAINTY,46,Q loss,528,0.012524237856268883
GAS,BAD,UCB_WITHOUT_VAE_UNCERTAINTY,46,Q loss,529,0.0010390377137809992
GAS,BAD,UCB_WITHOUT_VAE_UNCERTAINTY,46,Q loss,530,0.004338952712714672
GAS,BAD,UCB_WITHOUT_VAE_UNCERTAINTY,46,Q loss,531,0.009582899510860443
GAS,BAD,UCB_WITHOUT_VAE_UNCERTAINTY,46,Q loss,532,0.0030071805231273174
GAS,BAD,UCB_WITHOUT_VAE_UNCERTAINTY,46,Q loss,533,0.002720266580581665
GAS,BAD,UCB_WITHOUT_VAE_UNCERTAINTY,46,Q loss,534,0.0016695206286385655
GAS,BAD,UCB_WITHOUT_VAE_UNCERTAINTY,46,Q loss,535,0.0038932878524065018
GAS,BAD,UCB_WITHOUT_VAE_UNCERTAINTY,46,Q loss,536,0.004499427042901516
GAS,BAD,UCB_WITHOUT_VAE_UNCERTAINTY,46,Q loss,537,0.0021250739227980375
GAS,BAD,UCB_WITHOUT_VAE_UNCERTAINTY,46,Q loss,538,0.0017793613951653242
GAS,BAD,UCB_WITHOUT_VAE_UNCERTAINTY,46,Q loss,539,0.003846414852887392
GAS,BAD,UCB_WITHOUT_VAE_UNCERTAINTY,46,Q loss,540,0.0018222249345853925
GAS,BAD,UCB_WITHOUT_VAE_UNCERTAINTY,46,Q loss,541,0.0013662449782714248
GAS,BAD,UCB_WITHOUT_VAE_UNCERTAINTY,46,Q loss,542,0.0040496038272976875
GAS,BAD,UCB_WITHOUT_VAE_UNCERTAINTY,46,Q loss,543,0.003373393090441823
GAS,BAD,UCB_WITHOUT_VAE_UNCERTAINTY,46,Q loss,544,0.001984063070267439
GAS,BAD,UCB_WITHOUT_VAE_UNCERTAINTY,46,Q loss,545,0.0020508193410933018
GAS,BAD,UCB_WITHOUT_VAE_UNCERTAINTY,46,Q loss,546,0.0025882842019200325
GAS,BAD,UCB_WITHOUT_VAE_UNCERTAINTY,46,Q loss,547,0.0004287445335648954
GAS,BAD,UCB_WITHOUT_VAE_UNCERTAINTY,46,Q loss,548,0.0025687580928206444
GAS,BAD,UCB_WITHOUT_VAE_UNCERTAINTY,46,Q loss,549,0.014221495017409325
GAS,BAD,UCB_WITHOUT_VAE_UNCERTAINTY,46,Q loss,550,0.0016008376842364669
GAS,BAD,UCB_WITHOUT_VAE_UNCERTAINTY,46,Q loss,551,0.003529604524374008
GAS,BAD,UCB_WITHOUT_VAE_UNCERTAINTY,46,Q loss,552,0.0025486848317086697
GAS,BAD,UCB_WITHOUT_VAE_UNCERTAINTY,46,Q loss,553,0.0042692432180047035
GAS,BAD,UCB_WITHOUT_VAE_UNCERTAINTY,46,Q loss,554,0.0010190197499468923
GAS,BAD,UCB_WITHOUT_VAE_UNCERTAINTY,46,Q loss,555,0.006324758753180504
GAS,BAD,UCB_WITHOUT_VAE_UNCERTAINTY,46,Q loss,556,0.004693034570664167
GAS,BAD,UCB_WITHOUT_VAE_UNCERTAINTY,46,Q loss,557,0.007857312448322773
GAS,BAD,UCB_WITHOUT_VAE_UNCERTAINTY,46,Q loss,558,0.002328973961994052
GAS,BAD,UCB_WITHOUT_VAE_UNCERTAINTY,46,Q loss,559,0.0027873823419213295
GAS,BAD,UCB_WITHOUT_VAE_UNCERTAINTY,46,Q loss,560,0.0049299998208880424
GAS,BAD,UCB_WITHOUT_VAE_UNCERTAINTY,46,Q loss,561,0.003329881466925144
GAS,BAD,UCB_WITHOUT_VAE_UNCERTAINTY,46,Q loss,562,0.004101715516299009
GAS,BAD,UCB_WITHOUT_VAE_UNCERTAINTY,46,Q loss,563,0.003795074997469783
GAS,BAD,UCB_WITHOUT_VAE_UNCERTAINTY,46,Q loss,564,0.005178792402148247
GAS,BAD,UCB_WITHOUT_VAE_UNCERTAINTY,46,Q loss,565,0.002525690011680126
GAS,BAD,UCB_WITHOUT_VAE_UNCERTAINTY,46,Q loss,566,0.0012173805152997375
GAS,BAD,UCB_WITHOUT_VAE_UNCERTAINTY,46,Q loss,567,0.008659761399030685
GAS,BAD,UCB_WITHOUT_VAE_UNCERTAINTY,46,Q loss,568,0.004974694922566414
GAS,BAD,UCB_WITHOUT_VAE_UNCERTAINTY,46,Q loss,569,0.002288153162226081
GAS,BAD,UCB_WITHOUT_VAE_UNCERTAINTY,46,Q loss,570,0.0031601744703948498
GAS,BAD,UCB_WITHOUT_VAE_UNCERTAINTY,46,Q loss,571,0.004068714566528797
GAS,BAD,UCB_WITHOUT_VAE_UNCERTAINTY,46,Q loss,572,0.002077948534861207
GAS,BAD,UCB_WITHOUT_VAE_UNCERTAINTY,46,Q loss,573,0.004054788034409285
GAS,BAD,UCB_WITHOUT_VAE_UNCERTAINTY,46,Q loss,574,0.0010244250297546387
GAS,BAD,UCB_WITHOUT_VAE_UNCERTAINTY,46,Q loss,575,0.012052948586642742
GAS,BAD,UCB_WITHOUT_VAE_UNCERTAINTY,46,Q loss,576,0.0034801538567990065
GAS,BAD,UCB_WITHOUT_VAE_UNCERTAINTY,46,Q loss,577,0.0015205577947199345
GAS,BAD,UCB_WITHOUT_VAE_UNCERTAINTY,46,Q loss,578,0.005272728390991688
GAS,BAD,UCB_WITHOUT_VAE_UNCERTAINTY,46,Q loss,579,0.005288632586598396
GAS,BAD,UCB_WITHOUT_VAE_UNCERTAINTY,46,Q loss,580,0.0011878660880029202
GAS,BAD,UCB_WITHOUT_VAE_UNCERTAINTY,46,Q loss,581,0.006348575931042433
GAS,BAD,UCB_WITHOUT_VAE_UNCERTAINTY,46,Q loss,582,0.002537516411393881
GAS,BAD,UCB_WITHOUT_VAE_UNCERTAINTY,46,Q loss,583,0.0007418087916448712
GAS,BAD,UCB_WITHOUT_VAE_UNCERTAINTY,46,Q loss,584,0.000749402039218694
GAS,BAD,UCB_WITHOUT_VAE_UNCERTAINTY,46,Q loss,585,0.006047395523637533
GAS,BAD,UCB_WITHOUT_VAE_UNCERTAINTY,46,Q loss,586,0.003443961963057518
GAS,BAD,UCB_WITHOUT_VAE_UNCERTAINTY,46,Q loss,587,0.005274706520140171
GAS,BAD,UCB_WITHOUT_VAE_UNCERTAINTY,46,Q loss,588,0.003198583610355854
GAS,BAD,UCB_WITHOUT_VAE_UNCERTAINTY,46,Q loss,589,0.004931257106363773
GAS,BAD,UCB_WITHOUT_VAE_UNCERTAINTY,46,Q loss,590,0.0012825867161154747
GAS,BAD,UCB_WITHOUT_VAE_UNCERTAINTY,46,Q loss,591,0.004398651421070099
GAS,BAD,UCB_WITHOUT_VAE_UNCERTAINTY,46,Q loss,592,0.005144663155078888
GAS,BAD,UCB_WITHOUT_VAE_UNCERTAINTY,46,Q loss,593,0.003236166201531887
GAS,BAD,UCB_WITHOUT_VAE_UNCERTAINTY,46,Q loss,594,0.003012181958183646
GAS,BAD,UCB_WITHOUT_VAE_UNCERTAINTY,46,Q loss,595,0.0015899629797786474
GAS,BAD,UCB_WITHOUT_VAE_UNCERTAINTY,46,Q loss,596,0.004080033861100674
GAS,BAD,UCB_WITHOUT_VAE_UNCERTAINTY,46,Q loss,597,0.002957440447062254
GAS,BAD,UCB_WITHOUT_VAE_UNCERTAINTY,46,Q loss,598,0.001440741471014917
GAS,BAD,UCB_WITHOUT_VAE_UNCERTAINTY,46,Q loss,599,0.0013062759535387158
GAS,BAD,UCB_WITHOUT_VAE_UNCERTAINTY,46,Q loss,600,0.004703502170741558
GAS,BAD,UCB_WITHOUT_VAE_UNCERTAINTY,46,Q loss,601,0.0011705819051712751
GAS,BAD,UCB_WITHOUT_VAE_UNCERTAINTY,46,Q loss,602,0.0024565206840634346
GAS,BAD,UCB_WITHOUT_VAE_UNCERTAINTY,46,Q loss,603,0.00770960096269846
GAS,BAD,UCB_WITHOUT_VAE_UNCERTAINTY,46,Q loss,604,0.0016163603868335485
GAS,BAD,UCB_WITHOUT_VAE_UNCERTAINTY,46,Q loss,605,0.0056774308905005455
GAS,BAD,UCB_WITHOUT_VAE_UNCERTAINTY,46,Q loss,606,0.0016438420861959457
GAS,BAD,UCB_WITHOUT_VAE_UNCERTAINTY,46,Q loss,607,0.0034468607045710087
GAS,BAD,UCB_WITHOUT_VAE_UNCERTAINTY,46,Q loss,608,0.0012937698047608137
GAS,BAD,UCB_WITHOUT_VAE_UNCERTAINTY,46,Q loss,609,0.003259745193645358
GAS,BAD,UCB_WITHOUT_VAE_UNCERTAINTY,46,Q loss,610,0.003915524110198021
GAS,BAD,UCB_WITHOUT_VAE_UNCERTAINTY,46,Q loss,611,0.006134740076959133
GAS,BAD,UCB_WITHOUT_VAE_UNCERTAINTY,46,Q loss,612,0.0023095374926924706
GAS,BAD,UCB_WITHOUT_VAE_UNCERTAINTY,46,Q loss,613,0.00145304249599576
GAS,BAD,UCB_WITHOUT_VAE_UNCERTAINTY,46,Q loss,614,0.004083755426108837
GAS,BAD,UCB_WITHOUT_VAE_UNCERTAINTY,46,Q loss,615,0.0027068746276199818
GAS,BAD,UCB_WITHOUT_VAE_UNCERTAINTY,46,Q loss,616,0.00389619218185544
GAS,BAD,UCB_WITHOUT_VAE_UNCERTAINTY,46,Q loss,617,0.005035018548369408
GAS,BAD,UCB_WITHOUT_VAE_UNCERTAINTY,46,Q loss,618,0.0044850679114460945
GAS,BAD,UCB_WITHOUT_VAE_UNCERTAINTY,46,Q loss,619,0.0005517629906535149
GAS,BAD,UCB_WITHOUT_VAE_UNCERTAINTY,46,Q loss,620,0.0017115056980401278
GAS,BAD,UCB_WITHOUT_VAE_UNCERTAINTY,46,Q loss,621,0.0051864152774214745
GAS,BAD,UCB_WITHOUT_VAE_UNCERTAINTY,46,Q loss,622,0.0036104805767536163
GAS,BAD,UCB_WITHOUT_VAE_UNCERTAINTY,46,Q loss,623,0.0037751661147922277
GAS,BAD,UCB_WITHOUT_VAE_UNCERTAINTY,46,Q loss,624,0.0022705341689288616
GAS,BAD,UCB_WITHOUT_VAE_UNCERTAINTY,46,Q loss,625,0.0044281878508627415
GAS,BAD,UCB_WITHOUT_VAE_UNCERTAINTY,46,Q loss,626,0.0023567196913063526
GAS,BAD,UCB_WITHOUT_VAE_UNCERTAINTY,46,Q loss,627,0.002059520920738578
GAS,BAD,UCB_WITHOUT_VAE_UNCERTAINTY,46,Q loss,628,0.0033871899358928204
GAS,BAD,UCB_WITHOUT_VAE_UNCERTAINTY,46,Q loss,629,0.0038962354883551598
GAS,BAD,UCB_WITHOUT_VAE_UNCERTAINTY,46,Q loss,630,0.0035492912866175175
GAS,BAD,UCB_WITHOUT_VAE_UNCERTAINTY,46,Q loss,631,0.0026289192028343678
GAS,BAD,UCB_WITHOUT_VAE_UNCERTAINTY,46,Q loss,632,0.006056059151887894
GAS,BAD,UCB_WITHOUT_VAE_UNCERTAINTY,46,Q loss,633,0.0028498475439846516
GAS,BAD,UCB_WITHOUT_VAE_UNCERTAINTY,46,Q loss,634,0.0019087789114564657
GAS,BAD,UCB_WITHOUT_VAE_UNCERTAINTY,46,Q loss,635,0.0026407353579998016
GAS,BAD,UCB_WITHOUT_VAE_UNCERTAINTY,46,Q loss,636,0.006542969029396772
GAS,BAD,UCB_WITHOUT_VAE_UNCERTAINTY,46,Q loss,637,0.0043671391904354095
GAS,BAD,UCB_WITHOUT_VAE_UNCERTAINTY,46,Q loss,638,0.0021339505910873413
GAS,BAD,UCB_WITHOUT_VAE_UNCERTAINTY,46,Q loss,639,0.013103565201163292
GAS,BAD,UCB_WITHOUT_VAE_UNCERTAINTY,46,Q loss,640,0.001421082764863968
GAS,BAD,UCB_WITHOUT_VAE_UNCERTAINTY,46,Q loss,641,0.004308766219764948
GAS,BAD,UCB_WITHOUT_VAE_UNCERTAINTY,46,Q loss,642,0.003158284816890955
GAS,BAD,UCB_WITHOUT_VAE_UNCERTAINTY,46,Q loss,643,0.004009841475635767
GAS,BAD,UCB_WITHOUT_VAE_UNCERTAINTY,46,Q loss,644,0.004886852577328682
GAS,BAD,UCB_WITHOUT_VAE_UNCERTAINTY,46,Q loss,645,0.0026652112137526274
GAS,BAD,UCB_WITHOUT_VAE_UNCERTAINTY,46,Q loss,646,0.0027280503418296576
GAS,BAD,UCB_WITHOUT_VAE_UNCERTAINTY,46,Q loss,647,0.0093130674213171
GAS,BAD,UCB_WITHOUT_VAE_UNCERTAINTY,46,Q loss,648,0.0012743782717734575
GAS,BAD,UCB_WITHOUT_VAE_UNCERTAINTY,46,Q loss,649,0.0011270177783444524
GAS,BAD,UCB_WITHOUT_VAE_UNCERTAINTY,46,Q loss,650,0.0007795393466949463
GAS,BAD,UCB_WITHOUT_VAE_UNCERTAINTY,46,Q loss,651,0.002380835358053446
GAS,BAD,UCB_WITHOUT_VAE_UNCERTAINTY,46,Q loss,652,0.0031340671703219414
GAS,BAD,UCB_WITHOUT_VAE_UNCERTAINTY,46,Q loss,653,0.0024940846487879753
GAS,BAD,UCB_WITHOUT_VAE_UNCERTAINTY,46,Q loss,654,0.0041777705773711205
GAS,BAD,UCB_WITHOUT_VAE_UNCERTAINTY,46,Q loss,655,0.0020648790523409843
GAS,BAD,UCB_WITHOUT_VAE_UNCERTAINTY,46,Q loss,656,0.001718144048936665
GAS,BAD,UCB_WITHOUT_VAE_UNCERTAINTY,46,Q loss,657,0.005161718465387821
GAS,BAD,UCB_WITHOUT_VAE_UNCERTAINTY,46,Q loss,658,0.0012814344372600317
GAS,BAD,UCB_WITHOUT_VAE_UNCERTAINTY,46,Q loss,659,0.004155309405177832
GAS,BAD,UCB_WITHOUT_VAE_UNCERTAINTY,46,Q loss,660,0.0009985745418816805
GAS,BAD,UCB_WITHOUT_VAE_UNCERTAINTY,46,Q loss,661,0.00272689713165164
GAS,BAD,UCB_WITHOUT_VAE_UNCERTAINTY,46,Q loss,662,0.002208828693255782
GAS,BAD,UCB_WITHOUT_VAE_UNCERTAINTY,46,Q loss,663,0.0017753839492797852
GAS,BAD,UCB_WITHOUT_VAE_UNCERTAINTY,46,Q loss,664,0.0016774818068370223
GAS,BAD,UCB_WITHOUT_VAE_UNCERTAINTY,46,Q loss,665,0.014885512180626392
GAS,BAD,UCB_WITHOUT_VAE_UNCERTAINTY,46,Q loss,666,0.003288344480097294
GAS,BAD,UCB_WITHOUT_VAE_UNCERTAINTY,46,Q loss,667,0.0012777289375662804
GAS,BAD,UCB_WITHOUT_VAE_UNCERTAINTY,46,Q loss,668,0.005405653268098831
GAS,BAD,UCB_WITHOUT_VAE_UNCERTAINTY,46,Q loss,669,0.004505780525505543
GAS,BAD,UCB_WITHOUT_VAE_UNCERTAINTY,46,Q loss,670,0.002399110235273838
GAS,BAD,UCB_WITHOUT_VAE_UNCERTAINTY,46,Q loss,671,0.002221074653789401
GAS,BAD,UCB_WITHOUT_VAE_UNCERTAINTY,46,Q loss,672,0.007602259982377291
GAS,BAD,UCB_WITHOUT_VAE_UNCERTAINTY,46,Q loss,673,0.002082914113998413
GAS,BAD,UCB_WITHOUT_VAE_UNCERTAINTY,46,Q loss,674,0.0018428469775244594
GAS,BAD,UCB_WITHOUT_VAE_UNCERTAINTY,46,Q loss,675,0.010152172297239304
GAS,BAD,UCB_WITHOUT_VAE_UNCERTAINTY,46,Q loss,676,0.004375389777123928
GAS,BAD,UCB_WITHOUT_VAE_UNCERTAINTY,46,Q loss,677,0.002629658207297325
GAS,BAD,UCB_WITHOUT_VAE_UNCERTAINTY,46,Q loss,678,0.002361234277486801
GAS,BAD,UCB_WITHOUT_VAE_UNCERTAINTY,46,Q loss,679,0.005209446419030428
GAS,BAD,UCB_WITHOUT_VAE_UNCERTAINTY,46,Q loss,680,0.0026105698198080063
GAS,BAD,UCB_WITHOUT_VAE_UNCERTAINTY,46,Q loss,681,0.0045415316708385944
GAS,BAD,UCB_WITHOUT_VAE_UNCERTAINTY,46,Q loss,682,0.00209605460986495
GAS,BAD,UCB_WITHOUT_VAE_UNCERTAINTY,46,Q loss,683,0.002840731292963028
GAS,BAD,UCB_WITHOUT_VAE_UNCERTAINTY,46,Q loss,684,0.005291679874062538
GAS,BAD,UCB_WITHOUT_VAE_UNCERTAINTY,46,Q loss,685,0.0039583477191627026
GAS,BAD,UCB_WITHOUT_VAE_UNCERTAINTY,46,Q loss,686,0.002455957932397723
GAS,BAD,UCB_WITHOUT_VAE_UNCERTAINTY,46,Q loss,687,0.0035838973708450794
GAS,BAD,UCB_WITHOUT_VAE_UNCERTAINTY,46,Q loss,688,0.00399390421807766
GAS,BAD,UCB_WITHOUT_VAE_UNCERTAINTY,46,Q loss,689,0.0020057233050465584
GAS,BAD,UCB_WITHOUT_VAE_UNCERTAINTY,46,Q loss,690,0.0077138240449130535
GAS,BAD,UCB_WITHOUT_VAE_UNCERTAINTY,46,Q loss,691,0.002071528462693095
GAS,BAD,UCB_WITHOUT_VAE_UNCERTAINTY,46,Q loss,692,0.0017798644257709384
GAS,BAD,UCB_WITHOUT_VAE_UNCERTAINTY,46,Q loss,693,0.009241322986781597
GAS,BAD,UCB_WITHOUT_VAE_UNCERTAINTY,46,Q loss,694,0.0027549974620342255
GAS,BAD,UCB_WITHOUT_VAE_UNCERTAINTY,46,Q loss,695,0.004024502821266651
GAS,BAD,UCB_WITHOUT_VAE_UNCERTAINTY,46,Q loss,696,0.0016314777312800288
GAS,BAD,UCB_WITHOUT_VAE_UNCERTAINTY,46,Q loss,697,0.0022560455836355686
GAS,BAD,UCB_WITHOUT_VAE_UNCERTAINTY,46,Q loss,698,0.0014582069125026464
GAS,BAD,UCB_WITHOUT_VAE_UNCERTAINTY,46,Q loss,699,0.002852843841537833
GAS,BAD,UCB_WITHOUT_VAE_UNCERTAINTY,46,Q loss,700,0.0025299398694187403
GAS,BAD,UCB_WITHOUT_VAE_UNCERTAINTY,46,Q loss,701,0.009693175554275513
GAS,BAD,UCB_WITHOUT_VAE_UNCERTAINTY,46,Q loss,702,0.0015540821477770805
GAS,BAD,UCB_WITHOUT_VAE_UNCERTAINTY,46,Q loss,703,0.0016293220687657595
GAS,BAD,UCB_WITHOUT_VAE_UNCERTAINTY,46,Q loss,704,0.001559736207127571
GAS,BAD,UCB_WITHOUT_VAE_UNCERTAINTY,46,Q loss,705,0.003362672869116068
GAS,BAD,UCB_WITHOUT_VAE_UNCERTAINTY,46,Q loss,706,0.001057700254023075
GAS,BAD,UCB_WITHOUT_VAE_UNCERTAINTY,46,Q loss,707,0.0020580762065947056
GAS,BAD,UCB_WITHOUT_VAE_UNCERTAINTY,46,Q loss,708,0.005185876972973347
GAS,BAD,UCB_WITHOUT_VAE_UNCERTAINTY,46,Q loss,709,0.0012707498390227556
GAS,BAD,UCB_WITHOUT_VAE_UNCERTAINTY,46,Q loss,710,0.0017740167677402496
GAS,BAD,UCB_WITHOUT_VAE_UNCERTAINTY,46,Q loss,711,0.005729209631681442
GAS,BAD,UCB_WITHOUT_VAE_UNCERTAINTY,46,Q loss,712,0.0033058892004191875
GAS,BAD,UCB_WITHOUT_VAE_UNCERTAINTY,46,Q loss,713,0.002088305540382862
GAS,BAD,UCB_WITHOUT_VAE_UNCERTAINTY,46,Q loss,714,0.0022938940674066544
GAS,BAD,UCB_WITHOUT_VAE_UNCERTAINTY,46,Q loss,715,0.0027596130967140198
GAS,BAD,UCB_WITHOUT_VAE_UNCERTAINTY,46,Q loss,716,0.003123636357486248
GAS,BAD,UCB_WITHOUT_VAE_UNCERTAINTY,46,Q loss,717,0.0037865047343075275
GAS,BAD,UCB_WITHOUT_VAE_UNCERTAINTY,46,Q loss,718,0.004135018214583397
GAS,BAD,UCB_WITHOUT_VAE_UNCERTAINTY,46,Q loss,719,0.015978651121258736
GAS,BAD,UCB_WITHOUT_VAE_UNCERTAINTY,46,Q loss,720,0.0034177470952272415
GAS,BAD,UCB_WITHOUT_VAE_UNCERTAINTY,46,Q loss,721,0.003417661879211664
GAS,BAD,UCB_WITHOUT_VAE_UNCERTAINTY,46,Q loss,722,0.001984940143302083
GAS,BAD,UCB_WITHOUT_VAE_UNCERTAINTY,46,Q loss,723,0.0028545535169541836
GAS,BAD,UCB_WITHOUT_VAE_UNCERTAINTY,46,Q loss,724,0.002217440865933895
GAS,BAD,UCB_WITHOUT_VAE_UNCERTAINTY,46,Q loss,725,0.0029598611872643232
GAS,BAD,UCB_WITHOUT_VAE_UNCERTAINTY,46,Q loss,726,0.006709677632898092
GAS,BAD,UCB_WITHOUT_VAE_UNCERTAINTY,46,Q loss,727,0.0010920268250629306
GAS,BAD,UCB_WITHOUT_VAE_UNCERTAINTY,46,Q loss,728,0.0018286628182977438
GAS,BAD,UCB_WITHOUT_VAE_UNCERTAINTY,46,Q loss,729,0.011384310200810432
GAS,BAD,UCB_WITHOUT_VAE_UNCERTAINTY,46,Q loss,730,0.003666012780740857
GAS,BAD,UCB_WITHOUT_VAE_UNCERTAINTY,46,Q loss,731,0.0075658513233065605
GAS,BAD,UCB_WITHOUT_VAE_UNCERTAINTY,46,Q loss,732,0.0034309597685933113
GAS,BAD,UCB_WITHOUT_VAE_UNCERTAINTY,46,Q loss,733,0.002569819102063775
GAS,BAD,UCB_WITHOUT_VAE_UNCERTAINTY,46,Q loss,734,0.002902549458667636
GAS,BAD,UCB_WITHOUT_VAE_UNCERTAINTY,46,Q loss,735,0.0031780763529241085
GAS,BAD,UCB_WITHOUT_VAE_UNCERTAINTY,46,Q loss,736,0.0018926765769720078
GAS,BAD,UCB_WITHOUT_VAE_UNCERTAINTY,46,Q loss,737,0.006111947353929281
GAS,BAD,UCB_WITHOUT_VAE_UNCERTAINTY,46,Q loss,738,0.005861119367182255
GAS,BAD,UCB_WITHOUT_VAE_UNCERTAINTY,46,Q loss,739,0.0030670887790620327
GAS,BAD,UCB_WITHOUT_VAE_UNCERTAINTY,46,Q loss,740,0.004362169187515974
GAS,BAD,UCB_WITHOUT_VAE_UNCERTAINTY,46,Q loss,741,0.0028977785259485245
GAS,BAD,UCB_WITHOUT_VAE_UNCERTAINTY,46,Q loss,742,0.0012282640673220158
GAS,BAD,UCB_WITHOUT_VAE_UNCERTAINTY,46,Q loss,743,0.0011334646260365844
GAS,BAD,UCB_WITHOUT_VAE_UNCERTAINTY,46,Q loss,744,0.004886814393103123
GAS,BAD,UCB_WITHOUT_VAE_UNCERTAINTY,46,Q loss,745,0.0006998998578637838
GAS,BAD,UCB_WITHOUT_VAE_UNCERTAINTY,46,Q loss,746,0.0015228999545797706
GAS,BAD,UCB_WITHOUT_VAE_UNCERTAINTY,46,Q loss,747,0.00380454258993268
GAS,BAD,UCB_WITHOUT_VAE_UNCERTAINTY,46,Q loss,748,0.003286493942141533
GAS,BAD,UCB_WITHOUT_VAE_UNCERTAINTY,46,Q loss,749,0.001948102144524455
GAS,BAD,UCB_WITHOUT_VAE_UNCERTAINTY,46,Q loss,750,0.002040873048827052
GAS,BAD,UCB_WITHOUT_VAE_UNCERTAINTY,46,Q loss,751,0.0028329049237072468
GAS,BAD,UCB_WITHOUT_VAE_UNCERTAINTY,46,Q loss,752,0.0026304309722036123
GAS,BAD,UCB_WITHOUT_VAE_UNCERTAINTY,46,Q loss,753,0.00335166254080832
GAS,BAD,UCB_WITHOUT_VAE_UNCERTAINTY,46,Q loss,754,0.002240970032289624
GAS,BAD,UCB_WITHOUT_VAE_UNCERTAINTY,46,Q loss,755,0.003714280901476741
GAS,BAD,UCB_WITHOUT_VAE_UNCERTAINTY,46,Q loss,756,0.002348241861909628
GAS,BAD,UCB_WITHOUT_VAE_UNCERTAINTY,46,Q loss,757,0.0025672209449112415
GAS,BAD,UCB_WITHOUT_VAE_UNCERTAINTY,46,Q loss,758,0.001287532621063292
GAS,BAD,UCB_WITHOUT_VAE_UNCERTAINTY,46,Q loss,759,0.002440891694277525
GAS,BAD,UCB_WITHOUT_VAE_UNCERTAINTY,46,Q loss,760,0.003215249627828598
GAS,BAD,UCB_WITHOUT_VAE_UNCERTAINTY,46,Q loss,761,0.0018492608796805143
GAS,BAD,UCB_WITHOUT_VAE_UNCERTAINTY,46,Q loss,762,0.004774841014295816
GAS,BAD,UCB_WITHOUT_VAE_UNCERTAINTY,46,Q loss,763,0.0018719565123319626
GAS,BAD,UCB_WITHOUT_VAE_UNCERTAINTY,46,Q loss,764,0.0025648917071521282
GAS,BAD,UCB_WITHOUT_VAE_UNCERTAINTY,46,Q loss,765,0.008850383572280407
GAS,BAD,UCB_WITHOUT_VAE_UNCERTAINTY,46,Q loss,766,0.0031474274583160877
GAS,BAD,UCB_WITHOUT_VAE_UNCERTAINTY,46,Q loss,767,0.0034695155918598175
GAS,BAD,UCB_WITHOUT_VAE_UNCERTAINTY,46,Q loss,768,0.002277171704918146
GAS,BAD,UCB_WITHOUT_VAE_UNCERTAINTY,46,Q loss,769,0.003855712478980422
GAS,BAD,UCB_WITHOUT_VAE_UNCERTAINTY,46,Q loss,770,0.0023927297443151474
GAS,BAD,UCB_WITHOUT_VAE_UNCERTAINTY,46,Q loss,771,0.0025809165090322495
GAS,BAD,UCB_WITHOUT_VAE_UNCERTAINTY,46,Q loss,772,0.0034671826288104057
GAS,BAD,UCB_WITHOUT_VAE_UNCERTAINTY,46,Q loss,773,0.002743951976299286
GAS,BAD,UCB_WITHOUT_VAE_UNCERTAINTY,46,Q loss,774,0.0035874624736607075
GAS,BAD,UCB_WITHOUT_VAE_UNCERTAINTY,46,Q loss,775,0.0019386389758437872
GAS,BAD,UCB_WITHOUT_VAE_UNCERTAINTY,46,Q loss,776,0.0019964571110904217
GAS,BAD,UCB_WITHOUT_VAE_UNCERTAINTY,46,Q loss,777,0.0023491173051297665
GAS,BAD,UCB_WITHOUT_VAE_UNCERTAINTY,46,Q loss,778,0.002484365599229932
GAS,BAD,UCB_WITHOUT_VAE_UNCERTAINTY,46,Q loss,779,0.0012072299141436815
GAS,BAD,UCB_WITHOUT_VAE_UNCERTAINTY,46,Q loss,780,0.002342903520911932
GAS,BAD,UCB_WITHOUT_VAE_UNCERTAINTY,46,Q loss,781,0.0014310397673398256
GAS,BAD,UCB_WITHOUT_VAE_UNCERTAINTY,46,Q loss,782,0.0019800837617367506
GAS,BAD,UCB_WITHOUT_VAE_UNCERTAINTY,46,Q loss,783,0.007177938707172871
GAS,BAD,UCB_WITHOUT_VAE_UNCERTAINTY,46,Q loss,784,0.0012565458891913295
GAS,BAD,UCB_WITHOUT_VAE_UNCERTAINTY,46,Q loss,785,0.00344466301612556
GAS,BAD,UCB_WITHOUT_VAE_UNCERTAINTY,46,Q loss,786,0.0017627747729420662
GAS,BAD,UCB_WITHOUT_VAE_UNCERTAINTY,46,Q loss,787,0.0026930321473628283
GAS,BAD,UCB_WITHOUT_VAE_UNCERTAINTY,46,Q loss,788,0.0007027710089460015
GAS,BAD,UCB_WITHOUT_VAE_UNCERTAINTY,46,Q loss,789,0.003184884786605835
GAS,BAD,UCB_WITHOUT_VAE_UNCERTAINTY,46,Q loss,790,0.002780461683869362
GAS,BAD,UCB_WITHOUT_VAE_UNCERTAINTY,46,Q loss,791,0.012533789500594139
GAS,BAD,UCB_WITHOUT_VAE_UNCERTAINTY,46,Q loss,792,0.002989283762872219
GAS,BAD,UCB_WITHOUT_VAE_UNCERTAINTY,46,Q loss,793,0.0010002355556935072
GAS,BAD,UCB_WITHOUT_VAE_UNCERTAINTY,46,Q loss,794,0.0025044195353984833
GAS,BAD,UCB_WITHOUT_VAE_UNCERTAINTY,46,Q loss,795,0.003245212370529771
GAS,BAD,UCB_WITHOUT_VAE_UNCERTAINTY,46,Q loss,796,0.0009300622041337192
GAS,BAD,UCB_WITHOUT_VAE_UNCERTAINTY,46,Q loss,797,0.0037617271300405264
GAS,BAD,UCB_WITHOUT_VAE_UNCERTAINTY,46,Q loss,798,0.004126842133700848
GAS,BAD,UCB_WITHOUT_VAE_UNCERTAINTY,46,Q loss,799,0.0019289222545921803
GAS,BAD,UCB_WITHOUT_VAE_UNCERTAINTY,46,Q loss,800,0.0025155493058264256
GAS,BAD,UCB_WITHOUT_VAE_UNCERTAINTY,46,Q loss,801,0.00574505515396595
GAS,BAD,UCB_WITHOUT_VAE_UNCERTAINTY,46,Q loss,802,0.0033773656468838453
GAS,BAD,UCB_WITHOUT_VAE_UNCERTAINTY,46,Q loss,803,0.008015315048396587
GAS,BAD,UCB_WITHOUT_VAE_UNCERTAINTY,46,Q loss,804,0.0010666931048035622
GAS,BAD,UCB_WITHOUT_VAE_UNCERTAINTY,46,Q loss,805,0.003622753079980612
GAS,BAD,UCB_WITHOUT_VAE_UNCERTAINTY,46,Q loss,806,0.00109964981675148
GAS,BAD,UCB_WITHOUT_VAE_UNCERTAINTY,46,Q loss,807,0.0017874259501695633
GAS,BAD,UCB_WITHOUT_VAE_UNCERTAINTY,46,Q loss,808,0.003098148852586746
GAS,BAD,UCB_WITHOUT_VAE_UNCERTAINTY,46,Q loss,809,0.008863010443747044
GAS,BAD,UCB_WITHOUT_VAE_UNCERTAINTY,46,Cost loss,0,0.17036987841129303
GAS,BAD,UCB_WITHOUT_VAE_UNCERTAINTY,46,Cost loss,1,0.16866180300712585
GAS,BAD,UCB_WITHOUT_VAE_UNCERTAINTY,46,Cost loss,2,0.16634467244148254
GAS,BAD,UCB_WITHOUT_VAE_UNCERTAINTY,46,Cost loss,3,0.16283228993415833
GAS,BAD,UCB_WITHOUT_VAE_UNCERTAINTY,46,Cost loss,4,0.1592332273721695
GAS,BAD,UCB_WITHOUT_VAE_UNCERTAINTY,46,Cost loss,5,0.161139577627182
GAS,BAD,UCB_WITHOUT_VAE_UNCERTAINTY,46,Cost loss,6,0.1562647521495819
GAS,BAD,UCB_WITHOUT_VAE_UNCERTAINTY,46,Cost loss,7,0.15484581887722015
GAS,BAD,UCB_WITHOUT_VAE_UNCERTAINTY,46,Cost loss,8,0.15502744913101196
GAS,BAD,UCB_WITHOUT_VAE_UNCERTAINTY,46,Cost loss,9,0.15207116305828094
GAS,BAD,UCB_WITHOUT_VAE_UNCERTAINTY,46,Cost loss,10,0.1499062180519104
GAS,BAD,UCB_WITHOUT_VAE_UNCERTAINTY,46,Cost loss,11,0.14776121079921722
GAS,BAD,UCB_WITHOUT_VAE_UNCERTAINTY,46,Cost loss,12,0.14710178971290588
GAS,BAD,UCB_WITHOUT_VAE_UNCERTAINTY,46,Cost loss,13,0.1450510025024414
GAS,BAD,UCB_WITHOUT_VAE_UNCERTAINTY,46,Cost loss,14,0.14447960257530212
GAS,BAD,UCB_WITHOUT_VAE_UNCERTAINTY,46,Cost loss,15,0.14338243007659912
GAS,BAD,UCB_WITHOUT_VAE_UNCERTAINTY,46,Cost loss,16,0.13952672481536865
GAS,BAD,UCB_WITHOUT_VAE_UNCERTAINTY,46,Cost loss,17,0.13885712623596191
GAS,BAD,UCB_WITHOUT_VAE_UNCERTAINTY,46,Cost loss,18,0.13815820217132568
GAS,BAD,UCB_WITHOUT_VAE_UNCERTAINTY,46,Cost loss,19,0.13716749846935272
GAS,BAD,UCB_WITHOUT_VAE_UNCERTAINTY,46,Cost loss,20,0.13546434044837952
GAS,BAD,UCB_WITHOUT_VAE_UNCERTAINTY,46,Cost loss,21,0.1339651197195053
GAS,BAD,UCB_WITHOUT_VAE_UNCERTAINTY,46,Cost loss,22,0.1328127682209015
GAS,BAD,UCB_WITHOUT_VAE_UNCERTAINTY,46,Cost loss,23,0.12964493036270142
GAS,BAD,UCB_WITHOUT_VAE_UNCERTAINTY,46,Cost loss,24,0.12965425848960876
GAS,BAD,UCB_WITHOUT_VAE_UNCERTAINTY,46,Cost loss,25,0.12609073519706726
GAS,BAD,UCB_WITHOUT_VAE_UNCERTAINTY,46,Cost loss,26,0.12348215281963348
GAS,BAD,UCB_WITHOUT_VAE_UNCERTAINTY,46,Cost loss,27,0.1254667341709137
GAS,BAD,UCB_WITHOUT_VAE_UNCERTAINTY,46,Cost loss,28,0.12307298928499222
GAS,BAD,UCB_WITHOUT_VAE_UNCERTAINTY,46,Cost loss,29,0.12145575135946274
GAS,BAD,UCB_WITHOUT_VAE_UNCERTAINTY,46,Cost loss,30,0.12105366587638855
GAS,BAD,UCB_WITHOUT_VAE_UNCERTAINTY,46,Cost loss,31,0.11965270340442657
GAS,BAD,UCB_WITHOUT_VAE_UNCERTAINTY,46,Cost loss,32,0.11590780317783356
GAS,BAD,UCB_WITHOUT_VAE_UNCERTAINTY,46,Cost loss,33,0.11570616066455841
GAS,BAD,UCB_WITHOUT_VAE_UNCERTAINTY,46,Cost loss,34,0.11519423127174377
GAS,BAD,UCB_WITHOUT_VAE_UNCERTAINTY,46,Cost loss,35,0.11247580498456955
GAS,BAD,UCB_WITHOUT_VAE_UNCERTAINTY,46,Cost loss,36,0.11232529580593109
GAS,BAD,UCB_WITHOUT_VAE_UNCERTAINTY,46,Cost loss,37,0.11029262095689774
GAS,BAD,UCB_WITHOUT_VAE_UNCERTAINTY,46,Cost loss,38,0.10546883940696716
GAS,BAD,UCB_WITHOUT_VAE_UNCERTAINTY,46,Cost loss,39,0.10696577280759811
GAS,BAD,UCB_WITHOUT_VAE_UNCERTAINTY,46,Cost loss,40,0.10717202723026276
GAS,BAD,UCB_WITHOUT_VAE_UNCERTAINTY,46,Cost loss,41,0.10417114198207855
GAS,BAD,UCB_WITHOUT_VAE_UNCERTAINTY,46,Cost loss,42,0.10527420043945312
GAS,BAD,UCB_WITHOUT_VAE_UNCERTAINTY,46,Cost loss,43,0.10516779124736786
GAS,BAD,UCB_WITHOUT_VAE_UNCERTAINTY,46,Cost loss,44,0.10226815938949585
GAS,BAD,UCB_WITHOUT_VAE_UNCERTAINTY,46,Cost loss,45,0.10102584213018417
GAS,BAD,UCB_WITHOUT_VAE_UNCERTAINTY,46,Cost loss,46,0.10094202309846878
GAS,BAD,UCB_WITHOUT_VAE_UNCERTAINTY,46,Cost loss,47,0.10065965354442596
GAS,BAD,UCB_WITHOUT_VAE_UNCERTAINTY,46,Cost loss,48,0.0957849845290184
GAS,BAD,UCB_WITHOUT_VAE_UNCERTAINTY,46,Cost loss,49,0.09581737965345383
GAS,BAD,UCB_WITHOUT_VAE_UNCERTAINTY,46,Cost loss,50,0.09516407549381256
GAS,BAD,UCB_WITHOUT_VAE_UNCERTAINTY,46,Cost loss,51,0.09511347115039825
GAS,BAD,UCB_WITHOUT_VAE_UNCERTAINTY,46,Cost loss,52,0.09179703891277313
GAS,BAD,UCB_WITHOUT_VAE_UNCERTAINTY,46,Cost loss,53,0.09262700378894806
GAS,BAD,UCB_WITHOUT_VAE_UNCERTAINTY,46,Cost loss,54,0.09181198477745056
GAS,BAD,UCB_WITHOUT_VAE_UNCERTAINTY,46,Cost loss,55,0.08856840431690216
GAS,BAD,UCB_WITHOUT_VAE_UNCERTAINTY,46,Cost loss,56,0.08967511355876923
GAS,BAD,UCB_WITHOUT_VAE_UNCERTAINTY,46,Cost loss,57,0.08653148263692856
GAS,BAD,UCB_WITHOUT_VAE_UNCERTAINTY,46,Cost loss,58,0.08819850534200668
GAS,BAD,UCB_WITHOUT_VAE_UNCERTAINTY,46,Cost loss,59,0.08507409691810608
GAS,BAD,UCB_WITHOUT_VAE_UNCERTAINTY,46,Cost loss,60,0.08493037521839142
GAS,BAD,UCB_WITHOUT_VAE_UNCERTAINTY,46,Cost loss,61,0.08421287685632706
GAS,BAD,UCB_WITHOUT_VAE_UNCERTAINTY,46,Cost loss,62,0.08217299729585648
GAS,BAD,UCB_WITHOUT_VAE_UNCERTAINTY,46,Cost loss,63,0.08043200522661209
GAS,BAD,UCB_WITHOUT_VAE_UNCERTAINTY,46,Cost loss,64,0.08095017075538635
GAS,BAD,UCB_WITHOUT_VAE_UNCERTAINTY,46,Cost loss,65,0.07894068956375122
GAS,BAD,UCB_WITHOUT_VAE_UNCERTAINTY,46,Cost loss,66,0.07838105410337448
GAS,BAD,UCB_WITHOUT_VAE_UNCERTAINTY,46,Cost loss,67,0.07703778147697449
GAS,BAD,UCB_WITHOUT_VAE_UNCERTAINTY,46,Cost loss,68,0.07678523659706116
GAS,BAD,UCB_WITHOUT_VAE_UNCERTAINTY,46,Cost loss,69,0.0742451399564743
GAS,BAD,UCB_WITHOUT_VAE_UNCERTAINTY,46,Cost loss,70,0.07364079356193542
GAS,BAD,UCB_WITHOUT_VAE_UNCERTAINTY,46,Cost loss,71,0.07513086497783661
GAS,BAD,UCB_WITHOUT_VAE_UNCERTAINTY,46,Cost loss,72,0.07425814867019653
GAS,BAD,UCB_WITHOUT_VAE_UNCERTAINTY,46,Cost loss,73,0.07056044787168503
GAS,BAD,UCB_WITHOUT_VAE_UNCERTAINTY,46,Cost loss,74,0.07147236913442612
GAS,BAD,UCB_WITHOUT_VAE_UNCERTAINTY,46,Cost loss,75,0.06924788653850555
GAS,BAD,UCB_WITHOUT_VAE_UNCERTAINTY,46,Cost loss,76,0.06831173598766327
GAS,BAD,UCB_WITHOUT_VAE_UNCERTAINTY,46,Cost loss,77,0.06669823825359344
GAS,BAD,UCB_WITHOUT_VAE_UNCERTAINTY,46,Cost loss,78,0.06895133852958679
GAS,BAD,UCB_WITHOUT_VAE_UNCERTAINTY,46,Cost loss,79,0.06545275449752808
GAS,BAD,UCB_WITHOUT_VAE_UNCERTAINTY,46,Cost loss,80,0.06373430788516998
GAS,BAD,UCB_WITHOUT_VAE_UNCERTAINTY,46,Cost loss,81,0.06463170051574707
GAS,BAD,UCB_WITHOUT_VAE_UNCERTAINTY,46,Cost loss,82,0.0640731081366539
GAS,BAD,UCB_WITHOUT_VAE_UNCERTAINTY,46,Cost loss,83,0.06114332005381584
GAS,BAD,UCB_WITHOUT_VAE_UNCERTAINTY,46,Cost loss,84,0.061885274946689606
GAS,BAD,UCB_WITHOUT_VAE_UNCERTAINTY,46,Cost loss,85,0.060851383954286575
GAS,BAD,UCB_WITHOUT_VAE_UNCERTAINTY,46,Cost loss,86,0.059921957552433014
GAS,BAD,UCB_WITHOUT_VAE_UNCERTAINTY,46,Cost loss,87,0.058359988033771515
GAS,BAD,UCB_WITHOUT_VAE_UNCERTAINTY,46,Cost loss,88,0.0596618726849556
GAS,BAD,UCB_WITHOUT_VAE_UNCERTAINTY,46,Cost loss,89,0.05716497823596001
GAS,BAD,UCB_WITHOUT_VAE_UNCERTAINTY,46,Cost loss,90,0.05932983011007309
GAS,BAD,UCB_WITHOUT_VAE_UNCERTAINTY,46,Cost loss,91,0.05455312505364418
GAS,BAD,UCB_WITHOUT_VAE_UNCERTAINTY,46,Cost loss,92,0.05635049194097519
GAS,BAD,UCB_WITHOUT_VAE_UNCERTAINTY,46,Cost loss,93,0.05437694489955902
GAS,BAD,UCB_WITHOUT_VAE_UNCERTAINTY,46,Cost loss,94,0.0532284751534462
GAS,BAD,UCB_WITHOUT_VAE_UNCERTAINTY,46,Cost loss,95,0.05157075077295303
GAS,BAD,UCB_WITHOUT_VAE_UNCERTAINTY,46,Cost loss,96,0.052672915160655975
GAS,BAD,UCB_WITHOUT_VAE_UNCERTAINTY,46,Cost loss,97,0.051282331347465515
GAS,BAD,UCB_WITHOUT_VAE_UNCERTAINTY,46,Cost loss,98,0.049301981925964355
GAS,BAD,UCB_WITHOUT_VAE_UNCERTAINTY,46,Cost loss,99,0.05175326019525528
GAS,BAD,UCB_WITHOUT_VAE_UNCERTAINTY,46,Cost loss,100,0.04917316511273384
GAS,BAD,UCB_WITHOUT_VAE_UNCERTAINTY,46,Cost loss,101,0.04792728275060654
GAS,BAD,UCB_WITHOUT_VAE_UNCERTAINTY,46,Cost loss,102,0.049192242324352264
GAS,BAD,UCB_WITHOUT_VAE_UNCERTAINTY,46,Cost loss,103,0.04974830895662308
GAS,BAD,UCB_WITHOUT_VAE_UNCERTAINTY,46,Cost loss,104,0.04988854005932808
GAS,BAD,UCB_WITHOUT_VAE_UNCERTAINTY,46,Cost loss,105,0.047681909054517746
GAS,BAD,UCB_WITHOUT_VAE_UNCERTAINTY,46,Cost loss,106,0.047563694417476654
GAS,BAD,UCB_WITHOUT_VAE_UNCERTAINTY,46,Cost loss,107,0.047319911420345306
GAS,BAD,UCB_WITHOUT_VAE_UNCERTAINTY,46,Cost loss,108,0.04567214846611023
GAS,BAD,UCB_WITHOUT_VAE_UNCERTAINTY,46,Cost loss,109,0.04598185047507286
GAS,BAD,UCB_WITHOUT_VAE_UNCERTAINTY,46,Cost loss,110,0.04352471977472305
GAS,BAD,UCB_WITHOUT_VAE_UNCERTAINTY,46,Cost loss,111,0.04454929381608963
GAS,BAD,UCB_WITHOUT_VAE_UNCERTAINTY,46,Cost loss,112,0.044249288737773895
GAS,BAD,UCB_WITHOUT_VAE_UNCERTAINTY,46,Cost loss,113,0.04409679397940636
GAS,BAD,UCB_WITHOUT_VAE_UNCERTAINTY,46,Cost loss,114,0.041468545794487
GAS,BAD,UCB_WITHOUT_VAE_UNCERTAINTY,46,Cost loss,115,0.04277390241622925
GAS,BAD,UCB_WITHOUT_VAE_UNCERTAINTY,46,Cost loss,116,0.041072871536016464
GAS,BAD,UCB_WITHOUT_VAE_UNCERTAINTY,46,Cost loss,117,0.03977474942803383
GAS,BAD,UCB_WITHOUT_VAE_UNCERTAINTY,46,Cost loss,118,0.04048420488834381
GAS,BAD,UCB_WITHOUT_VAE_UNCERTAINTY,46,Cost loss,119,0.03849155083298683
GAS,BAD,UCB_WITHOUT_VAE_UNCERTAINTY,46,Cost loss,120,0.038876354694366455
GAS,BAD,UCB_WITHOUT_VAE_UNCERTAINTY,46,Cost loss,121,0.03897766023874283
GAS,BAD,UCB_WITHOUT_VAE_UNCERTAINTY,46,Cost loss,122,0.03596504032611847
GAS,BAD,UCB_WITHOUT_VAE_UNCERTAINTY,46,Cost loss,123,0.035763055086135864
GAS,BAD,UCB_WITHOUT_VAE_UNCERTAINTY,46,Cost loss,124,0.03313298895955086
GAS,BAD,UCB_WITHOUT_VAE_UNCERTAINTY,46,Cost loss,125,0.033876463770866394
GAS,BAD,UCB_WITHOUT_VAE_UNCERTAINTY,46,Cost loss,126,0.03363984450697899
GAS,BAD,UCB_WITHOUT_VAE_UNCERTAINTY,46,Cost loss,127,0.03146356716752052
GAS,BAD,UCB_WITHOUT_VAE_UNCERTAINTY,46,Cost loss,128,0.030872371047735214
GAS,BAD,UCB_WITHOUT_VAE_UNCERTAINTY,46,Cost loss,129,0.02945803478360176
GAS,BAD,UCB_WITHOUT_VAE_UNCERTAINTY,46,Cost loss,130,0.028751889243721962
GAS,BAD,UCB_WITHOUT_VAE_UNCERTAINTY,46,Cost loss,131,0.027967778965830803
GAS,BAD,UCB_WITHOUT_VAE_UNCERTAINTY,46,Cost loss,132,0.027091393247246742
GAS,BAD,UCB_WITHOUT_VAE_UNCERTAINTY,46,Cost loss,133,0.026045605540275574
GAS,BAD,UCB_WITHOUT_VAE_UNCERTAINTY,46,Cost loss,134,0.02507486194372177
GAS,BAD,UCB_WITHOUT_VAE_UNCERTAINTY,46,Cost loss,135,0.02463138848543167
GAS,BAD,UCB_WITHOUT_VAE_UNCERTAINTY,46,Cost loss,136,0.024412043392658234
GAS,BAD,UCB_WITHOUT_VAE_UNCERTAINTY,46,Cost loss,137,0.024819310754537582
GAS,BAD,UCB_WITHOUT_VAE_UNCERTAINTY,46,Cost loss,138,0.02389906719326973
GAS,BAD,UCB_WITHOUT_VAE_UNCERTAINTY,46,Cost loss,139,0.022789012640714645
GAS,BAD,UCB_WITHOUT_VAE_UNCERTAINTY,46,Cost loss,140,0.023112475872039795
GAS,BAD,UCB_WITHOUT_VAE_UNCERTAINTY,46,Cost loss,141,0.021754296496510506
GAS,BAD,UCB_WITHOUT_VAE_UNCERTAINTY,46,Cost loss,142,0.021182704716920853
GAS,BAD,UCB_WITHOUT_VAE_UNCERTAINTY,46,Cost loss,143,0.020671317353844643
GAS,BAD,UCB_WITHOUT_VAE_UNCERTAINTY,46,Cost loss,144,0.020920878276228905
GAS,BAD,UCB_WITHOUT_VAE_UNCERTAINTY,47,Q loss,0,0.03815498948097229
GAS,BAD,UCB_WITHOUT_VAE_UNCERTAINTY,47,Q loss,1,0.021792490035295486
GAS,BAD,UCB_WITHOUT_VAE_UNCERTAINTY,47,Q loss,2,0.02655293233692646
GAS,BAD,UCB_WITHOUT_VAE_UNCERTAINTY,47,Q loss,3,0.016632847487926483
GAS,BAD,UCB_WITHOUT_VAE_UNCERTAINTY,47,Q loss,4,0.021907787770032883
GAS,BAD,UCB_WITHOUT_VAE_UNCERTAINTY,47,Q loss,5,0.019914880394935608
GAS,BAD,UCB_WITHOUT_VAE_UNCERTAINTY,47,Q loss,6,0.032411009073257446
GAS,BAD,UCB_WITHOUT_VAE_UNCERTAINTY,47,Q loss,7,0.02241460233926773
GAS,BAD,UCB_WITHOUT_VAE_UNCERTAINTY,47,Q loss,8,0.026097171008586884
GAS,BAD,UCB_WITHOUT_VAE_UNCERTAINTY,47,Q loss,9,0.0290533397346735
GAS,BAD,UCB_WITHOUT_VAE_UNCERTAINTY,47,Q loss,10,0.031145526096224785
GAS,BAD,UCB_WITHOUT_VAE_UNCERTAINTY,47,Q loss,11,0.025982124730944633
GAS,BAD,UCB_WITHOUT_VAE_UNCERTAINTY,47,Q loss,12,0.033418960869312286
GAS,BAD,UCB_WITHOUT_VAE_UNCERTAINTY,47,Q loss,13,0.031005816534161568
GAS,BAD,UCB_WITHOUT_VAE_UNCERTAINTY,47,Q loss,14,0.022831197828054428
GAS,BAD,UCB_WITHOUT_VAE_UNCERTAINTY,47,Q loss,15,0.026901520788669586
GAS,BAD,UCB_WITHOUT_VAE_UNCERTAINTY,47,Q loss,16,0.033601537346839905
GAS,BAD,UCB_WITHOUT_VAE_UNCERTAINTY,47,Q loss,17,0.06328888982534409
GAS,BAD,UCB_WITHOUT_VAE_UNCERTAINTY,47,Q loss,18,0.03533848002552986
GAS,BAD,UCB_WITHOUT_VAE_UNCERTAINTY,47,Q loss,19,0.030691683292388916
GAS,BAD,UCB_WITHOUT_VAE_UNCERTAINTY,47,Q loss,20,0.034624382853507996
GAS,BAD,UCB_WITHOUT_VAE_UNCERTAINTY,47,Q loss,21,0.03438568115234375
GAS,BAD,UCB_WITHOUT_VAE_UNCERTAINTY,47,Q loss,22,0.027729414403438568
GAS,BAD,UCB_WITHOUT_VAE_UNCERTAINTY,47,Q loss,23,0.03359236568212509
GAS,BAD,UCB_WITHOUT_VAE_UNCERTAINTY,47,Q loss,24,0.03464849293231964
GAS,BAD,UCB_WITHOUT_VAE_UNCERTAINTY,47,Q loss,25,0.027885721996426582
GAS,BAD,UCB_WITHOUT_VAE_UNCERTAINTY,47,Q loss,26,0.03068123199045658
GAS,BAD,UCB_WITHOUT_VAE_UNCERTAINTY,47,Q loss,27,0.028094913810491562
GAS,BAD,UCB_WITHOUT_VAE_UNCERTAINTY,47,Q loss,28,0.03771926090121269
GAS,BAD,UCB_WITHOUT_VAE_UNCERTAINTY,47,Q loss,29,0.032764703035354614
GAS,BAD,UCB_WITHOUT_VAE_UNCERTAINTY,47,Q loss,30,0.022260908037424088
GAS,BAD,UCB_WITHOUT_VAE_UNCERTAINTY,47,Q loss,31,0.03591281175613403
GAS,BAD,UCB_WITHOUT_VAE_UNCERTAINTY,47,Q loss,32,0.031423419713974
GAS,BAD,UCB_WITHOUT_VAE_UNCERTAINTY,47,Q loss,33,0.02717980369925499
GAS,BAD,UCB_WITHOUT_VAE_UNCERTAINTY,47,Q loss,34,0.040593601763248444
GAS,BAD,UCB_WITHOUT_VAE_UNCERTAINTY,47,Q loss,35,0.037559233605861664
GAS,BAD,UCB_WITHOUT_VAE_UNCERTAINTY,47,Q loss,36,0.034601833671331406
GAS,BAD,UCB_WITHOUT_VAE_UNCERTAINTY,47,Q loss,37,0.028798554092645645
GAS,BAD,UCB_WITHOUT_VAE_UNCERTAINTY,47,Q loss,38,0.02338305488228798
GAS,BAD,UCB_WITHOUT_VAE_UNCERTAINTY,47,Q loss,39,0.03582753986120224
GAS,BAD,UCB_WITHOUT_VAE_UNCERTAINTY,47,Q loss,40,0.02377796173095703
GAS,BAD,UCB_WITHOUT_VAE_UNCERTAINTY,47,Q loss,41,0.031254012137651443
GAS,BAD,UCB_WITHOUT_VAE_UNCERTAINTY,47,Q loss,42,0.03440925478935242
GAS,BAD,UCB_WITHOUT_VAE_UNCERTAINTY,47,Q loss,43,0.02534937486052513
GAS,BAD,UCB_WITHOUT_VAE_UNCERTAINTY,47,Q loss,44,0.036281656473875046
GAS,BAD,UCB_WITHOUT_VAE_UNCERTAINTY,47,Q loss,45,0.02960885316133499
GAS,BAD,UCB_WITHOUT_VAE_UNCERTAINTY,47,Q loss,46,0.03130225092172623
GAS,BAD,UCB_WITHOUT_VAE_UNCERTAINTY,47,Q loss,47,0.03224877268075943
GAS,BAD,UCB_WITHOUT_VAE_UNCERTAINTY,47,Q loss,48,0.028388042002916336
GAS,BAD,UCB_WITHOUT_VAE_UNCERTAINTY,47,Q loss,49,0.03159143030643463
GAS,BAD,UCB_WITHOUT_VAE_UNCERTAINTY,47,Q loss,50,0.031996577978134155
GAS,BAD,UCB_WITHOUT_VAE_UNCERTAINTY,47,Q loss,51,0.024945711717009544
GAS,BAD,UCB_WITHOUT_VAE_UNCERTAINTY,47,Q loss,52,0.023731032386422157
GAS,BAD,UCB_WITHOUT_VAE_UNCERTAINTY,47,Q loss,53,0.02728673815727234
GAS,BAD,UCB_WITHOUT_VAE_UNCERTAINTY,47,Q loss,54,0.03311130404472351
GAS,BAD,UCB_WITHOUT_VAE_UNCERTAINTY,47,Q loss,55,0.029758160933852196
GAS,BAD,UCB_WITHOUT_VAE_UNCERTAINTY,47,Q loss,56,0.021765388548374176
GAS,BAD,UCB_WITHOUT_VAE_UNCERTAINTY,47,Q loss,57,0.024007003754377365
GAS,BAD,UCB_WITHOUT_VAE_UNCERTAINTY,47,Q loss,58,0.02704814076423645
GAS,BAD,UCB_WITHOUT_VAE_UNCERTAINTY,47,Q loss,59,0.025459129363298416
GAS,BAD,UCB_WITHOUT_VAE_UNCERTAINTY,47,Q loss,60,0.0335688553750515
GAS,BAD,UCB_WITHOUT_VAE_UNCERTAINTY,47,Q loss,61,0.02193434350192547
GAS,BAD,UCB_WITHOUT_VAE_UNCERTAINTY,47,Q loss,62,0.02765180915594101
GAS,BAD,UCB_WITHOUT_VAE_UNCERTAINTY,47,Q loss,63,0.024863090366125107
GAS,BAD,UCB_WITHOUT_VAE_UNCERTAINTY,47,Q loss,64,0.03464710712432861
GAS,BAD,UCB_WITHOUT_VAE_UNCERTAINTY,47,Q loss,65,0.02351270616054535
GAS,BAD,UCB_WITHOUT_VAE_UNCERTAINTY,47,Q loss,66,0.025646425783634186
GAS,BAD,UCB_WITHOUT_VAE_UNCERTAINTY,47,Q loss,67,0.03619728237390518
GAS,BAD,UCB_WITHOUT_VAE_UNCERTAINTY,47,Q loss,68,0.021066874265670776
GAS,BAD,UCB_WITHOUT_VAE_UNCERTAINTY,47,Q loss,69,0.03355574607849121
GAS,BAD,UCB_WITHOUT_VAE_UNCERTAINTY,47,Q loss,70,0.02234594151377678
GAS,BAD,UCB_WITHOUT_VAE_UNCERTAINTY,47,Q loss,71,0.02022671326994896
GAS,BAD,UCB_WITHOUT_VAE_UNCERTAINTY,47,Q loss,72,0.03121063858270645
GAS,BAD,UCB_WITHOUT_VAE_UNCERTAINTY,47,Q loss,73,0.023939548060297966
GAS,BAD,UCB_WITHOUT_VAE_UNCERTAINTY,47,Q loss,74,0.02835387922823429
GAS,BAD,UCB_WITHOUT_VAE_UNCERTAINTY,47,Q loss,75,0.02277245745062828
GAS,BAD,UCB_WITHOUT_VAE_UNCERTAINTY,47,Q loss,76,0.017458857968449593
GAS,BAD,UCB_WITHOUT_VAE_UNCERTAINTY,47,Q loss,77,0.0288615133613348
GAS,BAD,UCB_WITHOUT_VAE_UNCERTAINTY,47,Q loss,78,0.03102010115981102
GAS,BAD,UCB_WITHOUT_VAE_UNCERTAINTY,47,Q loss,79,0.022235117852687836
GAS,BAD,UCB_WITHOUT_VAE_UNCERTAINTY,47,Q loss,80,0.028359219431877136
GAS,BAD,UCB_WITHOUT_VAE_UNCERTAINTY,47,Q loss,81,0.027956845238804817
GAS,BAD,UCB_WITHOUT_VAE_UNCERTAINTY,47,Q loss,82,0.021451830863952637
GAS,BAD,UCB_WITHOUT_VAE_UNCERTAINTY,47,Q loss,83,0.025206927210092545
GAS,BAD,UCB_WITHOUT_VAE_UNCERTAINTY,47,Q loss,84,0.0166475772857666
GAS,BAD,UCB_WITHOUT_VAE_UNCERTAINTY,47,Q loss,85,0.02277929149568081
GAS,BAD,UCB_WITHOUT_VAE_UNCERTAINTY,47,Q loss,86,0.02568110078573227
GAS,BAD,UCB_WITHOUT_VAE_UNCERTAINTY,47,Q loss,87,0.02991606667637825
GAS,BAD,UCB_WITHOUT_VAE_UNCERTAINTY,47,Q loss,88,0.021460015326738358
GAS,BAD,UCB_WITHOUT_VAE_UNCERTAINTY,47,Q loss,89,0.03139295056462288
GAS,BAD,UCB_WITHOUT_VAE_UNCERTAINTY,47,Q loss,90,0.026815950870513916
GAS,BAD,UCB_WITHOUT_VAE_UNCERTAINTY,47,Q loss,91,0.021207064390182495
GAS,BAD,UCB_WITHOUT_VAE_UNCERTAINTY,47,Q loss,92,0.02395741268992424
GAS,BAD,UCB_WITHOUT_VAE_UNCERTAINTY,47,Q loss,93,0.02764306031167507
GAS,BAD,UCB_WITHOUT_VAE_UNCERTAINTY,47,Q loss,94,0.009149925783276558
GAS,BAD,UCB_WITHOUT_VAE_UNCERTAINTY,47,Q loss,95,0.01917893812060356
GAS,BAD,UCB_WITHOUT_VAE_UNCERTAINTY,47,Q loss,96,0.026296306401491165
GAS,BAD,UCB_WITHOUT_VAE_UNCERTAINTY,47,Q loss,97,0.0168022308498621
GAS,BAD,UCB_WITHOUT_VAE_UNCERTAINTY,47,Q loss,98,0.01998196355998516
GAS,BAD,UCB_WITHOUT_VAE_UNCERTAINTY,47,Q loss,99,0.023003628477454185
GAS,BAD,UCB_WITHOUT_VAE_UNCERTAINTY,47,Q loss,100,0.021193373948335648
GAS,BAD,UCB_WITHOUT_VAE_UNCERTAINTY,47,Q loss,101,0.016952835023403168
GAS,BAD,UCB_WITHOUT_VAE_UNCERTAINTY,47,Q loss,102,0.018572472035884857
GAS,BAD,UCB_WITHOUT_VAE_UNCERTAINTY,47,Q loss,103,0.019862085580825806
GAS,BAD,UCB_WITHOUT_VAE_UNCERTAINTY,47,Q loss,104,0.017640676349401474
GAS,BAD,UCB_WITHOUT_VAE_UNCERTAINTY,47,Q loss,105,0.01606738567352295
GAS,BAD,UCB_WITHOUT_VAE_UNCERTAINTY,47,Q loss,106,0.020058590918779373
GAS,BAD,UCB_WITHOUT_VAE_UNCERTAINTY,47,Q loss,107,0.04577259346842766
GAS,BAD,UCB_WITHOUT_VAE_UNCERTAINTY,47,Q loss,108,0.019314326345920563
GAS,BAD,UCB_WITHOUT_VAE_UNCERTAINTY,47,Q loss,109,0.017783723771572113
GAS,BAD,UCB_WITHOUT_VAE_UNCERTAINTY,47,Q loss,110,0.02264002338051796
GAS,BAD,UCB_WITHOUT_VAE_UNCERTAINTY,47,Q loss,111,0.015803078189492226
GAS,BAD,UCB_WITHOUT_VAE_UNCERTAINTY,47,Q loss,112,0.012910413555800915
GAS,BAD,UCB_WITHOUT_VAE_UNCERTAINTY,47,Q loss,113,0.01775682345032692
GAS,BAD,UCB_WITHOUT_VAE_UNCERTAINTY,47,Q loss,114,0.027280356734991074
GAS,BAD,UCB_WITHOUT_VAE_UNCERTAINTY,47,Q loss,115,0.0170673206448555
GAS,BAD,UCB_WITHOUT_VAE_UNCERTAINTY,47,Q loss,116,0.026283904910087585
GAS,BAD,UCB_WITHOUT_VAE_UNCERTAINTY,47,Q loss,117,0.014893438667058945
GAS,BAD,UCB_WITHOUT_VAE_UNCERTAINTY,47,Q loss,118,0.013785927556455135
GAS,BAD,UCB_WITHOUT_VAE_UNCERTAINTY,47,Q loss,119,0.015717297792434692
GAS,BAD,UCB_WITHOUT_VAE_UNCERTAINTY,47,Q loss,120,0.017278695479035378
GAS,BAD,UCB_WITHOUT_VAE_UNCERTAINTY,47,Q loss,121,0.015155068598687649
GAS,BAD,UCB_WITHOUT_VAE_UNCERTAINTY,47,Q loss,122,0.018889475613832474
GAS,BAD,UCB_WITHOUT_VAE_UNCERTAINTY,47,Q loss,123,0.007822602055966854
GAS,BAD,UCB_WITHOUT_VAE_UNCERTAINTY,47,Q loss,124,0.012032745406031609
GAS,BAD,UCB_WITHOUT_VAE_UNCERTAINTY,47,Q loss,125,0.031415682286024094
GAS,BAD,UCB_WITHOUT_VAE_UNCERTAINTY,47,Q loss,126,0.016298100352287292
GAS,BAD,UCB_WITHOUT_VAE_UNCERTAINTY,47,Q loss,127,0.009927104227244854
GAS,BAD,UCB_WITHOUT_VAE_UNCERTAINTY,47,Q loss,128,0.01455303467810154
GAS,BAD,UCB_WITHOUT_VAE_UNCERTAINTY,47,Q loss,129,0.012072093784809113
GAS,BAD,UCB_WITHOUT_VAE_UNCERTAINTY,47,Q loss,130,0.01056863646954298
GAS,BAD,UCB_WITHOUT_VAE_UNCERTAINTY,47,Q loss,131,0.013789443299174309
GAS,BAD,UCB_WITHOUT_VAE_UNCERTAINTY,47,Q loss,132,0.011704126372933388
GAS,BAD,UCB_WITHOUT_VAE_UNCERTAINTY,47,Q loss,133,0.017474465072155
GAS,BAD,UCB_WITHOUT_VAE_UNCERTAINTY,47,Q loss,134,0.015592190437018871
GAS,BAD,UCB_WITHOUT_VAE_UNCERTAINTY,47,Q loss,135,0.01424923911690712
GAS,BAD,UCB_WITHOUT_VAE_UNCERTAINTY,47,Q loss,136,0.017004821449518204
GAS,BAD,UCB_WITHOUT_VAE_UNCERTAINTY,47,Q loss,137,0.011258373968303204
GAS,BAD,UCB_WITHOUT_VAE_UNCERTAINTY,47,Q loss,138,0.00823298841714859
GAS,BAD,UCB_WITHOUT_VAE_UNCERTAINTY,47,Q loss,139,0.010192224755883217
GAS,BAD,UCB_WITHOUT_VAE_UNCERTAINTY,47,Q loss,140,0.020478734746575356
GAS,BAD,UCB_WITHOUT_VAE_UNCERTAINTY,47,Q loss,141,0.010868585668504238
GAS,BAD,UCB_WITHOUT_VAE_UNCERTAINTY,47,Q loss,142,0.0070444149896502495
GAS,BAD,UCB_WITHOUT_VAE_UNCERTAINTY,47,Q loss,143,0.027417561039328575
GAS,BAD,UCB_WITHOUT_VAE_UNCERTAINTY,47,Q loss,144,0.021623004227876663
GAS,BAD,UCB_WITHOUT_VAE_UNCERTAINTY,47,Q loss,145,0.010557292029261589
GAS,BAD,UCB_WITHOUT_VAE_UNCERTAINTY,47,Q loss,146,0.008018994703888893
GAS,BAD,UCB_WITHOUT_VAE_UNCERTAINTY,47,Q loss,147,0.013470200821757317
GAS,BAD,UCB_WITHOUT_VAE_UNCERTAINTY,47,Q loss,148,0.008454682305455208
GAS,BAD,UCB_WITHOUT_VAE_UNCERTAINTY,47,Q loss,149,0.018103983253240585
GAS,BAD,UCB_WITHOUT_VAE_UNCERTAINTY,47,Q loss,150,0.015699101611971855
GAS,BAD,UCB_WITHOUT_VAE_UNCERTAINTY,47,Q loss,151,0.00675466563552618
GAS,BAD,UCB_WITHOUT_VAE_UNCERTAINTY,47,Q loss,152,0.013311801478266716
GAS,BAD,UCB_WITHOUT_VAE_UNCERTAINTY,47,Q loss,153,0.009585865773260593
GAS,BAD,UCB_WITHOUT_VAE_UNCERTAINTY,47,Q loss,154,0.008826607838273048
GAS,BAD,UCB_WITHOUT_VAE_UNCERTAINTY,47,Q loss,155,0.01876157522201538
GAS,BAD,UCB_WITHOUT_VAE_UNCERTAINTY,47,Q loss,156,0.008609676733613014
GAS,BAD,UCB_WITHOUT_VAE_UNCERTAINTY,47,Q loss,157,0.006350810639560223
GAS,BAD,UCB_WITHOUT_VAE_UNCERTAINTY,47,Q loss,158,0.009944569319486618
GAS,BAD,UCB_WITHOUT_VAE_UNCERTAINTY,47,Q loss,159,0.01515696570277214
GAS,BAD,UCB_WITHOUT_VAE_UNCERTAINTY,47,Q loss,160,0.01135541032999754
GAS,BAD,UCB_WITHOUT_VAE_UNCERTAINTY,47,Q loss,161,0.021446019411087036
GAS,BAD,UCB_WITHOUT_VAE_UNCERTAINTY,47,Q loss,162,0.00972469337284565
GAS,BAD,UCB_WITHOUT_VAE_UNCERTAINTY,47,Q loss,163,0.008589553646743298
GAS,BAD,UCB_WITHOUT_VAE_UNCERTAINTY,47,Q loss,164,0.009529697708785534
GAS,BAD,UCB_WITHOUT_VAE_UNCERTAINTY,47,Q loss,165,0.008827265352010727
GAS,BAD,UCB_WITHOUT_VAE_UNCERTAINTY,47,Q loss,166,0.003620707429945469
GAS,BAD,UCB_WITHOUT_VAE_UNCERTAINTY,47,Q loss,167,0.005258343182504177
GAS,BAD,UCB_WITHOUT_VAE_UNCERTAINTY,47,Q loss,168,0.009044317528605461
GAS,BAD,UCB_WITHOUT_VAE_UNCERTAINTY,47,Q loss,169,0.009938843548297882
GAS,BAD,UCB_WITHOUT_VAE_UNCERTAINTY,47,Q loss,170,0.010258538648486137
GAS,BAD,UCB_WITHOUT_VAE_UNCERTAINTY,47,Q loss,171,0.007659540511667728
GAS,BAD,UCB_WITHOUT_VAE_UNCERTAINTY,47,Q loss,172,0.009984387084841728
GAS,BAD,UCB_WITHOUT_VAE_UNCERTAINTY,47,Q loss,173,0.00904181320220232
GAS,BAD,UCB_WITHOUT_VAE_UNCERTAINTY,47,Q loss,174,0.012533395551145077
GAS,BAD,UCB_WITHOUT_VAE_UNCERTAINTY,47,Q loss,175,0.0074228402227163315
GAS,BAD,UCB_WITHOUT_VAE_UNCERTAINTY,47,Q loss,176,0.012341562658548355
GAS,BAD,UCB_WITHOUT_VAE_UNCERTAINTY,47,Q loss,177,0.007184839341789484
GAS,BAD,UCB_WITHOUT_VAE_UNCERTAINTY,47,Q loss,178,0.008264263160526752
GAS,BAD,UCB_WITHOUT_VAE_UNCERTAINTY,47,Q loss,179,0.012181062251329422
GAS,BAD,UCB_WITHOUT_VAE_UNCERTAINTY,47,Q loss,180,0.0076712341979146
GAS,BAD,UCB_WITHOUT_VAE_UNCERTAINTY,47,Q loss,181,0.009760633111000061
GAS,BAD,UCB_WITHOUT_VAE_UNCERTAINTY,47,Q loss,182,0.003990442957729101
GAS,BAD,UCB_WITHOUT_VAE_UNCERTAINTY,47,Q loss,183,0.011449630372226238
GAS,BAD,UCB_WITHOUT_VAE_UNCERTAINTY,47,Q loss,184,0.004515416454523802
GAS,BAD,UCB_WITHOUT_VAE_UNCERTAINTY,47,Q loss,185,0.006069723516702652
GAS,BAD,UCB_WITHOUT_VAE_UNCERTAINTY,47,Q loss,186,0.010367557406425476
GAS,BAD,UCB_WITHOUT_VAE_UNCERTAINTY,47,Q loss,187,0.005335048772394657
GAS,BAD,UCB_WITHOUT_VAE_UNCERTAINTY,47,Q loss,188,0.005823158193379641
GAS,BAD,UCB_WITHOUT_VAE_UNCERTAINTY,47,Q loss,189,0.0070755272172391415
GAS,BAD,UCB_WITHOUT_VAE_UNCERTAINTY,47,Q loss,190,0.011102201417088509
GAS,BAD,UCB_WITHOUT_VAE_UNCERTAINTY,47,Q loss,191,0.009008320048451424
GAS,BAD,UCB_WITHOUT_VAE_UNCERTAINTY,47,Q loss,192,0.007387957535684109
GAS,BAD,UCB_WITHOUT_VAE_UNCERTAINTY,47,Q loss,193,0.005908011458814144
GAS,BAD,UCB_WITHOUT_VAE_UNCERTAINTY,47,Q loss,194,0.011516200378537178
GAS,BAD,UCB_WITHOUT_VAE_UNCERTAINTY,47,Q loss,195,0.006359507329761982
GAS,BAD,UCB_WITHOUT_VAE_UNCERTAINTY,47,Q loss,196,0.0051726168021559715
GAS,BAD,UCB_WITHOUT_VAE_UNCERTAINTY,47,Q loss,197,0.009518061764538288
GAS,BAD,UCB_WITHOUT_VAE_UNCERTAINTY,47,Q loss,198,0.005044382996857166
GAS,BAD,UCB_WITHOUT_VAE_UNCERTAINTY,47,Q loss,199,0.003749786177650094
GAS,BAD,UCB_WITHOUT_VAE_UNCERTAINTY,47,Q loss,200,0.005845765583217144
GAS,BAD,UCB_WITHOUT_VAE_UNCERTAINTY,47,Q loss,201,0.003112014615908265
GAS,BAD,UCB_WITHOUT_VAE_UNCERTAINTY,47,Q loss,202,0.007062803953886032
GAS,BAD,UCB_WITHOUT_VAE_UNCERTAINTY,47,Q loss,203,0.005424961447715759
GAS,BAD,UCB_WITHOUT_VAE_UNCERTAINTY,47,Q loss,204,0.007895581424236298
GAS,BAD,UCB_WITHOUT_VAE_UNCERTAINTY,47,Q loss,205,0.003382680006325245
GAS,BAD,UCB_WITHOUT_VAE_UNCERTAINTY,47,Q loss,206,0.005770744755864143
GAS,BAD,UCB_WITHOUT_VAE_UNCERTAINTY,47,Q loss,207,0.010329140350222588
GAS,BAD,UCB_WITHOUT_VAE_UNCERTAINTY,47,Q loss,208,0.007946286350488663
GAS,BAD,UCB_WITHOUT_VAE_UNCERTAINTY,47,Q loss,209,0.005963431671261787
GAS,BAD,UCB_WITHOUT_VAE_UNCERTAINTY,47,Q loss,210,0.00852285511791706
GAS,BAD,UCB_WITHOUT_VAE_UNCERTAINTY,47,Q loss,211,0.0065355380065739155
GAS,BAD,UCB_WITHOUT_VAE_UNCERTAINTY,47,Q loss,212,0.0057228123769164085
GAS,BAD,UCB_WITHOUT_VAE_UNCERTAINTY,47,Q loss,213,0.007248452864587307
GAS,BAD,UCB_WITHOUT_VAE_UNCERTAINTY,47,Q loss,214,0.00432694423943758
GAS,BAD,UCB_WITHOUT_VAE_UNCERTAINTY,47,Q loss,215,0.007753836922347546
GAS,BAD,UCB_WITHOUT_VAE_UNCERTAINTY,47,Q loss,216,0.0032671394292265177
GAS,BAD,UCB_WITHOUT_VAE_UNCERTAINTY,47,Q loss,217,0.006983526516705751
GAS,BAD,UCB_WITHOUT_VAE_UNCERTAINTY,47,Q loss,218,0.002528691664338112
GAS,BAD,UCB_WITHOUT_VAE_UNCERTAINTY,47,Q loss,219,0.0033188227098435163
GAS,BAD,UCB_WITHOUT_VAE_UNCERTAINTY,47,Q loss,220,0.00713079608976841
GAS,BAD,UCB_WITHOUT_VAE_UNCERTAINTY,47,Q loss,221,0.004092153161764145
GAS,BAD,UCB_WITHOUT_VAE_UNCERTAINTY,47,Q loss,222,0.005783604457974434
GAS,BAD,UCB_WITHOUT_VAE_UNCERTAINTY,47,Q loss,223,0.00134479405824095
GAS,BAD,UCB_WITHOUT_VAE_UNCERTAINTY,47,Q loss,224,0.004121233709156513
GAS,BAD,UCB_WITHOUT_VAE_UNCERTAINTY,47,Q loss,225,0.004925953224301338
GAS,BAD,UCB_WITHOUT_VAE_UNCERTAINTY,47,Q loss,226,0.008145451545715332
GAS,BAD,UCB_WITHOUT_VAE_UNCERTAINTY,47,Q loss,227,0.009675907902419567
GAS,BAD,UCB_WITHOUT_VAE_UNCERTAINTY,47,Q loss,228,0.0023189825005829334
GAS,BAD,UCB_WITHOUT_VAE_UNCERTAINTY,47,Q loss,229,0.0033029571641236544
GAS,BAD,UCB_WITHOUT_VAE_UNCERTAINTY,47,Q loss,230,0.005059932824224234
GAS,BAD,UCB_WITHOUT_VAE_UNCERTAINTY,47,Q loss,231,0.004137995187193155
GAS,BAD,UCB_WITHOUT_VAE_UNCERTAINTY,47,Q loss,232,0.0022002272307872772
GAS,BAD,UCB_WITHOUT_VAE_UNCERTAINTY,47,Q loss,233,0.005366368684917688
GAS,BAD,UCB_WITHOUT_VAE_UNCERTAINTY,47,Q loss,234,0.001815397059544921
GAS,BAD,UCB_WITHOUT_VAE_UNCERTAINTY,47,Q loss,235,0.004633789416402578
GAS,BAD,UCB_WITHOUT_VAE_UNCERTAINTY,47,Q loss,236,0.00392521359026432
GAS,BAD,UCB_WITHOUT_VAE_UNCERTAINTY,47,Q loss,237,0.007526566740125418
GAS,BAD,UCB_WITHOUT_VAE_UNCERTAINTY,47,Q loss,238,0.005736362189054489
GAS,BAD,UCB_WITHOUT_VAE_UNCERTAINTY,47,Q loss,239,0.0013180889654904604
GAS,BAD,UCB_WITHOUT_VAE_UNCERTAINTY,47,Q loss,240,0.0029565910808742046
GAS,BAD,UCB_WITHOUT_VAE_UNCERTAINTY,47,Q loss,241,0.0027174062561243773
GAS,BAD,UCB_WITHOUT_VAE_UNCERTAINTY,47,Q loss,242,0.003762643551453948
GAS,BAD,UCB_WITHOUT_VAE_UNCERTAINTY,47,Q loss,243,0.003613489679992199
GAS,BAD,UCB_WITHOUT_VAE_UNCERTAINTY,47,Q loss,244,0.005613853223621845
GAS,BAD,UCB_WITHOUT_VAE_UNCERTAINTY,47,Q loss,245,0.003975792322307825
GAS,BAD,UCB_WITHOUT_VAE_UNCERTAINTY,47,Q loss,246,0.002897863741964102
GAS,BAD,UCB_WITHOUT_VAE_UNCERTAINTY,47,Q loss,247,0.003884559962898493
GAS,BAD,UCB_WITHOUT_VAE_UNCERTAINTY,47,Q loss,248,0.0047881100326776505
GAS,BAD,UCB_WITHOUT_VAE_UNCERTAINTY,47,Q loss,249,0.003018755465745926
GAS,BAD,UCB_WITHOUT_VAE_UNCERTAINTY,47,Q loss,250,0.005983446724712849
GAS,BAD,UCB_WITHOUT_VAE_UNCERTAINTY,47,Q loss,251,0.00496163684874773
GAS,BAD,UCB_WITHOUT_VAE_UNCERTAINTY,47,Q loss,252,0.01086340844631195
GAS,BAD,UCB_WITHOUT_VAE_UNCERTAINTY,47,Q loss,253,0.001201567822135985
GAS,BAD,UCB_WITHOUT_VAE_UNCERTAINTY,47,Q loss,254,0.004942514933645725
GAS,BAD,UCB_WITHOUT_VAE_UNCERTAINTY,47,Q loss,255,0.003339755814522505
GAS,BAD,UCB_WITHOUT_VAE_UNCERTAINTY,47,Q loss,256,0.0019010711694136262
GAS,BAD,UCB_WITHOUT_VAE_UNCERTAINTY,47,Q loss,257,0.0036039610859006643
GAS,BAD,UCB_WITHOUT_VAE_UNCERTAINTY,47,Q loss,258,0.008357507176697254
GAS,BAD,UCB_WITHOUT_VAE_UNCERTAINTY,47,Q loss,259,0.001049841521307826
GAS,BAD,UCB_WITHOUT_VAE_UNCERTAINTY,47,Q loss,260,0.0028036264702677727
GAS,BAD,UCB_WITHOUT_VAE_UNCERTAINTY,47,Q loss,261,0.0014033105690032244
GAS,BAD,UCB_WITHOUT_VAE_UNCERTAINTY,47,Q loss,262,0.0032875691540539265
GAS,BAD,UCB_WITHOUT_VAE_UNCERTAINTY,47,Q loss,263,0.007388656958937645
GAS,BAD,UCB_WITHOUT_VAE_UNCERTAINTY,47,Q loss,264,0.0027708157431334257
GAS,BAD,UCB_WITHOUT_VAE_UNCERTAINTY,47,Q loss,265,0.003980740904808044
GAS,BAD,UCB_WITHOUT_VAE_UNCERTAINTY,47,Q loss,266,0.003975303377956152
GAS,BAD,UCB_WITHOUT_VAE_UNCERTAINTY,47,Q loss,267,0.0021264548413455486
GAS,BAD,UCB_WITHOUT_VAE_UNCERTAINTY,47,Q loss,268,0.001725158654153347
GAS,BAD,UCB_WITHOUT_VAE_UNCERTAINTY,47,Q loss,269,0.006487558130174875
GAS,BAD,UCB_WITHOUT_VAE_UNCERTAINTY,47,Q loss,270,0.004521130584180355
GAS,BAD,UCB_WITHOUT_VAE_UNCERTAINTY,47,Q loss,271,0.004491027444601059
GAS,BAD,UCB_WITHOUT_VAE_UNCERTAINTY,47,Q loss,272,0.004695042967796326
GAS,BAD,UCB_WITHOUT_VAE_UNCERTAINTY,47,Q loss,273,0.005439344793558121
GAS,BAD,UCB_WITHOUT_VAE_UNCERTAINTY,47,Q loss,274,0.0015388410538434982
GAS,BAD,UCB_WITHOUT_VAE_UNCERTAINTY,47,Q loss,275,0.004071566741913557
GAS,BAD,UCB_WITHOUT_VAE_UNCERTAINTY,47,Q loss,276,0.0024924585595726967
GAS,BAD,UCB_WITHOUT_VAE_UNCERTAINTY,47,Q loss,277,0.0036704246886074543
GAS,BAD,UCB_WITHOUT_VAE_UNCERTAINTY,47,Q loss,278,0.0013539559440687299
GAS,BAD,UCB_WITHOUT_VAE_UNCERTAINTY,47,Q loss,279,0.0024512249510735273
GAS,BAD,UCB_WITHOUT_VAE_UNCERTAINTY,47,Q loss,280,0.002899422310292721
GAS,BAD,UCB_WITHOUT_VAE_UNCERTAINTY,47,Q loss,281,0.003325821366161108
GAS,BAD,UCB_WITHOUT_VAE_UNCERTAINTY,47,Q loss,282,0.0033597243018448353
GAS,BAD,UCB_WITHOUT_VAE_UNCERTAINTY,47,Q loss,283,0.004215174820274115
GAS,BAD,UCB_WITHOUT_VAE_UNCERTAINTY,47,Q loss,284,0.0041182991117239
GAS,BAD,UCB_WITHOUT_VAE_UNCERTAINTY,47,Q loss,285,0.006928452290594578
GAS,BAD,UCB_WITHOUT_VAE_UNCERTAINTY,47,Q loss,286,0.0015312822069972754
GAS,BAD,UCB_WITHOUT_VAE_UNCERTAINTY,47,Q loss,287,0.008246028795838356
GAS,BAD,UCB_WITHOUT_VAE_UNCERTAINTY,47,Q loss,288,0.004250402562320232
GAS,BAD,UCB_WITHOUT_VAE_UNCERTAINTY,47,Q loss,289,0.0021069953218102455
GAS,BAD,UCB_WITHOUT_VAE_UNCERTAINTY,47,Q loss,290,0.0027866987511515617
GAS,BAD,UCB_WITHOUT_VAE_UNCERTAINTY,47,Q loss,291,0.0013804386835545301
GAS,BAD,UCB_WITHOUT_VAE_UNCERTAINTY,47,Q loss,292,0.0027683055959641933
GAS,BAD,UCB_WITHOUT_VAE_UNCERTAINTY,47,Q loss,293,0.0037874351255595684
GAS,BAD,UCB_WITHOUT_VAE_UNCERTAINTY,47,Q loss,294,0.006497041322290897
GAS,BAD,UCB_WITHOUT_VAE_UNCERTAINTY,47,Q loss,295,0.0023488979786634445
GAS,BAD,UCB_WITHOUT_VAE_UNCERTAINTY,47,Q loss,296,0.00315083097666502
GAS,BAD,UCB_WITHOUT_VAE_UNCERTAINTY,47,Q loss,297,0.0059786345809698105
GAS,BAD,UCB_WITHOUT_VAE_UNCERTAINTY,47,Q loss,298,0.005726028699427843
GAS,BAD,UCB_WITHOUT_VAE_UNCERTAINTY,47,Q loss,299,0.005835264455527067
GAS,BAD,UCB_WITHOUT_VAE_UNCERTAINTY,47,Q loss,300,0.002728329971432686
GAS,BAD,UCB_WITHOUT_VAE_UNCERTAINTY,47,Q loss,301,0.005283540114760399
GAS,BAD,UCB_WITHOUT_VAE_UNCERTAINTY,47,Q loss,302,0.006418423727154732
GAS,BAD,UCB_WITHOUT_VAE_UNCERTAINTY,47,Q loss,303,0.002530070021748543
GAS,BAD,UCB_WITHOUT_VAE_UNCERTAINTY,47,Q loss,304,0.001907444093376398
GAS,BAD,UCB_WITHOUT_VAE_UNCERTAINTY,47,Q loss,305,0.009202403947710991
GAS,BAD,UCB_WITHOUT_VAE_UNCERTAINTY,47,Q loss,306,0.0020118742249906063
GAS,BAD,UCB_WITHOUT_VAE_UNCERTAINTY,47,Q loss,307,0.004208113998174667
GAS,BAD,UCB_WITHOUT_VAE_UNCERTAINTY,47,Q loss,308,0.008296385407447815
GAS,BAD,UCB_WITHOUT_VAE_UNCERTAINTY,47,Q loss,309,0.0019801815506070852
GAS,BAD,UCB_WITHOUT_VAE_UNCERTAINTY,47,Q loss,310,0.0030298789497464895
GAS,BAD,UCB_WITHOUT_VAE_UNCERTAINTY,47,Q loss,311,0.006945034489035606
GAS,BAD,UCB_WITHOUT_VAE_UNCERTAINTY,47,Q loss,312,0.00569962989538908
GAS,BAD,UCB_WITHOUT_VAE_UNCERTAINTY,47,Q loss,313,0.0010673494543880224
GAS,BAD,UCB_WITHOUT_VAE_UNCERTAINTY,47,Q loss,314,0.0016773579409345984
GAS,BAD,UCB_WITHOUT_VAE_UNCERTAINTY,47,Q loss,315,0.001930196420289576
GAS,BAD,UCB_WITHOUT_VAE_UNCERTAINTY,47,Q loss,316,0.004421164281666279
GAS,BAD,UCB_WITHOUT_VAE_UNCERTAINTY,47,Q loss,317,0.0017907326109707355
GAS,BAD,UCB_WITHOUT_VAE_UNCERTAINTY,47,Q loss,318,0.001375662162899971
GAS,BAD,UCB_WITHOUT_VAE_UNCERTAINTY,47,Q loss,319,0.0013446621596813202
GAS,BAD,UCB_WITHOUT_VAE_UNCERTAINTY,47,Q loss,320,0.002227813471108675
GAS,BAD,UCB_WITHOUT_VAE_UNCERTAINTY,47,Q loss,321,0.006618871819227934
GAS,BAD,UCB_WITHOUT_VAE_UNCERTAINTY,47,Q loss,322,0.005009401589632034
GAS,BAD,UCB_WITHOUT_VAE_UNCERTAINTY,47,Q loss,323,0.011666781269013882
GAS,BAD,UCB_WITHOUT_VAE_UNCERTAINTY,47,Q loss,324,0.004592837765812874
GAS,BAD,UCB_WITHOUT_VAE_UNCERTAINTY,47,Q loss,325,0.0030559853184968233
GAS,BAD,UCB_WITHOUT_VAE_UNCERTAINTY,47,Q loss,326,0.005848932079970837
GAS,BAD,UCB_WITHOUT_VAE_UNCERTAINTY,47,Q loss,327,0.0036207116208970547
GAS,BAD,UCB_WITHOUT_VAE_UNCERTAINTY,47,Q loss,328,0.0041961669921875
GAS,BAD,UCB_WITHOUT_VAE_UNCERTAINTY,47,Q loss,329,0.004086611792445183
GAS,BAD,UCB_WITHOUT_VAE_UNCERTAINTY,47,Q loss,330,0.002369631314650178
GAS,BAD,UCB_WITHOUT_VAE_UNCERTAINTY,47,Q loss,331,0.001558015588670969
GAS,BAD,UCB_WITHOUT_VAE_UNCERTAINTY,47,Q loss,332,0.0050966497510671616
GAS,BAD,UCB_WITHOUT_VAE_UNCERTAINTY,47,Q loss,333,0.003781454637646675
GAS,BAD,UCB_WITHOUT_VAE_UNCERTAINTY,47,Q loss,334,0.004479923285543919
GAS,BAD,UCB_WITHOUT_VAE_UNCERTAINTY,47,Q loss,335,0.0016234788345173001
GAS,BAD,UCB_WITHOUT_VAE_UNCERTAINTY,47,Q loss,336,0.0017463667318224907
GAS,BAD,UCB_WITHOUT_VAE_UNCERTAINTY,47,Q loss,337,0.0028077512979507446
GAS,BAD,UCB_WITHOUT_VAE_UNCERTAINTY,47,Q loss,338,0.0040801712311804295
GAS,BAD,UCB_WITHOUT_VAE_UNCERTAINTY,47,Q loss,339,0.0026088040322065353
GAS,BAD,UCB_WITHOUT_VAE_UNCERTAINTY,47,Q loss,340,0.0016336545813828707
GAS,BAD,UCB_WITHOUT_VAE_UNCERTAINTY,47,Q loss,341,0.0035578079987317324
GAS,BAD,UCB_WITHOUT_VAE_UNCERTAINTY,47,Q loss,342,0.001034089713357389
GAS,BAD,UCB_WITHOUT_VAE_UNCERTAINTY,47,Q loss,343,0.005691247060894966
GAS,BAD,UCB_WITHOUT_VAE_UNCERTAINTY,47,Q loss,344,0.001994207501411438
GAS,BAD,UCB_WITHOUT_VAE_UNCERTAINTY,47,Q loss,345,0.002360816579312086
GAS,BAD,UCB_WITHOUT_VAE_UNCERTAINTY,47,Q loss,346,0.0020393922459334135
GAS,BAD,UCB_WITHOUT_VAE_UNCERTAINTY,47,Q loss,347,0.0022339040879160166
GAS,BAD,UCB_WITHOUT_VAE_UNCERTAINTY,47,Q loss,348,0.007565470412373543
GAS,BAD,UCB_WITHOUT_VAE_UNCERTAINTY,47,Q loss,349,0.0013887297827750444
GAS,BAD,UCB_WITHOUT_VAE_UNCERTAINTY,47,Q loss,350,0.0025719325058162212
GAS,BAD,UCB_WITHOUT_VAE_UNCERTAINTY,47,Q loss,351,0.0046295784413814545
GAS,BAD,UCB_WITHOUT_VAE_UNCERTAINTY,47,Q loss,352,0.004846465773880482
GAS,BAD,UCB_WITHOUT_VAE_UNCERTAINTY,47,Q loss,353,0.004485163372009993
GAS,BAD,UCB_WITHOUT_VAE_UNCERTAINTY,47,Q loss,354,0.003912381827831268
GAS,BAD,UCB_WITHOUT_VAE_UNCERTAINTY,47,Q loss,355,0.005357635673135519
GAS,BAD,UCB_WITHOUT_VAE_UNCERTAINTY,47,Q loss,356,0.004282871726900339
GAS,BAD,UCB_WITHOUT_VAE_UNCERTAINTY,47,Q loss,357,0.0031747198663651943
GAS,BAD,UCB_WITHOUT_VAE_UNCERTAINTY,47,Q loss,358,0.002559009939432144
GAS,BAD,UCB_WITHOUT_VAE_UNCERTAINTY,47,Q loss,359,0.0023511217441409826
GAS,BAD,UCB_WITHOUT_VAE_UNCERTAINTY,47,Q loss,360,0.0032295691780745983
GAS,BAD,UCB_WITHOUT_VAE_UNCERTAINTY,47,Q loss,361,0.003466199152171612
GAS,BAD,UCB_WITHOUT_VAE_UNCERTAINTY,47,Q loss,362,0.004081820137798786
GAS,BAD,UCB_WITHOUT_VAE_UNCERTAINTY,47,Q loss,363,0.004693992435932159
GAS,BAD,UCB_WITHOUT_VAE_UNCERTAINTY,47,Q loss,364,0.001246024388819933
GAS,BAD,UCB_WITHOUT_VAE_UNCERTAINTY,47,Q loss,365,0.004657043144106865
GAS,BAD,UCB_WITHOUT_VAE_UNCERTAINTY,47,Q loss,366,0.00527764018625021
GAS,BAD,UCB_WITHOUT_VAE_UNCERTAINTY,47,Q loss,367,0.0023097253870218992
GAS,BAD,UCB_WITHOUT_VAE_UNCERTAINTY,47,Q loss,368,0.0015888996422290802
GAS,BAD,UCB_WITHOUT_VAE_UNCERTAINTY,47,Q loss,369,0.007357429247349501
GAS,BAD,UCB_WITHOUT_VAE_UNCERTAINTY,47,Q loss,370,0.003113236278295517
GAS,BAD,UCB_WITHOUT_VAE_UNCERTAINTY,47,Q loss,371,0.0032851670403033495
GAS,BAD,UCB_WITHOUT_VAE_UNCERTAINTY,47,Q loss,372,0.0023355581797659397
GAS,BAD,UCB_WITHOUT_VAE_UNCERTAINTY,47,Q loss,373,0.002908236812800169
GAS,BAD,UCB_WITHOUT_VAE_UNCERTAINTY,47,Q loss,374,0.0023187007755041122
GAS,BAD,UCB_WITHOUT_VAE_UNCERTAINTY,47,Q loss,375,0.0035180405247956514
GAS,BAD,UCB_WITHOUT_VAE_UNCERTAINTY,47,Q loss,376,0.001461612293496728
GAS,BAD,UCB_WITHOUT_VAE_UNCERTAINTY,47,Q loss,377,0.003868838306516409
GAS,BAD,UCB_WITHOUT_VAE_UNCERTAINTY,47,Q loss,378,0.0014000197406858206
GAS,BAD,UCB_WITHOUT_VAE_UNCERTAINTY,47,Q loss,379,0.00358680565841496
GAS,BAD,UCB_WITHOUT_VAE_UNCERTAINTY,47,Q loss,380,0.0038082164246588945
GAS,BAD,UCB_WITHOUT_VAE_UNCERTAINTY,47,Q loss,381,0.004470085725188255
GAS,BAD,UCB_WITHOUT_VAE_UNCERTAINTY,47,Q loss,382,0.0011185877956449986
GAS,BAD,UCB_WITHOUT_VAE_UNCERTAINTY,47,Q loss,383,0.0013713303487747908
GAS,BAD,UCB_WITHOUT_VAE_UNCERTAINTY,47,Q loss,384,0.0023702234029769897
GAS,BAD,UCB_WITHOUT_VAE_UNCERTAINTY,47,Q loss,385,0.002006799913942814
GAS,BAD,UCB_WITHOUT_VAE_UNCERTAINTY,47,Q loss,386,0.0038914207834750414
GAS,BAD,UCB_WITHOUT_VAE_UNCERTAINTY,47,Q loss,387,0.0014789171982556581
GAS,BAD,UCB_WITHOUT_VAE_UNCERTAINTY,47,Q loss,388,0.004418428987264633
GAS,BAD,UCB_WITHOUT_VAE_UNCERTAINTY,47,Q loss,389,0.004262042231857777
GAS,BAD,UCB_WITHOUT_VAE_UNCERTAINTY,47,Q loss,390,0.002163204364478588
GAS,BAD,UCB_WITHOUT_VAE_UNCERTAINTY,47,Q loss,391,0.002292667282745242
GAS,BAD,UCB_WITHOUT_VAE_UNCERTAINTY,47,Q loss,392,0.004443248733878136
GAS,BAD,UCB_WITHOUT_VAE_UNCERTAINTY,47,Q loss,393,0.0037075220607221127
GAS,BAD,UCB_WITHOUT_VAE_UNCERTAINTY,47,Q loss,394,0.0038203035946935415
GAS,BAD,UCB_WITHOUT_VAE_UNCERTAINTY,47,Q loss,395,0.0033431232441216707
GAS,BAD,UCB_WITHOUT_VAE_UNCERTAINTY,47,Q loss,396,0.0017377242911607027
GAS,BAD,UCB_WITHOUT_VAE_UNCERTAINTY,47,Q loss,397,0.004632382653653622
GAS,BAD,UCB_WITHOUT_VAE_UNCERTAINTY,47,Q loss,398,0.0046876403503119946
GAS,BAD,UCB_WITHOUT_VAE_UNCERTAINTY,47,Q loss,399,0.001555661205202341
GAS,BAD,UCB_WITHOUT_VAE_UNCERTAINTY,47,Q loss,400,0.0025953389704227448
GAS,BAD,UCB_WITHOUT_VAE_UNCERTAINTY,47,Q loss,401,0.0019087872933596373
GAS,BAD,UCB_WITHOUT_VAE_UNCERTAINTY,47,Q loss,402,0.0023557983804494143
GAS,BAD,UCB_WITHOUT_VAE_UNCERTAINTY,47,Q loss,403,0.0013287306064739823
GAS,BAD,UCB_WITHOUT_VAE_UNCERTAINTY,47,Q loss,404,0.004049286246299744
GAS,BAD,UCB_WITHOUT_VAE_UNCERTAINTY,47,Q loss,405,0.008026662282645702
GAS,BAD,UCB_WITHOUT_VAE_UNCERTAINTY,47,Q loss,406,0.003280073404312134
GAS,BAD,UCB_WITHOUT_VAE_UNCERTAINTY,47,Q loss,407,0.0052248816937208176
GAS,BAD,UCB_WITHOUT_VAE_UNCERTAINTY,47,Q loss,408,0.0020303279161453247
GAS,BAD,UCB_WITHOUT_VAE_UNCERTAINTY,47,Q loss,409,0.004397064913064241
GAS,BAD,UCB_WITHOUT_VAE_UNCERTAINTY,47,Q loss,410,0.00445451308041811
GAS,BAD,UCB_WITHOUT_VAE_UNCERTAINTY,47,Q loss,411,0.004484927281737328
GAS,BAD,UCB_WITHOUT_VAE_UNCERTAINTY,47,Q loss,412,0.003330120351165533
GAS,BAD,UCB_WITHOUT_VAE_UNCERTAINTY,47,Q loss,413,0.007423874922096729
GAS,BAD,UCB_WITHOUT_VAE_UNCERTAINTY,47,Q loss,414,0.004939892329275608
GAS,BAD,UCB_WITHOUT_VAE_UNCERTAINTY,47,Q loss,415,0.0032646963372826576
GAS,BAD,UCB_WITHOUT_VAE_UNCERTAINTY,47,Q loss,416,0.004298000130802393
GAS,BAD,UCB_WITHOUT_VAE_UNCERTAINTY,47,Q loss,417,0.0028596557676792145
GAS,BAD,UCB_WITHOUT_VAE_UNCERTAINTY,47,Q loss,418,0.0024139469023793936
GAS,BAD,UCB_WITHOUT_VAE_UNCERTAINTY,47,Q loss,419,0.0024549434892833233
GAS,BAD,UCB_WITHOUT_VAE_UNCERTAINTY,47,Q loss,420,0.014649689197540283
GAS,BAD,UCB_WITHOUT_VAE_UNCERTAINTY,47,Q loss,421,0.0005022738478146493
GAS,BAD,UCB_WITHOUT_VAE_UNCERTAINTY,47,Q loss,422,0.002335169818252325
GAS,BAD,UCB_WITHOUT_VAE_UNCERTAINTY,47,Q loss,423,0.006288748234510422
GAS,BAD,UCB_WITHOUT_VAE_UNCERTAINTY,47,Q loss,424,0.0016495988238602877
GAS,BAD,UCB_WITHOUT_VAE_UNCERTAINTY,47,Q loss,425,0.0036238860338926315
GAS,BAD,UCB_WITHOUT_VAE_UNCERTAINTY,47,Q loss,426,0.0044212136417627335
GAS,BAD,UCB_WITHOUT_VAE_UNCERTAINTY,47,Q loss,427,0.0015542892506346107
GAS,BAD,UCB_WITHOUT_VAE_UNCERTAINTY,47,Q loss,428,0.004758854862302542
GAS,BAD,UCB_WITHOUT_VAE_UNCERTAINTY,47,Q loss,429,0.00233056815341115
GAS,BAD,UCB_WITHOUT_VAE_UNCERTAINTY,47,Q loss,430,0.00363757717423141
GAS,BAD,UCB_WITHOUT_VAE_UNCERTAINTY,47,Q loss,431,0.003993091639131308
GAS,BAD,UCB_WITHOUT_VAE_UNCERTAINTY,47,Q loss,432,0.0034985109232366085
GAS,BAD,UCB_WITHOUT_VAE_UNCERTAINTY,47,Q loss,433,0.0018175698351114988
GAS,BAD,UCB_WITHOUT_VAE_UNCERTAINTY,47,Q loss,434,0.0035317137371748686
GAS,BAD,UCB_WITHOUT_VAE_UNCERTAINTY,47,Q loss,435,0.0014193026581779122
GAS,BAD,UCB_WITHOUT_VAE_UNCERTAINTY,47,Q loss,436,0.0013109822757542133
GAS,BAD,UCB_WITHOUT_VAE_UNCERTAINTY,47,Q loss,437,0.003535694908350706
GAS,BAD,UCB_WITHOUT_VAE_UNCERTAINTY,47,Q loss,438,0.004744219593703747
GAS,BAD,UCB_WITHOUT_VAE_UNCERTAINTY,47,Q loss,439,0.002374800154939294
GAS,BAD,UCB_WITHOUT_VAE_UNCERTAINTY,47,Q loss,440,0.004031900316476822
GAS,BAD,UCB_WITHOUT_VAE_UNCERTAINTY,47,Q loss,441,0.002506091259419918
GAS,BAD,UCB_WITHOUT_VAE_UNCERTAINTY,47,Q loss,442,0.005456601735204458
GAS,BAD,UCB_WITHOUT_VAE_UNCERTAINTY,47,Q loss,443,0.003953332081437111
GAS,BAD,UCB_WITHOUT_VAE_UNCERTAINTY,47,Q loss,444,0.003776074852794409
GAS,BAD,UCB_WITHOUT_VAE_UNCERTAINTY,47,Q loss,445,0.0032120849937200546
GAS,BAD,UCB_WITHOUT_VAE_UNCERTAINTY,47,Q loss,446,0.0035553541965782642
GAS,BAD,UCB_WITHOUT_VAE_UNCERTAINTY,47,Q loss,447,0.002318630227819085
GAS,BAD,UCB_WITHOUT_VAE_UNCERTAINTY,47,Q loss,448,0.0028334781527519226
GAS,BAD,UCB_WITHOUT_VAE_UNCERTAINTY,47,Q loss,449,0.006045277696102858
GAS,BAD,UCB_WITHOUT_VAE_UNCERTAINTY,47,Q loss,450,0.0025851826649159193
GAS,BAD,UCB_WITHOUT_VAE_UNCERTAINTY,47,Q loss,451,0.005051376763731241
GAS,BAD,UCB_WITHOUT_VAE_UNCERTAINTY,47,Q loss,452,0.00263546546921134
GAS,BAD,UCB_WITHOUT_VAE_UNCERTAINTY,47,Q loss,453,0.002491291845217347
GAS,BAD,UCB_WITHOUT_VAE_UNCERTAINTY,47,Q loss,454,0.0019007879309356213
GAS,BAD,UCB_WITHOUT_VAE_UNCERTAINTY,47,Q loss,455,0.00608814274892211
GAS,BAD,UCB_WITHOUT_VAE_UNCERTAINTY,47,Q loss,456,0.006368847098201513
GAS,BAD,UCB_WITHOUT_VAE_UNCERTAINTY,47,Q loss,457,0.0012111456599086523
GAS,BAD,UCB_WITHOUT_VAE_UNCERTAINTY,47,Q loss,458,0.0047678896225988865
GAS,BAD,UCB_WITHOUT_VAE_UNCERTAINTY,47,Q loss,459,0.002469112165272236
GAS,BAD,UCB_WITHOUT_VAE_UNCERTAINTY,47,Q loss,460,0.0033974293619394302
GAS,BAD,UCB_WITHOUT_VAE_UNCERTAINTY,47,Q loss,461,0.004470353480428457
GAS,BAD,UCB_WITHOUT_VAE_UNCERTAINTY,47,Q loss,462,0.003994408994913101
GAS,BAD,UCB_WITHOUT_VAE_UNCERTAINTY,47,Q loss,463,0.00331269227899611
GAS,BAD,UCB_WITHOUT_VAE_UNCERTAINTY,47,Q loss,464,0.0046537406742572784
GAS,BAD,UCB_WITHOUT_VAE_UNCERTAINTY,47,Q loss,465,0.00287456507794559
GAS,BAD,UCB_WITHOUT_VAE_UNCERTAINTY,47,Q loss,466,0.00236637145280838
GAS,BAD,UCB_WITHOUT_VAE_UNCERTAINTY,47,Q loss,467,0.0025946996174752712
GAS,BAD,UCB_WITHOUT_VAE_UNCERTAINTY,47,Q loss,468,0.0024074511602520943
GAS,BAD,UCB_WITHOUT_VAE_UNCERTAINTY,47,Q loss,469,0.0024151012767106295
GAS,BAD,UCB_WITHOUT_VAE_UNCERTAINTY,47,Q loss,470,0.005156306084245443
GAS,BAD,UCB_WITHOUT_VAE_UNCERTAINTY,47,Q loss,471,0.007497359998524189
GAS,BAD,UCB_WITHOUT_VAE_UNCERTAINTY,47,Q loss,472,0.002500200178474188
GAS,BAD,UCB_WITHOUT_VAE_UNCERTAINTY,47,Q loss,473,0.0022843917831778526
GAS,BAD,UCB_WITHOUT_VAE_UNCERTAINTY,47,Q loss,474,0.004822702147066593
GAS,BAD,UCB_WITHOUT_VAE_UNCERTAINTY,47,Q loss,475,0.0015743895201012492
GAS,BAD,UCB_WITHOUT_VAE_UNCERTAINTY,47,Q loss,476,0.0036000420805066824
GAS,BAD,UCB_WITHOUT_VAE_UNCERTAINTY,47,Q loss,477,0.001897186040878296
GAS,BAD,UCB_WITHOUT_VAE_UNCERTAINTY,47,Q loss,478,0.0024807616136968136
GAS,BAD,UCB_WITHOUT_VAE_UNCERTAINTY,47,Q loss,479,0.0017104066209867597
GAS,BAD,UCB_WITHOUT_VAE_UNCERTAINTY,47,Q loss,480,0.005725807510316372
GAS,BAD,UCB_WITHOUT_VAE_UNCERTAINTY,47,Q loss,481,0.002137277275323868
GAS,BAD,UCB_WITHOUT_VAE_UNCERTAINTY,47,Q loss,482,0.005022046156227589
GAS,BAD,UCB_WITHOUT_VAE_UNCERTAINTY,47,Q loss,483,0.001337318099103868
GAS,BAD,UCB_WITHOUT_VAE_UNCERTAINTY,47,Q loss,484,0.0022506846580654383
GAS,BAD,UCB_WITHOUT_VAE_UNCERTAINTY,47,Q loss,485,0.006979469675570726
GAS,BAD,UCB_WITHOUT_VAE_UNCERTAINTY,47,Q loss,486,0.007724659983068705
GAS,BAD,UCB_WITHOUT_VAE_UNCERTAINTY,47,Q loss,487,0.0018061443697661161
GAS,BAD,UCB_WITHOUT_VAE_UNCERTAINTY,47,Q loss,488,0.0027754197362810373
GAS,BAD,UCB_WITHOUT_VAE_UNCERTAINTY,47,Q loss,489,0.004501009359955788
GAS,BAD,UCB_WITHOUT_VAE_UNCERTAINTY,47,Q loss,490,0.0003795154334511608
GAS,BAD,UCB_WITHOUT_VAE_UNCERTAINTY,47,Q loss,491,0.0012222975492477417
GAS,BAD,UCB_WITHOUT_VAE_UNCERTAINTY,47,Q loss,492,0.002937458921223879
GAS,BAD,UCB_WITHOUT_VAE_UNCERTAINTY,47,Q loss,493,0.0035221497528254986
GAS,BAD,UCB_WITHOUT_VAE_UNCERTAINTY,47,Q loss,494,0.005517235491424799
GAS,BAD,UCB_WITHOUT_VAE_UNCERTAINTY,47,Q loss,495,0.0023768399842083454
GAS,BAD,UCB_WITHOUT_VAE_UNCERTAINTY,47,Q loss,496,0.003724031150341034
GAS,BAD,UCB_WITHOUT_VAE_UNCERTAINTY,47,Q loss,497,0.0030606165528297424
GAS,BAD,UCB_WITHOUT_VAE_UNCERTAINTY,47,Q loss,498,0.0014897207729518414
GAS,BAD,UCB_WITHOUT_VAE_UNCERTAINTY,47,Q loss,499,0.006846866570413113
GAS,BAD,UCB_WITHOUT_VAE_UNCERTAINTY,47,Q loss,500,0.0025623133406043053
GAS,BAD,UCB_WITHOUT_VAE_UNCERTAINTY,47,Q loss,501,0.0018749902956187725
GAS,BAD,UCB_WITHOUT_VAE_UNCERTAINTY,47,Q loss,502,0.0006754164351150393
GAS,BAD,UCB_WITHOUT_VAE_UNCERTAINTY,47,Q loss,503,0.003519070101901889
GAS,BAD,UCB_WITHOUT_VAE_UNCERTAINTY,47,Q loss,504,0.002874349243938923
GAS,BAD,UCB_WITHOUT_VAE_UNCERTAINTY,47,Q loss,505,0.0027747871354222298
GAS,BAD,UCB_WITHOUT_VAE_UNCERTAINTY,47,Q loss,506,0.0012946249917149544
GAS,BAD,UCB_WITHOUT_VAE_UNCERTAINTY,47,Q loss,507,0.0036805560812354088
GAS,BAD,UCB_WITHOUT_VAE_UNCERTAINTY,47,Q loss,508,0.002472492167726159
GAS,BAD,UCB_WITHOUT_VAE_UNCERTAINTY,47,Q loss,509,0.0019991579465568066
GAS,BAD,UCB_WITHOUT_VAE_UNCERTAINTY,47,Q loss,510,0.0070449793711304665
GAS,BAD,UCB_WITHOUT_VAE_UNCERTAINTY,47,Q loss,511,0.004048496019095182
GAS,BAD,UCB_WITHOUT_VAE_UNCERTAINTY,47,Q loss,512,0.00318383751437068
GAS,BAD,UCB_WITHOUT_VAE_UNCERTAINTY,47,Q loss,513,0.0049610380083322525
GAS,BAD,UCB_WITHOUT_VAE_UNCERTAINTY,47,Q loss,514,0.0025163034442812204
GAS,BAD,UCB_WITHOUT_VAE_UNCERTAINTY,47,Q loss,515,0.003994081635028124
GAS,BAD,UCB_WITHOUT_VAE_UNCERTAINTY,47,Q loss,516,0.003408994758501649
GAS,BAD,UCB_WITHOUT_VAE_UNCERTAINTY,47,Q loss,517,0.004533141385763884
GAS,BAD,UCB_WITHOUT_VAE_UNCERTAINTY,47,Q loss,518,0.003165194299072027
GAS,BAD,UCB_WITHOUT_VAE_UNCERTAINTY,47,Q loss,519,0.0028241861145943403
GAS,BAD,UCB_WITHOUT_VAE_UNCERTAINTY,47,Q loss,520,0.002664592582732439
GAS,BAD,UCB_WITHOUT_VAE_UNCERTAINTY,47,Q loss,521,0.004654598888009787
GAS,BAD,UCB_WITHOUT_VAE_UNCERTAINTY,47,Q loss,522,0.007584042847156525
GAS,BAD,UCB_WITHOUT_VAE_UNCERTAINTY,47,Q loss,523,0.0030885315500199795
GAS,BAD,UCB_WITHOUT_VAE_UNCERTAINTY,47,Q loss,524,0.003232434159144759
GAS,BAD,UCB_WITHOUT_VAE_UNCERTAINTY,47,Q loss,525,0.002453933237120509
GAS,BAD,UCB_WITHOUT_VAE_UNCERTAINTY,47,Q loss,526,0.0035634953528642654
GAS,BAD,UCB_WITHOUT_VAE_UNCERTAINTY,47,Q loss,527,0.0015536514110863209
GAS,BAD,UCB_WITHOUT_VAE_UNCERTAINTY,47,Q loss,528,0.0021745392587035894
GAS,BAD,UCB_WITHOUT_VAE_UNCERTAINTY,47,Q loss,529,0.0017966344021260738
GAS,BAD,UCB_WITHOUT_VAE_UNCERTAINTY,47,Q loss,530,0.0020255986601114273
GAS,BAD,UCB_WITHOUT_VAE_UNCERTAINTY,47,Q loss,531,0.004367874003946781
GAS,BAD,UCB_WITHOUT_VAE_UNCERTAINTY,47,Q loss,532,0.003546222811564803
GAS,BAD,UCB_WITHOUT_VAE_UNCERTAINTY,47,Q loss,533,0.003949500620365143
GAS,BAD,UCB_WITHOUT_VAE_UNCERTAINTY,47,Q loss,534,0.002228686586022377
GAS,BAD,UCB_WITHOUT_VAE_UNCERTAINTY,47,Q loss,535,0.0016846220241859555
GAS,BAD,UCB_WITHOUT_VAE_UNCERTAINTY,47,Q loss,536,0.0054773809388279915
GAS,BAD,UCB_WITHOUT_VAE_UNCERTAINTY,47,Q loss,537,0.00387591402977705
GAS,BAD,UCB_WITHOUT_VAE_UNCERTAINTY,47,Q loss,538,0.0006098462035879493
GAS,BAD,UCB_WITHOUT_VAE_UNCERTAINTY,47,Q loss,539,0.013386568985879421
GAS,BAD,UCB_WITHOUT_VAE_UNCERTAINTY,47,Q loss,540,0.004754388704895973
GAS,BAD,UCB_WITHOUT_VAE_UNCERTAINTY,47,Q loss,541,0.0026210860814899206
GAS,BAD,UCB_WITHOUT_VAE_UNCERTAINTY,47,Q loss,542,0.002639967482537031
GAS,BAD,UCB_WITHOUT_VAE_UNCERTAINTY,47,Q loss,543,0.004487067461013794
GAS,BAD,UCB_WITHOUT_VAE_UNCERTAINTY,47,Q loss,544,0.0013424322241917253
GAS,BAD,UCB_WITHOUT_VAE_UNCERTAINTY,47,Q loss,545,0.001609485363587737
GAS,BAD,UCB_WITHOUT_VAE_UNCERTAINTY,47,Q loss,546,0.0037742541171610355
GAS,BAD,UCB_WITHOUT_VAE_UNCERTAINTY,47,Q loss,547,0.0036952970549464226
GAS,BAD,UCB_WITHOUT_VAE_UNCERTAINTY,47,Q loss,548,0.0043778372928500175
GAS,BAD,UCB_WITHOUT_VAE_UNCERTAINTY,47,Q loss,549,0.004147307015955448
GAS,BAD,UCB_WITHOUT_VAE_UNCERTAINTY,47,Q loss,550,0.009408170357346535
GAS,BAD,UCB_WITHOUT_VAE_UNCERTAINTY,47,Q loss,551,0.005289933644235134
GAS,BAD,UCB_WITHOUT_VAE_UNCERTAINTY,47,Q loss,552,0.005482628475874662
GAS,BAD,UCB_WITHOUT_VAE_UNCERTAINTY,47,Q loss,553,0.002845729934051633
GAS,BAD,UCB_WITHOUT_VAE_UNCERTAINTY,47,Q loss,554,0.006297505926340818
GAS,BAD,UCB_WITHOUT_VAE_UNCERTAINTY,47,Q loss,555,0.0032768119126558304
GAS,BAD,UCB_WITHOUT_VAE_UNCERTAINTY,47,Q loss,556,0.005605781450867653
GAS,BAD,UCB_WITHOUT_VAE_UNCERTAINTY,47,Q loss,557,0.0014076096704229712
GAS,BAD,UCB_WITHOUT_VAE_UNCERTAINTY,47,Q loss,558,0.002133751753717661
GAS,BAD,UCB_WITHOUT_VAE_UNCERTAINTY,47,Q loss,559,0.001980395754799247
GAS,BAD,UCB_WITHOUT_VAE_UNCERTAINTY,47,Q loss,560,0.004923946224153042
GAS,BAD,UCB_WITHOUT_VAE_UNCERTAINTY,47,Q loss,561,0.0014365639071911573
GAS,BAD,UCB_WITHOUT_VAE_UNCERTAINTY,47,Q loss,562,0.0011397479102015495
GAS,BAD,UCB_WITHOUT_VAE_UNCERTAINTY,47,Q loss,563,0.0009910974185913801
GAS,BAD,UCB_WITHOUT_VAE_UNCERTAINTY,47,Q loss,564,0.006323924288153648
GAS,BAD,UCB_WITHOUT_VAE_UNCERTAINTY,47,Q loss,565,0.0034777363762259483
GAS,BAD,UCB_WITHOUT_VAE_UNCERTAINTY,47,Q loss,566,0.004710054490715265
GAS,BAD,UCB_WITHOUT_VAE_UNCERTAINTY,47,Q loss,567,0.0013081968063488603
GAS,BAD,UCB_WITHOUT_VAE_UNCERTAINTY,47,Q loss,568,0.004630975425243378
GAS,BAD,UCB_WITHOUT_VAE_UNCERTAINTY,47,Q loss,569,0.0013570587616413832
GAS,BAD,UCB_WITHOUT_VAE_UNCERTAINTY,47,Q loss,570,0.0026842369697988033
GAS,BAD,UCB_WITHOUT_VAE_UNCERTAINTY,47,Q loss,571,0.0024570426903665066
GAS,BAD,UCB_WITHOUT_VAE_UNCERTAINTY,47,Q loss,572,0.005568337626755238
GAS,BAD,UCB_WITHOUT_VAE_UNCERTAINTY,47,Q loss,573,0.0033141118474304676
GAS,BAD,UCB_WITHOUT_VAE_UNCERTAINTY,47,Q loss,574,0.0014034276828169823
GAS,BAD,UCB_WITHOUT_VAE_UNCERTAINTY,47,Q loss,575,0.0036955904215574265
GAS,BAD,UCB_WITHOUT_VAE_UNCERTAINTY,47,Q loss,576,0.003932540770620108
GAS,BAD,UCB_WITHOUT_VAE_UNCERTAINTY,47,Q loss,577,0.0030715144239366055
GAS,BAD,UCB_WITHOUT_VAE_UNCERTAINTY,47,Q loss,578,0.0015288902213796973
GAS,BAD,UCB_WITHOUT_VAE_UNCERTAINTY,47,Q loss,579,0.0029248713981360197
GAS,BAD,UCB_WITHOUT_VAE_UNCERTAINTY,47,Q loss,580,0.004321336280554533
GAS,BAD,UCB_WITHOUT_VAE_UNCERTAINTY,47,Q loss,581,0.003268108470365405
GAS,BAD,UCB_WITHOUT_VAE_UNCERTAINTY,47,Q loss,582,0.004922178573906422
GAS,BAD,UCB_WITHOUT_VAE_UNCERTAINTY,47,Q loss,583,0.0010171621106564999
GAS,BAD,UCB_WITHOUT_VAE_UNCERTAINTY,47,Q loss,584,0.00280176242813468
GAS,BAD,UCB_WITHOUT_VAE_UNCERTAINTY,47,Q loss,585,0.0036416316870599985
GAS,BAD,UCB_WITHOUT_VAE_UNCERTAINTY,47,Q loss,586,0.005714127793908119
GAS,BAD,UCB_WITHOUT_VAE_UNCERTAINTY,47,Q loss,587,0.001824214938096702
GAS,BAD,UCB_WITHOUT_VAE_UNCERTAINTY,47,Q loss,588,0.0030643774662166834
GAS,BAD,UCB_WITHOUT_VAE_UNCERTAINTY,47,Q loss,589,0.0033844024874269962
GAS,BAD,UCB_WITHOUT_VAE_UNCERTAINTY,47,Q loss,590,0.003108219476416707
GAS,BAD,UCB_WITHOUT_VAE_UNCERTAINTY,47,Q loss,591,0.0033583519980311394
GAS,BAD,UCB_WITHOUT_VAE_UNCERTAINTY,47,Q loss,592,0.004384851548820734
GAS,BAD,UCB_WITHOUT_VAE_UNCERTAINTY,47,Q loss,593,0.004748326726257801
GAS,BAD,UCB_WITHOUT_VAE_UNCERTAINTY,47,Q loss,594,0.0045878891833126545
GAS,BAD,UCB_WITHOUT_VAE_UNCERTAINTY,47,Q loss,595,0.0021805670112371445
GAS,BAD,UCB_WITHOUT_VAE_UNCERTAINTY,47,Q loss,596,0.006804745644330978
GAS,BAD,UCB_WITHOUT_VAE_UNCERTAINTY,47,Q loss,597,0.0014595654793083668
GAS,BAD,UCB_WITHOUT_VAE_UNCERTAINTY,47,Q loss,598,0.0020143003202974796
GAS,BAD,UCB_WITHOUT_VAE_UNCERTAINTY,47,Q loss,599,0.003926888108253479
GAS,BAD,UCB_WITHOUT_VAE_UNCERTAINTY,47,Q loss,600,0.005975677631795406
GAS,BAD,UCB_WITHOUT_VAE_UNCERTAINTY,47,Q loss,601,0.00193794968072325
GAS,BAD,UCB_WITHOUT_VAE_UNCERTAINTY,47,Q loss,602,0.0022907950915396214
GAS,BAD,UCB_WITHOUT_VAE_UNCERTAINTY,47,Q loss,603,0.0017302505439147353
GAS,BAD,UCB_WITHOUT_VAE_UNCERTAINTY,47,Q loss,604,0.003991629928350449
GAS,BAD,UCB_WITHOUT_VAE_UNCERTAINTY,47,Q loss,605,0.003700253088027239
GAS,BAD,UCB_WITHOUT_VAE_UNCERTAINTY,47,Q loss,606,0.001993272453546524
GAS,BAD,UCB_WITHOUT_VAE_UNCERTAINTY,47,Q loss,607,0.004863775800913572
GAS,BAD,UCB_WITHOUT_VAE_UNCERTAINTY,47,Q loss,608,0.0025043697096407413
GAS,BAD,UCB_WITHOUT_VAE_UNCERTAINTY,47,Q loss,609,0.004271361045539379
GAS,BAD,UCB_WITHOUT_VAE_UNCERTAINTY,47,Q loss,610,0.0023819864727556705
GAS,BAD,UCB_WITHOUT_VAE_UNCERTAINTY,47,Q loss,611,0.011593212373554707
GAS,BAD,UCB_WITHOUT_VAE_UNCERTAINTY,47,Q loss,612,0.0039898985996842384
GAS,BAD,UCB_WITHOUT_VAE_UNCERTAINTY,47,Q loss,613,0.0018573792185634375
GAS,BAD,UCB_WITHOUT_VAE_UNCERTAINTY,47,Q loss,614,0.0032702654134482145
GAS,BAD,UCB_WITHOUT_VAE_UNCERTAINTY,47,Q loss,615,0.003864515572786331
GAS,BAD,UCB_WITHOUT_VAE_UNCERTAINTY,47,Q loss,616,0.0010713456431403756
GAS,BAD,UCB_WITHOUT_VAE_UNCERTAINTY,47,Q loss,617,0.0019071708666160703
GAS,BAD,UCB_WITHOUT_VAE_UNCERTAINTY,47,Q loss,618,0.003805214539170265
GAS,BAD,UCB_WITHOUT_VAE_UNCERTAINTY,47,Q loss,619,0.005115334410220385
GAS,BAD,UCB_WITHOUT_VAE_UNCERTAINTY,47,Q loss,620,0.0027462244033813477
GAS,BAD,UCB_WITHOUT_VAE_UNCERTAINTY,47,Q loss,621,0.0014154575765132904
GAS,BAD,UCB_WITHOUT_VAE_UNCERTAINTY,47,Q loss,622,0.002022015629336238
GAS,BAD,UCB_WITHOUT_VAE_UNCERTAINTY,47,Q loss,623,0.0015587254893034697
GAS,BAD,UCB_WITHOUT_VAE_UNCERTAINTY,47,Q loss,624,0.0017552596982568502
GAS,BAD,UCB_WITHOUT_VAE_UNCERTAINTY,47,Q loss,625,0.002968580462038517
GAS,BAD,UCB_WITHOUT_VAE_UNCERTAINTY,47,Q loss,626,0.004933210555464029
GAS,BAD,UCB_WITHOUT_VAE_UNCERTAINTY,47,Q loss,627,0.0025967182591557503
GAS,BAD,UCB_WITHOUT_VAE_UNCERTAINTY,47,Q loss,628,0.002272919286042452
GAS,BAD,UCB_WITHOUT_VAE_UNCERTAINTY,47,Q loss,629,0.005267735105007887
GAS,BAD,UCB_WITHOUT_VAE_UNCERTAINTY,47,Q loss,630,0.005057595204561949
GAS,BAD,UCB_WITHOUT_VAE_UNCERTAINTY,47,Q loss,631,0.005090178921818733
GAS,BAD,UCB_WITHOUT_VAE_UNCERTAINTY,47,Q loss,632,0.0014823045348748565
GAS,BAD,UCB_WITHOUT_VAE_UNCERTAINTY,47,Q loss,633,0.0005491827614605427
GAS,BAD,UCB_WITHOUT_VAE_UNCERTAINTY,47,Q loss,634,0.0012925744522362947
GAS,BAD,UCB_WITHOUT_VAE_UNCERTAINTY,47,Q loss,635,0.00298394076526165
GAS,BAD,UCB_WITHOUT_VAE_UNCERTAINTY,47,Q loss,636,0.0009795756777748466
GAS,BAD,UCB_WITHOUT_VAE_UNCERTAINTY,47,Q loss,637,0.0010502822697162628
GAS,BAD,UCB_WITHOUT_VAE_UNCERTAINTY,47,Q loss,638,0.003389983903616667
GAS,BAD,UCB_WITHOUT_VAE_UNCERTAINTY,47,Q loss,639,0.002098825993016362
GAS,BAD,UCB_WITHOUT_VAE_UNCERTAINTY,47,Q loss,640,0.004728181287646294
GAS,BAD,UCB_WITHOUT_VAE_UNCERTAINTY,47,Q loss,641,0.0019605786073952913
GAS,BAD,UCB_WITHOUT_VAE_UNCERTAINTY,47,Q loss,642,0.004599078558385372
GAS,BAD,UCB_WITHOUT_VAE_UNCERTAINTY,47,Q loss,643,0.002018110128119588
GAS,BAD,UCB_WITHOUT_VAE_UNCERTAINTY,47,Q loss,644,0.0014399632345885038
GAS,BAD,UCB_WITHOUT_VAE_UNCERTAINTY,47,Q loss,645,0.001689966768026352
GAS,BAD,UCB_WITHOUT_VAE_UNCERTAINTY,47,Q loss,646,0.00349412951618433
GAS,BAD,UCB_WITHOUT_VAE_UNCERTAINTY,47,Q loss,647,0.0052723088301718235
GAS,BAD,UCB_WITHOUT_VAE_UNCERTAINTY,47,Q loss,648,0.0017972999485209584
GAS,BAD,UCB_WITHOUT_VAE_UNCERTAINTY,47,Q loss,649,0.0022077495232224464
GAS,BAD,UCB_WITHOUT_VAE_UNCERTAINTY,47,Q loss,650,0.006400820799171925
GAS,BAD,UCB_WITHOUT_VAE_UNCERTAINTY,47,Q loss,651,0.0017284996574744582
GAS,BAD,UCB_WITHOUT_VAE_UNCERTAINTY,47,Q loss,652,0.0011465593706816435
GAS,BAD,UCB_WITHOUT_VAE_UNCERTAINTY,47,Q loss,653,0.0023119482211768627
GAS,BAD,UCB_WITHOUT_VAE_UNCERTAINTY,47,Q loss,654,0.006790404208004475
GAS,BAD,UCB_WITHOUT_VAE_UNCERTAINTY,47,Q loss,655,0.0016490675043314695
GAS,BAD,UCB_WITHOUT_VAE_UNCERTAINTY,47,Q loss,656,0.0034288624301552773
GAS,BAD,UCB_WITHOUT_VAE_UNCERTAINTY,47,Q loss,657,0.0022427060175687075
GAS,BAD,UCB_WITHOUT_VAE_UNCERTAINTY,47,Q loss,658,0.0015281997621059418
GAS,BAD,UCB_WITHOUT_VAE_UNCERTAINTY,47,Q loss,659,0.003047770820558071
GAS,BAD,UCB_WITHOUT_VAE_UNCERTAINTY,47,Q loss,660,0.0032295160926878452
GAS,BAD,UCB_WITHOUT_VAE_UNCERTAINTY,47,Q loss,661,0.0030993071850389242
GAS,BAD,UCB_WITHOUT_VAE_UNCERTAINTY,47,Q loss,662,0.004712151363492012
GAS,BAD,UCB_WITHOUT_VAE_UNCERTAINTY,47,Q loss,663,0.004267404787242413
GAS,BAD,UCB_WITHOUT_VAE_UNCERTAINTY,47,Q loss,664,0.002129539381712675
GAS,BAD,UCB_WITHOUT_VAE_UNCERTAINTY,47,Q loss,665,0.007710292004048824
GAS,BAD,UCB_WITHOUT_VAE_UNCERTAINTY,47,Q loss,666,0.0036864369176328182
GAS,BAD,UCB_WITHOUT_VAE_UNCERTAINTY,47,Q loss,667,0.005062283016741276
GAS,BAD,UCB_WITHOUT_VAE_UNCERTAINTY,47,Q loss,668,0.0043854243122041225
GAS,BAD,UCB_WITHOUT_VAE_UNCERTAINTY,47,Q loss,669,0.0022438783198595047
GAS,BAD,UCB_WITHOUT_VAE_UNCERTAINTY,47,Q loss,670,0.0008431091555394232
GAS,BAD,UCB_WITHOUT_VAE_UNCERTAINTY,47,Q loss,671,0.003063142066821456
GAS,BAD,UCB_WITHOUT_VAE_UNCERTAINTY,47,Q loss,672,0.004370406270027161
GAS,BAD,UCB_WITHOUT_VAE_UNCERTAINTY,47,Q loss,673,0.0011844908585771918
GAS,BAD,UCB_WITHOUT_VAE_UNCERTAINTY,47,Q loss,674,0.0024765089619904757
GAS,BAD,UCB_WITHOUT_VAE_UNCERTAINTY,47,Q loss,675,0.003290324006229639
GAS,BAD,UCB_WITHOUT_VAE_UNCERTAINTY,47,Q loss,676,0.0017511681653559208
GAS,BAD,UCB_WITHOUT_VAE_UNCERTAINTY,47,Q loss,677,0.001034105778671801
GAS,BAD,UCB_WITHOUT_VAE_UNCERTAINTY,47,Q loss,678,0.0035976190119981766
GAS,BAD,UCB_WITHOUT_VAE_UNCERTAINTY,47,Q loss,679,0.0011680476600304246
GAS,BAD,UCB_WITHOUT_VAE_UNCERTAINTY,47,Q loss,680,0.0034474770072847605
GAS,BAD,UCB_WITHOUT_VAE_UNCERTAINTY,47,Q loss,681,0.0008304322836920619
GAS,BAD,UCB_WITHOUT_VAE_UNCERTAINTY,47,Q loss,682,0.0005385236581787467
GAS,BAD,UCB_WITHOUT_VAE_UNCERTAINTY,47,Q loss,683,0.0026999949477612972
GAS,BAD,UCB_WITHOUT_VAE_UNCERTAINTY,47,Q loss,684,0.0029174559749662876
GAS,BAD,UCB_WITHOUT_VAE_UNCERTAINTY,47,Q loss,685,0.0022258530370891094
GAS,BAD,UCB_WITHOUT_VAE_UNCERTAINTY,47,Q loss,686,0.0025716109666973352
GAS,BAD,UCB_WITHOUT_VAE_UNCERTAINTY,47,Q loss,687,0.004402533173561096
GAS,BAD,UCB_WITHOUT_VAE_UNCERTAINTY,47,Q loss,688,0.001846818719059229
GAS,BAD,UCB_WITHOUT_VAE_UNCERTAINTY,47,Q loss,689,0.004567841067910194
GAS,BAD,UCB_WITHOUT_VAE_UNCERTAINTY,47,Q loss,690,0.0017476070206612349
GAS,BAD,UCB_WITHOUT_VAE_UNCERTAINTY,47,Q loss,691,0.0016596129862591624
GAS,BAD,UCB_WITHOUT_VAE_UNCERTAINTY,47,Q loss,692,0.0024591144174337387
GAS,BAD,UCB_WITHOUT_VAE_UNCERTAINTY,47,Q loss,693,0.00156365055590868
GAS,BAD,UCB_WITHOUT_VAE_UNCERTAINTY,47,Q loss,694,0.0011642896570265293
GAS,BAD,UCB_WITHOUT_VAE_UNCERTAINTY,47,Q loss,695,0.0033356021158397198
GAS,BAD,UCB_WITHOUT_VAE_UNCERTAINTY,47,Q loss,696,0.0006000432767905295
GAS,BAD,UCB_WITHOUT_VAE_UNCERTAINTY,47,Q loss,697,0.006904065143316984
GAS,BAD,UCB_WITHOUT_VAE_UNCERTAINTY,47,Q loss,698,0.004961983300745487
GAS,BAD,UCB_WITHOUT_VAE_UNCERTAINTY,47,Q loss,699,0.0036242594942450523
GAS,BAD,UCB_WITHOUT_VAE_UNCERTAINTY,47,Q loss,700,0.009648369625210762
GAS,BAD,UCB_WITHOUT_VAE_UNCERTAINTY,47,Q loss,701,0.0011915384093299508
GAS,BAD,UCB_WITHOUT_VAE_UNCERTAINTY,47,Q loss,702,0.001068654004484415
GAS,BAD,UCB_WITHOUT_VAE_UNCERTAINTY,47,Q loss,703,0.005731185432523489
GAS,BAD,UCB_WITHOUT_VAE_UNCERTAINTY,47,Q loss,704,0.00187204428948462
GAS,BAD,UCB_WITHOUT_VAE_UNCERTAINTY,47,Q loss,705,0.0015105103375390172
GAS,BAD,UCB_WITHOUT_VAE_UNCERTAINTY,47,Q loss,706,0.0012163101928308606
GAS,BAD,UCB_WITHOUT_VAE_UNCERTAINTY,47,Q loss,707,0.0030400236137211323
GAS,BAD,UCB_WITHOUT_VAE_UNCERTAINTY,47,Q loss,708,0.0031910112593322992
GAS,BAD,UCB_WITHOUT_VAE_UNCERTAINTY,47,Q loss,709,0.002599472878500819
GAS,BAD,UCB_WITHOUT_VAE_UNCERTAINTY,47,Q loss,710,0.002198836300522089
GAS,BAD,UCB_WITHOUT_VAE_UNCERTAINTY,47,Q loss,711,0.004677200689911842
GAS,BAD,UCB_WITHOUT_VAE_UNCERTAINTY,47,Q loss,712,0.00424504280090332
GAS,BAD,UCB_WITHOUT_VAE_UNCERTAINTY,47,Q loss,713,0.001822885824367404
GAS,BAD,UCB_WITHOUT_VAE_UNCERTAINTY,47,Q loss,714,0.0012806524755433202
GAS,BAD,UCB_WITHOUT_VAE_UNCERTAINTY,47,Q loss,715,0.007035756483674049
GAS,BAD,UCB_WITHOUT_VAE_UNCERTAINTY,47,Q loss,716,0.002742414828389883
GAS,BAD,UCB_WITHOUT_VAE_UNCERTAINTY,47,Q loss,717,0.005927808117121458
GAS,BAD,UCB_WITHOUT_VAE_UNCERTAINTY,47,Q loss,718,0.00292742601595819
GAS,BAD,UCB_WITHOUT_VAE_UNCERTAINTY,47,Q loss,719,0.002722189063206315
GAS,BAD,UCB_WITHOUT_VAE_UNCERTAINTY,47,Q loss,720,0.0027527790516614914
GAS,BAD,UCB_WITHOUT_VAE_UNCERTAINTY,47,Q loss,721,0.0031545727979391813
GAS,BAD,UCB_WITHOUT_VAE_UNCERTAINTY,47,Q loss,722,0.0033259736374020576
GAS,BAD,UCB_WITHOUT_VAE_UNCERTAINTY,47,Q loss,723,0.003059056820347905
GAS,BAD,UCB_WITHOUT_VAE_UNCERTAINTY,47,Q loss,724,0.0009413035004399717
GAS,BAD,UCB_WITHOUT_VAE_UNCERTAINTY,47,Q loss,725,0.003912379965186119
GAS,BAD,UCB_WITHOUT_VAE_UNCERTAINTY,47,Q loss,726,0.0015482387971132994
GAS,BAD,UCB_WITHOUT_VAE_UNCERTAINTY,47,Q loss,727,0.004994259215891361
GAS,BAD,UCB_WITHOUT_VAE_UNCERTAINTY,47,Q loss,728,0.005463935900479555
GAS,BAD,UCB_WITHOUT_VAE_UNCERTAINTY,47,Q loss,729,0.004756690002977848
GAS,BAD,UCB_WITHOUT_VAE_UNCERTAINTY,47,Q loss,730,0.003179816296324134
GAS,BAD,UCB_WITHOUT_VAE_UNCERTAINTY,47,Q loss,731,0.002190980361774564
GAS,BAD,UCB_WITHOUT_VAE_UNCERTAINTY,47,Q loss,732,0.0037694494239985943
GAS,BAD,UCB_WITHOUT_VAE_UNCERTAINTY,47,Q loss,733,0.0026069143787026405
GAS,BAD,UCB_WITHOUT_VAE_UNCERTAINTY,47,Q loss,734,0.003057308029383421
GAS,BAD,UCB_WITHOUT_VAE_UNCERTAINTY,47,Q loss,735,0.0009849428897723556
GAS,BAD,UCB_WITHOUT_VAE_UNCERTAINTY,47,Q loss,736,0.007313445210456848
GAS,BAD,UCB_WITHOUT_VAE_UNCERTAINTY,47,Q loss,737,0.006554425694048405
GAS,BAD,UCB_WITHOUT_VAE_UNCERTAINTY,47,Q loss,738,0.003478134050965309
GAS,BAD,UCB_WITHOUT_VAE_UNCERTAINTY,47,Q loss,739,0.002957166638225317
GAS,BAD,UCB_WITHOUT_VAE_UNCERTAINTY,47,Q loss,740,0.003158693900331855
GAS,BAD,UCB_WITHOUT_VAE_UNCERTAINTY,47,Q loss,741,0.0016373265534639359
GAS,BAD,UCB_WITHOUT_VAE_UNCERTAINTY,47,Q loss,742,0.0013413017150014639
GAS,BAD,UCB_WITHOUT_VAE_UNCERTAINTY,47,Q loss,743,0.0009832598734647036
GAS,BAD,UCB_WITHOUT_VAE_UNCERTAINTY,47,Q loss,744,0.003601710544899106
GAS,BAD,UCB_WITHOUT_VAE_UNCERTAINTY,47,Q loss,745,0.0013723454903811216
GAS,BAD,UCB_WITHOUT_VAE_UNCERTAINTY,47,Q loss,746,0.002663048915565014
GAS,BAD,UCB_WITHOUT_VAE_UNCERTAINTY,47,Q loss,747,0.002106522675603628
GAS,BAD,UCB_WITHOUT_VAE_UNCERTAINTY,47,Q loss,748,0.0017565854359418154
GAS,BAD,UCB_WITHOUT_VAE_UNCERTAINTY,47,Q loss,749,0.0026254355907440186
GAS,BAD,UCB_WITHOUT_VAE_UNCERTAINTY,47,Q loss,750,0.002089940942823887
GAS,BAD,UCB_WITHOUT_VAE_UNCERTAINTY,47,Q loss,751,0.0023501068353652954
GAS,BAD,UCB_WITHOUT_VAE_UNCERTAINTY,47,Q loss,752,0.0010942479129880667
GAS,BAD,UCB_WITHOUT_VAE_UNCERTAINTY,47,Q loss,753,0.0030965411569923162
GAS,BAD,UCB_WITHOUT_VAE_UNCERTAINTY,47,Q loss,754,0.000827303621917963
GAS,BAD,UCB_WITHOUT_VAE_UNCERTAINTY,47,Q loss,755,0.00474219024181366
GAS,BAD,UCB_WITHOUT_VAE_UNCERTAINTY,47,Q loss,756,0.005198359489440918
GAS,BAD,UCB_WITHOUT_VAE_UNCERTAINTY,47,Q loss,757,0.0018981925677508116
GAS,BAD,UCB_WITHOUT_VAE_UNCERTAINTY,47,Q loss,758,0.0038454881869256496
GAS,BAD,UCB_WITHOUT_VAE_UNCERTAINTY,47,Q loss,759,0.000630278023891151
GAS,BAD,UCB_WITHOUT_VAE_UNCERTAINTY,47,Q loss,760,0.002968351822346449
GAS,BAD,UCB_WITHOUT_VAE_UNCERTAINTY,47,Q loss,761,0.0029984537977725267
GAS,BAD,UCB_WITHOUT_VAE_UNCERTAINTY,47,Q loss,762,0.0012010748032480478
GAS,BAD,UCB_WITHOUT_VAE_UNCERTAINTY,47,Q loss,763,0.00392026687040925
GAS,BAD,UCB_WITHOUT_VAE_UNCERTAINTY,47,Q loss,764,0.003321855328977108
GAS,BAD,UCB_WITHOUT_VAE_UNCERTAINTY,47,Q loss,765,0.0012549727689474821
GAS,BAD,UCB_WITHOUT_VAE_UNCERTAINTY,47,Q loss,766,0.0037534204311668873
GAS,BAD,UCB_WITHOUT_VAE_UNCERTAINTY,47,Q loss,767,0.002729930216446519
GAS,BAD,UCB_WITHOUT_VAE_UNCERTAINTY,47,Q loss,768,0.002734702080488205
GAS,BAD,UCB_WITHOUT_VAE_UNCERTAINTY,47,Q loss,769,0.005465640686452389
GAS,BAD,UCB_WITHOUT_VAE_UNCERTAINTY,47,Q loss,770,0.0017232127720490098
GAS,BAD,UCB_WITHOUT_VAE_UNCERTAINTY,47,Q loss,771,0.004097438417375088
GAS,BAD,UCB_WITHOUT_VAE_UNCERTAINTY,47,Q loss,772,0.0029302891343832016
GAS,BAD,UCB_WITHOUT_VAE_UNCERTAINTY,47,Q loss,773,0.0037022102624177933
GAS,BAD,UCB_WITHOUT_VAE_UNCERTAINTY,47,Q loss,774,0.000551793142221868
GAS,BAD,UCB_WITHOUT_VAE_UNCERTAINTY,47,Q loss,775,0.002075603697448969
GAS,BAD,UCB_WITHOUT_VAE_UNCERTAINTY,47,Q loss,776,0.0030489079654216766
GAS,BAD,UCB_WITHOUT_VAE_UNCERTAINTY,47,Q loss,777,0.0030488474294543266
GAS,BAD,UCB_WITHOUT_VAE_UNCERTAINTY,47,Q loss,778,0.000699719472322613
GAS,BAD,UCB_WITHOUT_VAE_UNCERTAINTY,47,Q loss,779,0.0016771431546658278
GAS,BAD,UCB_WITHOUT_VAE_UNCERTAINTY,47,Q loss,780,0.004856248386204243
GAS,BAD,UCB_WITHOUT_VAE_UNCERTAINTY,47,Q loss,781,0.0005789692513644695
GAS,BAD,UCB_WITHOUT_VAE_UNCERTAINTY,47,Q loss,782,0.0020978497341275215
GAS,BAD,UCB_WITHOUT_VAE_UNCERTAINTY,47,Q loss,783,0.003600980853661895
GAS,BAD,UCB_WITHOUT_VAE_UNCERTAINTY,47,Q loss,784,0.0017716761212795973
GAS,BAD,UCB_WITHOUT_VAE_UNCERTAINTY,47,Q loss,785,0.0012001616414636374
GAS,BAD,UCB_WITHOUT_VAE_UNCERTAINTY,47,Q loss,786,0.0029796608723700047
GAS,BAD,UCB_WITHOUT_VAE_UNCERTAINTY,47,Q loss,787,0.00326084578409791
GAS,BAD,UCB_WITHOUT_VAE_UNCERTAINTY,47,Q loss,788,0.001677206251770258
GAS,BAD,UCB_WITHOUT_VAE_UNCERTAINTY,47,Q loss,789,0.003280275035649538
GAS,BAD,UCB_WITHOUT_VAE_UNCERTAINTY,47,Q loss,790,0.006632424890995026
GAS,BAD,UCB_WITHOUT_VAE_UNCERTAINTY,47,Q loss,791,0.004365288652479649
GAS,BAD,UCB_WITHOUT_VAE_UNCERTAINTY,47,Q loss,792,0.0009962241165339947
GAS,BAD,UCB_WITHOUT_VAE_UNCERTAINTY,47,Q loss,793,0.002110007917508483
GAS,BAD,UCB_WITHOUT_VAE_UNCERTAINTY,47,Q loss,794,0.0034164700191468
GAS,BAD,UCB_WITHOUT_VAE_UNCERTAINTY,47,Q loss,795,0.0025344518944621086
GAS,BAD,UCB_WITHOUT_VAE_UNCERTAINTY,47,Q loss,796,0.001404646784067154
GAS,BAD,UCB_WITHOUT_VAE_UNCERTAINTY,47,Q loss,797,0.0032392125576734543
GAS,BAD,UCB_WITHOUT_VAE_UNCERTAINTY,47,Q loss,798,0.0013782712630927563
GAS,BAD,UCB_WITHOUT_VAE_UNCERTAINTY,47,Q loss,799,0.0027090974617749453
GAS,BAD,UCB_WITHOUT_VAE_UNCERTAINTY,47,Q loss,800,0.0013794105034321547
GAS,BAD,UCB_WITHOUT_VAE_UNCERTAINTY,47,Q loss,801,0.0032845018431544304
GAS,BAD,UCB_WITHOUT_VAE_UNCERTAINTY,47,Q loss,802,0.005054502747952938
GAS,BAD,UCB_WITHOUT_VAE_UNCERTAINTY,47,Q loss,803,0.002944890409708023
GAS,BAD,UCB_WITHOUT_VAE_UNCERTAINTY,47,Q loss,804,0.0025005319621413946
GAS,BAD,UCB_WITHOUT_VAE_UNCERTAINTY,47,Q loss,805,0.0046916501596570015
GAS,BAD,UCB_WITHOUT_VAE_UNCERTAINTY,47,Q loss,806,0.003235766664147377
GAS,BAD,UCB_WITHOUT_VAE_UNCERTAINTY,47,Q loss,807,0.002150911372154951
GAS,BAD,UCB_WITHOUT_VAE_UNCERTAINTY,47,Q loss,808,0.0035030818544328213
GAS,BAD,UCB_WITHOUT_VAE_UNCERTAINTY,47,Q loss,809,0.006972219329327345
GAS,BAD,UCB_WITHOUT_VAE_UNCERTAINTY,47,Cost loss,0,0.111537404358387
GAS,BAD,UCB_WITHOUT_VAE_UNCERTAINTY,47,Cost loss,1,0.10778959095478058
GAS,BAD,UCB_WITHOUT_VAE_UNCERTAINTY,47,Cost loss,2,0.10825560986995697
GAS,BAD,UCB_WITHOUT_VAE_UNCERTAINTY,47,Cost loss,3,0.10456570982933044
GAS,BAD,UCB_WITHOUT_VAE_UNCERTAINTY,47,Cost loss,4,0.10525594651699066
GAS,BAD,UCB_WITHOUT_VAE_UNCERTAINTY,47,Cost loss,5,0.10244709998369217
GAS,BAD,UCB_WITHOUT_VAE_UNCERTAINTY,47,Cost loss,6,0.10277113318443298
GAS,BAD,UCB_WITHOUT_VAE_UNCERTAINTY,47,Cost loss,7,0.09997983276844025
GAS,BAD,UCB_WITHOUT_VAE_UNCERTAINTY,47,Cost loss,8,0.09830521047115326
GAS,BAD,UCB_WITHOUT_VAE_UNCERTAINTY,47,Cost loss,9,0.09579639136791229
GAS,BAD,UCB_WITHOUT_VAE_UNCERTAINTY,47,Cost loss,10,0.09618517011404037
GAS,BAD,UCB_WITHOUT_VAE_UNCERTAINTY,47,Cost loss,11,0.09389104694128036
GAS,BAD,UCB_WITHOUT_VAE_UNCERTAINTY,47,Cost loss,12,0.09378471225500107
GAS,BAD,UCB_WITHOUT_VAE_UNCERTAINTY,47,Cost loss,13,0.09171156585216522
GAS,BAD,UCB_WITHOUT_VAE_UNCERTAINTY,47,Cost loss,14,0.08932507783174515
GAS,BAD,UCB_WITHOUT_VAE_UNCERTAINTY,47,Cost loss,15,0.08942626416683197
GAS,BAD,UCB_WITHOUT_VAE_UNCERTAINTY,47,Cost loss,16,0.08749281615018845
GAS,BAD,UCB_WITHOUT_VAE_UNCERTAINTY,47,Cost loss,17,0.08530157804489136
GAS,BAD,UCB_WITHOUT_VAE_UNCERTAINTY,47,Cost loss,18,0.08549590408802032
GAS,BAD,UCB_WITHOUT_VAE_UNCERTAINTY,47,Cost loss,19,0.0834922343492508
GAS,BAD,UCB_WITHOUT_VAE_UNCERTAINTY,47,Cost loss,20,0.08474735170602798
GAS,BAD,UCB_WITHOUT_VAE_UNCERTAINTY,47,Cost loss,21,0.08189363777637482
GAS,BAD,UCB_WITHOUT_VAE_UNCERTAINTY,47,Cost loss,22,0.08072979748249054
GAS,BAD,UCB_WITHOUT_VAE_UNCERTAINTY,47,Cost loss,23,0.07933445274829865
GAS,BAD,UCB_WITHOUT_VAE_UNCERTAINTY,47,Cost loss,24,0.07703009247779846
GAS,BAD,UCB_WITHOUT_VAE_UNCERTAINTY,47,Cost loss,25,0.07660864293575287
GAS,BAD,UCB_WITHOUT_VAE_UNCERTAINTY,47,Cost loss,26,0.07409011572599411
GAS,BAD,UCB_WITHOUT_VAE_UNCERTAINTY,47,Cost loss,27,0.07468465715646744
GAS,BAD,UCB_WITHOUT_VAE_UNCERTAINTY,47,Cost loss,28,0.07239925861358643
GAS,BAD,UCB_WITHOUT_VAE_UNCERTAINTY,47,Cost loss,29,0.07033470273017883
GAS,BAD,UCB_WITHOUT_VAE_UNCERTAINTY,47,Cost loss,30,0.07105009257793427
GAS,BAD,UCB_WITHOUT_VAE_UNCERTAINTY,47,Cost loss,31,0.06790099292993546
GAS,BAD,UCB_WITHOUT_VAE_UNCERTAINTY,47,Cost loss,32,0.06839630007743835
GAS,BAD,UCB_WITHOUT_VAE_UNCERTAINTY,47,Cost loss,33,0.06754051893949509
GAS,BAD,UCB_WITHOUT_VAE_UNCERTAINTY,47,Cost loss,34,0.06765002012252808
GAS,BAD,UCB_WITHOUT_VAE_UNCERTAINTY,47,Cost loss,35,0.06423225998878479
GAS,BAD,UCB_WITHOUT_VAE_UNCERTAINTY,47,Cost loss,36,0.06358905881643295
GAS,BAD,UCB_WITHOUT_VAE_UNCERTAINTY,47,Cost loss,37,0.06162672117352486
GAS,BAD,UCB_WITHOUT_VAE_UNCERTAINTY,47,Cost loss,38,0.06222489848732948
GAS,BAD,UCB_WITHOUT_VAE_UNCERTAINTY,47,Cost loss,39,0.06144559383392334
GAS,BAD,UCB_WITHOUT_VAE_UNCERTAINTY,47,Cost loss,40,0.05965351313352585
GAS,BAD,UCB_WITHOUT_VAE_UNCERTAINTY,47,Cost loss,41,0.05971120670437813
GAS,BAD,UCB_WITHOUT_VAE_UNCERTAINTY,47,Cost loss,42,0.058841489255428314
GAS,BAD,UCB_WITHOUT_VAE_UNCERTAINTY,47,Cost loss,43,0.056763216853141785
GAS,BAD,UCB_WITHOUT_VAE_UNCERTAINTY,47,Cost loss,44,0.05477699637413025
GAS,BAD,UCB_WITHOUT_VAE_UNCERTAINTY,47,Cost loss,45,0.054780855774879456
GAS,BAD,UCB_WITHOUT_VAE_UNCERTAINTY,47,Cost loss,46,0.053108952939510345
GAS,BAD,UCB_WITHOUT_VAE_UNCERTAINTY,47,Cost loss,47,0.05303020775318146
GAS,BAD,UCB_WITHOUT_VAE_UNCERTAINTY,47,Cost loss,48,0.051403358578681946
GAS,BAD,UCB_WITHOUT_VAE_UNCERTAINTY,47,Cost loss,49,0.04883269593119621
GAS,BAD,UCB_WITHOUT_VAE_UNCERTAINTY,47,Cost loss,50,0.049287501722574234
GAS,BAD,UCB_WITHOUT_VAE_UNCERTAINTY,47,Cost loss,51,0.049007028341293335
GAS,BAD,UCB_WITHOUT_VAE_UNCERTAINTY,47,Cost loss,52,0.048820625990629196
GAS,BAD,UCB_WITHOUT_VAE_UNCERTAINTY,47,Cost loss,53,0.04624857008457184
GAS,BAD,UCB_WITHOUT_VAE_UNCERTAINTY,47,Cost loss,54,0.0444517619907856
GAS,BAD,UCB_WITHOUT_VAE_UNCERTAINTY,47,Cost loss,55,0.045038990676403046
GAS,BAD,UCB_WITHOUT_VAE_UNCERTAINTY,47,Cost loss,56,0.04681351035833359
GAS,BAD,UCB_WITHOUT_VAE_UNCERTAINTY,47,Cost loss,57,0.04526444524526596
GAS,BAD,UCB_WITHOUT_VAE_UNCERTAINTY,47,Cost loss,58,0.040690064430236816
GAS,BAD,UCB_WITHOUT_VAE_UNCERTAINTY,47,Cost loss,59,0.04132772982120514
GAS,BAD,UCB_WITHOUT_VAE_UNCERTAINTY,47,Cost loss,60,0.04215705767273903
GAS,BAD,UCB_WITHOUT_VAE_UNCERTAINTY,47,Cost loss,61,0.04079994931817055
GAS,BAD,UCB_WITHOUT_VAE_UNCERTAINTY,47,Cost loss,62,0.04003147780895233
GAS,BAD,UCB_WITHOUT_VAE_UNCERTAINTY,47,Cost loss,63,0.03840773552656174
GAS,BAD,UCB_WITHOUT_VAE_UNCERTAINTY,47,Cost loss,64,0.03793814405798912
GAS,BAD,UCB_WITHOUT_VAE_UNCERTAINTY,47,Cost loss,65,0.037859659641981125
GAS,BAD,UCB_WITHOUT_VAE_UNCERTAINTY,47,Cost loss,66,0.038140758872032166
GAS,BAD,UCB_WITHOUT_VAE_UNCERTAINTY,47,Cost loss,67,0.035521499812603
GAS,BAD,UCB_WITHOUT_VAE_UNCERTAINTY,47,Cost loss,68,0.035062309354543686
GAS,BAD,UCB_WITHOUT_VAE_UNCERTAINTY,47,Cost loss,69,0.03526606783270836
GAS,BAD,UCB_WITHOUT_VAE_UNCERTAINTY,47,Cost loss,70,0.036139167845249176
GAS,BAD,UCB_WITHOUT_VAE_UNCERTAINTY,47,Cost loss,71,0.033812180161476135
GAS,BAD,UCB_WITHOUT_VAE_UNCERTAINTY,47,Cost loss,72,0.03391784057021141
GAS,BAD,UCB_WITHOUT_VAE_UNCERTAINTY,47,Cost loss,73,0.03211817517876625
GAS,BAD,UCB_WITHOUT_VAE_UNCERTAINTY,47,Cost loss,74,0.03214987367391586
GAS,BAD,UCB_WITHOUT_VAE_UNCERTAINTY,47,Cost loss,75,0.030199628323316574
GAS,BAD,UCB_WITHOUT_VAE_UNCERTAINTY,47,Cost loss,76,0.030262373387813568
GAS,BAD,UCB_WITHOUT_VAE_UNCERTAINTY,47,Cost loss,77,0.02974669076502323
GAS,BAD,UCB_WITHOUT_VAE_UNCERTAINTY,47,Cost loss,78,0.02892305888235569
GAS,BAD,UCB_WITHOUT_VAE_UNCERTAINTY,47,Cost loss,79,0.02795937843620777
GAS,BAD,UCB_WITHOUT_VAE_UNCERTAINTY,47,Cost loss,80,0.02791038155555725
GAS,BAD,UCB_WITHOUT_VAE_UNCERTAINTY,47,Cost loss,81,0.024737872183322906
GAS,BAD,UCB_WITHOUT_VAE_UNCERTAINTY,47,Cost loss,82,0.026277337223291397
GAS,BAD,UCB_WITHOUT_VAE_UNCERTAINTY,47,Cost loss,83,0.02563358098268509
GAS,BAD,UCB_WITHOUT_VAE_UNCERTAINTY,47,Cost loss,84,0.025719065219163895
GAS,BAD,UCB_WITHOUT_VAE_UNCERTAINTY,47,Cost loss,85,0.02453678287565708
GAS,BAD,UCB_WITHOUT_VAE_UNCERTAINTY,47,Cost loss,86,0.024804478511214256
GAS,BAD,UCB_WITHOUT_VAE_UNCERTAINTY,47,Cost loss,87,0.023794539272785187
GAS,BAD,UCB_WITHOUT_VAE_UNCERTAINTY,47,Cost loss,88,0.024294765666127205
GAS,BAD,UCB_WITHOUT_VAE_UNCERTAINTY,47,Cost loss,89,0.02303094044327736
GAS,BAD,UCB_WITHOUT_VAE_UNCERTAINTY,47,Cost loss,90,0.02346845343708992
GAS,BAD,UCB_WITHOUT_VAE_UNCERTAINTY,47,Cost loss,91,0.021905772387981415
GAS,BAD,UCB_WITHOUT_VAE_UNCERTAINTY,47,Cost loss,92,0.02204134687781334
GAS,BAD,UCB_WITHOUT_VAE_UNCERTAINTY,47,Cost loss,93,0.021838948130607605
GAS,BAD,UCB_WITHOUT_VAE_UNCERTAINTY,47,Cost loss,94,0.02115768939256668
GAS,BAD,UCB_WITHOUT_VAE_UNCERTAINTY,47,Cost loss,95,0.021166808903217316
GAS,BAD,UCB_WITHOUT_VAE_UNCERTAINTY,47,Cost loss,96,0.020269354805350304
GAS,BAD,UCB_WITHOUT_VAE_UNCERTAINTY,47,Cost loss,97,0.019986461848020554
GAS,BAD,UCB_WITHOUT_VAE_UNCERTAINTY,47,Cost loss,98,0.02002565562725067
GAS,BAD,UCB_WITHOUT_VAE_UNCERTAINTY,47,Cost loss,99,0.018304388970136642
GAS,BAD,UCB_WITHOUT_VAE_UNCERTAINTY,47,Cost loss,100,0.01912091299891472
GAS,BAD,UCB_WITHOUT_VAE_UNCERTAINTY,47,Cost loss,101,0.01885872706770897
GAS,BAD,UCB_WITHOUT_VAE_UNCERTAINTY,47,Cost loss,102,0.01889145001769066
GAS,BAD,UCB_WITHOUT_VAE_UNCERTAINTY,47,Cost loss,103,0.017754867672920227
GAS,BAD,UCB_WITHOUT_VAE_UNCERTAINTY,47,Cost loss,104,0.017527775838971138
GAS,BAD,UCB_WITHOUT_VAE_UNCERTAINTY,47,Cost loss,105,0.01906249299645424
GAS,BAD,UCB_WITHOUT_VAE_UNCERTAINTY,47,Cost loss,106,0.017035678029060364
GAS,BAD,UCB_WITHOUT_VAE_UNCERTAINTY,47,Cost loss,107,0.017841778695583344
GAS,BAD,UCB_WITHOUT_VAE_UNCERTAINTY,47,Cost loss,108,0.01683899760246277
GAS,BAD,UCB_WITHOUT_VAE_UNCERTAINTY,47,Cost loss,109,0.018357854336500168
GAS,BAD,UCB_WITHOUT_VAE_UNCERTAINTY,47,Cost loss,110,0.016630399972200394
GAS,BAD,UCB_WITHOUT_VAE_UNCERTAINTY,47,Cost loss,111,0.016220979392528534
GAS,BAD,UCB_WITHOUT_VAE_UNCERTAINTY,47,Cost loss,112,0.01560679730027914
GAS,BAD,UCB_WITHOUT_VAE_UNCERTAINTY,47,Cost loss,113,0.015959350392222404
GAS,BAD,UCB_WITHOUT_VAE_UNCERTAINTY,47,Cost loss,114,0.015075056813657284
GAS,BAD,UCB_WITHOUT_VAE_UNCERTAINTY,47,Cost loss,115,0.01469277124851942
GAS,BAD,UCB_WITHOUT_VAE_UNCERTAINTY,47,Cost loss,116,0.014968539588153362
GAS,BAD,UCB_WITHOUT_VAE_UNCERTAINTY,47,Cost loss,117,0.014134481549263
GAS,BAD,UCB_WITHOUT_VAE_UNCERTAINTY,47,Cost loss,118,0.014626028016209602
GAS,BAD,UCB_WITHOUT_VAE_UNCERTAINTY,47,Cost loss,119,0.014455974102020264
GAS,BAD,UCB_WITHOUT_VAE_UNCERTAINTY,47,Cost loss,120,0.013386530801653862
GAS,BAD,UCB_WITHOUT_VAE_UNCERTAINTY,47,Cost loss,121,0.013947369530797005
GAS,BAD,UCB_WITHOUT_VAE_UNCERTAINTY,47,Cost loss,122,0.012695466168224812
GAS,BAD,UCB_WITHOUT_VAE_UNCERTAINTY,47,Cost loss,123,0.012849023565649986
GAS,BAD,UCB_WITHOUT_VAE_UNCERTAINTY,47,Cost loss,124,0.01246020570397377
GAS,BAD,UCB_WITHOUT_VAE_UNCERTAINTY,47,Cost loss,125,0.012228388339281082
GAS,BAD,UCB_WITHOUT_VAE_UNCERTAINTY,47,Cost loss,126,0.012633165344595909
GAS,BAD,UCB_WITHOUT_VAE_UNCERTAINTY,47,Cost loss,127,0.011593284085392952
GAS,BAD,UCB_WITHOUT_VAE_UNCERTAINTY,47,Cost loss,128,0.01128305308520794
GAS,BAD,UCB_WITHOUT_VAE_UNCERTAINTY,47,Cost loss,129,0.011592870578169823
GAS,BAD,UCB_WITHOUT_VAE_UNCERTAINTY,47,Cost loss,130,0.010803247801959515
GAS,BAD,UCB_WITHOUT_VAE_UNCERTAINTY,47,Cost loss,131,0.01058044470846653
GAS,BAD,UCB_WITHOUT_VAE_UNCERTAINTY,47,Cost loss,132,0.010177508927881718
GAS,BAD,UCB_WITHOUT_VAE_UNCERTAINTY,47,Cost loss,133,0.009111445397138596
GAS,BAD,UCB_WITHOUT_VAE_UNCERTAINTY,47,Cost loss,134,0.009530223906040192
GAS,BAD,UCB_WITHOUT_VAE_UNCERTAINTY,47,Cost loss,135,0.008829046040773392
GAS,BAD,UCB_WITHOUT_VAE_UNCERTAINTY,47,Cost loss,136,0.00898793525993824
GAS,BAD,UCB_WITHOUT_VAE_UNCERTAINTY,47,Cost loss,137,0.008636659942567348
GAS,BAD,UCB_WITHOUT_VAE_UNCERTAINTY,47,Cost loss,138,0.008468450978398323
GAS,BAD,UCB_WITHOUT_VAE_UNCERTAINTY,47,Cost loss,139,0.008835391141474247
GAS,BAD,UCB_WITHOUT_VAE_UNCERTAINTY,47,Cost loss,140,0.008304134011268616
GAS,BAD,UCB_WITHOUT_VAE_UNCERTAINTY,47,Cost loss,141,0.008113699033856392
GAS,BAD,UCB_WITHOUT_VAE_UNCERTAINTY,47,Cost loss,142,0.007696427404880524
GAS,BAD,UCB_WITHOUT_VAE_UNCERTAINTY,47,Cost loss,143,0.008122239261865616
GAS,BAD,UCB_WITHOUT_VAE_UNCERTAINTY,47,Cost loss,144,0.007430680096149445
GAS,BAD,UCB_WITHOUT_VAE_UNCERTAINTY,48,Q loss,0,0.023242276161909103
GAS,BAD,UCB_WITHOUT_VAE_UNCERTAINTY,48,Q loss,1,0.016223173588514328
GAS,BAD,UCB_WITHOUT_VAE_UNCERTAINTY,48,Q loss,2,0.028707219287753105
GAS,BAD,UCB_WITHOUT_VAE_UNCERTAINTY,48,Q loss,3,0.03632337227463722
GAS,BAD,UCB_WITHOUT_VAE_UNCERTAINTY,48,Q loss,4,0.026545125991106033
GAS,BAD,UCB_WITHOUT_VAE_UNCERTAINTY,48,Q loss,5,0.03548084944486618
GAS,BAD,UCB_WITHOUT_VAE_UNCERTAINTY,48,Q loss,6,0.018442688509821892
GAS,BAD,UCB_WITHOUT_VAE_UNCERTAINTY,48,Q loss,7,0.022438980638980865
GAS,BAD,UCB_WITHOUT_VAE_UNCERTAINTY,48,Q loss,8,0.021961672231554985
GAS,BAD,UCB_WITHOUT_VAE_UNCERTAINTY,48,Q loss,9,0.03516962379217148
GAS,BAD,UCB_WITHOUT_VAE_UNCERTAINTY,48,Q loss,10,0.06252807378768921
GAS,BAD,UCB_WITHOUT_VAE_UNCERTAINTY,48,Q loss,11,0.07932714372873306
GAS,BAD,UCB_WITHOUT_VAE_UNCERTAINTY,48,Q loss,12,0.10461974143981934
GAS,BAD,UCB_WITHOUT_VAE_UNCERTAINTY,48,Q loss,13,0.056467100977897644
GAS,BAD,UCB_WITHOUT_VAE_UNCERTAINTY,48,Q loss,14,0.04308479279279709
GAS,BAD,UCB_WITHOUT_VAE_UNCERTAINTY,48,Q loss,15,0.032506369054317474
GAS,BAD,UCB_WITHOUT_VAE_UNCERTAINTY,48,Q loss,16,0.04536958038806915
GAS,BAD,UCB_WITHOUT_VAE_UNCERTAINTY,48,Q loss,17,0.10177823901176453
GAS,BAD,UCB_WITHOUT_VAE_UNCERTAINTY,48,Q loss,18,0.033737361431121826
GAS,BAD,UCB_WITHOUT_VAE_UNCERTAINTY,48,Q loss,19,0.012357036583125591
GAS,BAD,UCB_WITHOUT_VAE_UNCERTAINTY,48,Q loss,20,0.044557638466358185
GAS,BAD,UCB_WITHOUT_VAE_UNCERTAINTY,48,Q loss,21,0.027137547731399536
GAS,BAD,UCB_WITHOUT_VAE_UNCERTAINTY,48,Q loss,22,0.01833489164710045
GAS,BAD,UCB_WITHOUT_VAE_UNCERTAINTY,48,Q loss,23,0.02451355755329132
GAS,BAD,UCB_WITHOUT_VAE_UNCERTAINTY,48,Q loss,24,0.024779336526989937
GAS,BAD,UCB_WITHOUT_VAE_UNCERTAINTY,48,Q loss,25,0.013165198266506195
GAS,BAD,UCB_WITHOUT_VAE_UNCERTAINTY,48,Q loss,26,0.017325639724731445
GAS,BAD,UCB_WITHOUT_VAE_UNCERTAINTY,48,Q loss,27,0.05889290198683739
GAS,BAD,UCB_WITHOUT_VAE_UNCERTAINTY,48,Q loss,28,0.041762180626392365
GAS,BAD,UCB_WITHOUT_VAE_UNCERTAINTY,48,Q loss,29,0.041583165526390076
GAS,BAD,UCB_WITHOUT_VAE_UNCERTAINTY,48,Q loss,30,0.03343311324715614
GAS,BAD,UCB_WITHOUT_VAE_UNCERTAINTY,48,Q loss,31,0.06069628894329071
GAS,BAD,UCB_WITHOUT_VAE_UNCERTAINTY,48,Q loss,32,0.02150619961321354
GAS,BAD,UCB_WITHOUT_VAE_UNCERTAINTY,48,Q loss,33,0.04200758412480354
GAS,BAD,UCB_WITHOUT_VAE_UNCERTAINTY,48,Q loss,34,0.054287031292915344
GAS,BAD,UCB_WITHOUT_VAE_UNCERTAINTY,48,Q loss,35,0.08800893276929855
GAS,BAD,UCB_WITHOUT_VAE_UNCERTAINTY,48,Q loss,36,0.019408345222473145
GAS,BAD,UCB_WITHOUT_VAE_UNCERTAINTY,48,Q loss,37,0.009452839381992817
GAS,BAD,UCB_WITHOUT_VAE_UNCERTAINTY,48,Q loss,38,0.020517699420452118
GAS,BAD,UCB_WITHOUT_VAE_UNCERTAINTY,48,Q loss,39,0.029796939343214035
GAS,BAD,UCB_WITHOUT_VAE_UNCERTAINTY,48,Q loss,40,0.013349199667572975
GAS,BAD,UCB_WITHOUT_VAE_UNCERTAINTY,48,Q loss,41,0.0356341227889061
GAS,BAD,UCB_WITHOUT_VAE_UNCERTAINTY,48,Q loss,42,0.036214716732501984
GAS,BAD,UCB_WITHOUT_VAE_UNCERTAINTY,48,Q loss,43,0.04856286942958832
GAS,BAD,UCB_WITHOUT_VAE_UNCERTAINTY,48,Q loss,44,0.03596286475658417
GAS,BAD,UCB_WITHOUT_VAE_UNCERTAINTY,48,Q loss,45,0.05933006852865219
GAS,BAD,UCB_WITHOUT_VAE_UNCERTAINTY,48,Q loss,46,0.060276489704847336
GAS,BAD,UCB_WITHOUT_VAE_UNCERTAINTY,48,Q loss,47,0.05801410600543022
GAS,BAD,UCB_WITHOUT_VAE_UNCERTAINTY,48,Q loss,48,0.04819726198911667
GAS,BAD,UCB_WITHOUT_VAE_UNCERTAINTY,48,Q loss,49,0.0311044342815876
GAS,BAD,UCB_WITHOUT_VAE_UNCERTAINTY,48,Q loss,50,0.054342351853847504
GAS,BAD,UCB_WITHOUT_VAE_UNCERTAINTY,48,Q loss,51,0.04383191838860512
GAS,BAD,UCB_WITHOUT_VAE_UNCERTAINTY,48,Q loss,52,0.06786017119884491
GAS,BAD,UCB_WITHOUT_VAE_UNCERTAINTY,48,Q loss,53,0.07815946638584137
GAS,BAD,UCB_WITHOUT_VAE_UNCERTAINTY,48,Q loss,54,0.025159282609820366
GAS,BAD,UCB_WITHOUT_VAE_UNCERTAINTY,48,Q loss,55,0.013802003115415573
GAS,BAD,UCB_WITHOUT_VAE_UNCERTAINTY,48,Q loss,56,0.027800200507044792
GAS,BAD,UCB_WITHOUT_VAE_UNCERTAINTY,48,Q loss,57,0.019437316805124283
GAS,BAD,UCB_WITHOUT_VAE_UNCERTAINTY,48,Q loss,58,0.017361655831336975
GAS,BAD,UCB_WITHOUT_VAE_UNCERTAINTY,48,Q loss,59,0.019372573122382164
GAS,BAD,UCB_WITHOUT_VAE_UNCERTAINTY,48,Q loss,60,0.012559149414300919
GAS,BAD,UCB_WITHOUT_VAE_UNCERTAINTY,48,Q loss,61,0.01323974784463644
GAS,BAD,UCB_WITHOUT_VAE_UNCERTAINTY,48,Q loss,62,0.011785995215177536
GAS,BAD,UCB_WITHOUT_VAE_UNCERTAINTY,48,Q loss,63,0.024022167548537254
GAS,BAD,UCB_WITHOUT_VAE_UNCERTAINTY,48,Q loss,64,0.105253666639328
GAS,BAD,UCB_WITHOUT_VAE_UNCERTAINTY,48,Q loss,65,0.055740587413311005
GAS,BAD,UCB_WITHOUT_VAE_UNCERTAINTY,48,Q loss,66,0.03616674989461899
GAS,BAD,UCB_WITHOUT_VAE_UNCERTAINTY,48,Q loss,67,0.047420963644981384
GAS,BAD,UCB_WITHOUT_VAE_UNCERTAINTY,48,Q loss,68,0.032080356031656265
GAS,BAD,UCB_WITHOUT_VAE_UNCERTAINTY,48,Q loss,69,0.02803068980574608
GAS,BAD,UCB_WITHOUT_VAE_UNCERTAINTY,48,Q loss,70,0.039010610431432724
GAS,BAD,UCB_WITHOUT_VAE_UNCERTAINTY,48,Q loss,71,0.05695030093193054
GAS,BAD,UCB_WITHOUT_VAE_UNCERTAINTY,48,Q loss,72,0.029663797467947006
GAS,BAD,UCB_WITHOUT_VAE_UNCERTAINTY,48,Q loss,73,0.015525677241384983
GAS,BAD,UCB_WITHOUT_VAE_UNCERTAINTY,48,Q loss,74,0.024408668279647827
GAS,BAD,UCB_WITHOUT_VAE_UNCERTAINTY,48,Q loss,75,0.022813208401203156
GAS,BAD,UCB_WITHOUT_VAE_UNCERTAINTY,48,Q loss,76,0.018391747027635574
GAS,BAD,UCB_WITHOUT_VAE_UNCERTAINTY,48,Q loss,77,0.020136039704084396
GAS,BAD,UCB_WITHOUT_VAE_UNCERTAINTY,48,Q loss,78,0.009189688600599766
GAS,BAD,UCB_WITHOUT_VAE_UNCERTAINTY,48,Q loss,79,0.01375696063041687
GAS,BAD,UCB_WITHOUT_VAE_UNCERTAINTY,48,Q loss,80,0.011319514364004135
GAS,BAD,UCB_WITHOUT_VAE_UNCERTAINTY,48,Q loss,81,0.01779845356941223
GAS,BAD,UCB_WITHOUT_VAE_UNCERTAINTY,48,Q loss,82,0.03504765033721924
GAS,BAD,UCB_WITHOUT_VAE_UNCERTAINTY,48,Q loss,83,0.016306256875395775
GAS,BAD,UCB_WITHOUT_VAE_UNCERTAINTY,48,Q loss,84,0.03352756425738335
GAS,BAD,UCB_WITHOUT_VAE_UNCERTAINTY,48,Q loss,85,0.030864790081977844
GAS,BAD,UCB_WITHOUT_VAE_UNCERTAINTY,48,Q loss,86,0.01799420267343521
GAS,BAD,UCB_WITHOUT_VAE_UNCERTAINTY,48,Q loss,87,0.039312977343797684
GAS,BAD,UCB_WITHOUT_VAE_UNCERTAINTY,48,Q loss,88,0.05119028687477112
GAS,BAD,UCB_WITHOUT_VAE_UNCERTAINTY,48,Q loss,89,0.09951575100421906
GAS,BAD,UCB_WITHOUT_VAE_UNCERTAINTY,48,Q loss,90,0.02312200888991356
GAS,BAD,UCB_WITHOUT_VAE_UNCERTAINTY,48,Q loss,91,0.004627239890396595
GAS,BAD,UCB_WITHOUT_VAE_UNCERTAINTY,48,Q loss,92,0.0326872244477272
GAS,BAD,UCB_WITHOUT_VAE_UNCERTAINTY,48,Q loss,93,0.03880267217755318
GAS,BAD,UCB_WITHOUT_VAE_UNCERTAINTY,48,Q loss,94,0.009380838833749294
GAS,BAD,UCB_WITHOUT_VAE_UNCERTAINTY,48,Q loss,95,0.00925036147236824
GAS,BAD,UCB_WITHOUT_VAE_UNCERTAINTY,48,Q loss,96,0.00925451423972845
GAS,BAD,UCB_WITHOUT_VAE_UNCERTAINTY,48,Q loss,97,0.009935148060321808
GAS,BAD,UCB_WITHOUT_VAE_UNCERTAINTY,48,Q loss,98,0.0057091619819402695
GAS,BAD,UCB_WITHOUT_VAE_UNCERTAINTY,48,Q loss,99,0.021899275481700897
GAS,BAD,UCB_WITHOUT_VAE_UNCERTAINTY,48,Q loss,100,0.023447684943675995
GAS,BAD,UCB_WITHOUT_VAE_UNCERTAINTY,48,Q loss,101,0.11901319026947021
GAS,BAD,UCB_WITHOUT_VAE_UNCERTAINTY,48,Q loss,102,0.1281501054763794
GAS,BAD,UCB_WITHOUT_VAE_UNCERTAINTY,48,Q loss,103,0.08729586005210876
GAS,BAD,UCB_WITHOUT_VAE_UNCERTAINTY,48,Q loss,104,0.10669749975204468
GAS,BAD,UCB_WITHOUT_VAE_UNCERTAINTY,48,Q loss,105,0.09370290488004684
GAS,BAD,UCB_WITHOUT_VAE_UNCERTAINTY,48,Q loss,106,0.11029075086116791
GAS,BAD,UCB_WITHOUT_VAE_UNCERTAINTY,48,Q loss,107,0.14351753890514374
GAS,BAD,UCB_WITHOUT_VAE_UNCERTAINTY,48,Q loss,108,0.030241498723626137
GAS,BAD,UCB_WITHOUT_VAE_UNCERTAINTY,48,Q loss,109,0.007714805658906698
GAS,BAD,UCB_WITHOUT_VAE_UNCERTAINTY,48,Q loss,110,0.014795918017625809
GAS,BAD,UCB_WITHOUT_VAE_UNCERTAINTY,48,Q loss,111,0.013755603693425655
GAS,BAD,UCB_WITHOUT_VAE_UNCERTAINTY,48,Q loss,112,0.012995358556509018
GAS,BAD,UCB_WITHOUT_VAE_UNCERTAINTY,48,Q loss,113,0.013785747811198235
GAS,BAD,UCB_WITHOUT_VAE_UNCERTAINTY,48,Q loss,114,0.012048876844346523
GAS,BAD,UCB_WITHOUT_VAE_UNCERTAINTY,48,Q loss,115,0.003181510604918003
GAS,BAD,UCB_WITHOUT_VAE_UNCERTAINTY,48,Q loss,116,0.008966894820332527
GAS,BAD,UCB_WITHOUT_VAE_UNCERTAINTY,48,Q loss,117,0.020165394991636276
GAS,BAD,UCB_WITHOUT_VAE_UNCERTAINTY,48,Q loss,118,0.033525675535202026
GAS,BAD,UCB_WITHOUT_VAE_UNCERTAINTY,48,Q loss,119,0.016721688210964203
GAS,BAD,UCB_WITHOUT_VAE_UNCERTAINTY,48,Q loss,120,0.007041294127702713
GAS,BAD,UCB_WITHOUT_VAE_UNCERTAINTY,48,Q loss,121,0.01158437505364418
GAS,BAD,UCB_WITHOUT_VAE_UNCERTAINTY,48,Q loss,122,0.01224359218031168
GAS,BAD,UCB_WITHOUT_VAE_UNCERTAINTY,48,Q loss,123,0.014442110434174538
GAS,BAD,UCB_WITHOUT_VAE_UNCERTAINTY,48,Q loss,124,0.014810586348176003
GAS,BAD,UCB_WITHOUT_VAE_UNCERTAINTY,48,Q loss,125,0.024209557101130486
GAS,BAD,UCB_WITHOUT_VAE_UNCERTAINTY,48,Q loss,126,0.015398177318274975
GAS,BAD,UCB_WITHOUT_VAE_UNCERTAINTY,48,Q loss,127,0.005638708360493183
GAS,BAD,UCB_WITHOUT_VAE_UNCERTAINTY,48,Q loss,128,0.010959929786622524
GAS,BAD,UCB_WITHOUT_VAE_UNCERTAINTY,48,Q loss,129,0.02033810317516327
GAS,BAD,UCB_WITHOUT_VAE_UNCERTAINTY,48,Q loss,130,0.013746460899710655
GAS,BAD,UCB_WITHOUT_VAE_UNCERTAINTY,48,Q loss,131,0.003983207978308201
GAS,BAD,UCB_WITHOUT_VAE_UNCERTAINTY,48,Q loss,132,0.007813138887286186
GAS,BAD,UCB_WITHOUT_VAE_UNCERTAINTY,48,Q loss,133,0.005855383351445198
GAS,BAD,UCB_WITHOUT_VAE_UNCERTAINTY,48,Q loss,134,0.002891565440222621
GAS,BAD,UCB_WITHOUT_VAE_UNCERTAINTY,48,Q loss,135,0.02813684195280075
GAS,BAD,UCB_WITHOUT_VAE_UNCERTAINTY,48,Q loss,136,0.016349628567695618
GAS,BAD,UCB_WITHOUT_VAE_UNCERTAINTY,48,Q loss,137,0.00691444706171751
GAS,BAD,UCB_WITHOUT_VAE_UNCERTAINTY,48,Q loss,138,0.005226131994277239
GAS,BAD,UCB_WITHOUT_VAE_UNCERTAINTY,48,Q loss,139,0.018261197954416275
GAS,BAD,UCB_WITHOUT_VAE_UNCERTAINTY,48,Q loss,140,0.009303474798798561
GAS,BAD,UCB_WITHOUT_VAE_UNCERTAINTY,48,Q loss,141,0.015122992917895317
GAS,BAD,UCB_WITHOUT_VAE_UNCERTAINTY,48,Q loss,142,0.013210266828536987
GAS,BAD,UCB_WITHOUT_VAE_UNCERTAINTY,48,Q loss,143,0.027257557958364487
GAS,BAD,UCB_WITHOUT_VAE_UNCERTAINTY,48,Q loss,144,0.014904895797371864
GAS,BAD,UCB_WITHOUT_VAE_UNCERTAINTY,48,Q loss,145,0.013417386449873447
GAS,BAD,UCB_WITHOUT_VAE_UNCERTAINTY,48,Q loss,146,0.018436580896377563
GAS,BAD,UCB_WITHOUT_VAE_UNCERTAINTY,48,Q loss,147,0.01102207601070404
GAS,BAD,UCB_WITHOUT_VAE_UNCERTAINTY,48,Q loss,148,0.009234478697180748
GAS,BAD,UCB_WITHOUT_VAE_UNCERTAINTY,48,Q loss,149,0.005859969649463892
GAS,BAD,UCB_WITHOUT_VAE_UNCERTAINTY,48,Q loss,150,0.003531442256644368
GAS,BAD,UCB_WITHOUT_VAE_UNCERTAINTY,48,Q loss,151,0.006219358183443546
GAS,BAD,UCB_WITHOUT_VAE_UNCERTAINTY,48,Q loss,152,0.0036362993996590376
GAS,BAD,UCB_WITHOUT_VAE_UNCERTAINTY,48,Q loss,153,0.007621390745043755
GAS,BAD,UCB_WITHOUT_VAE_UNCERTAINTY,48,Q loss,154,0.04875384271144867
GAS,BAD,UCB_WITHOUT_VAE_UNCERTAINTY,48,Q loss,155,0.09693891555070877
GAS,BAD,UCB_WITHOUT_VAE_UNCERTAINTY,48,Q loss,156,0.06974933296442032
GAS,BAD,UCB_WITHOUT_VAE_UNCERTAINTY,48,Q loss,157,0.059044964611530304
GAS,BAD,UCB_WITHOUT_VAE_UNCERTAINTY,48,Q loss,158,0.040805570781230927
GAS,BAD,UCB_WITHOUT_VAE_UNCERTAINTY,48,Q loss,159,0.07357670366764069
GAS,BAD,UCB_WITHOUT_VAE_UNCERTAINTY,48,Q loss,160,0.048522911965847015
GAS,BAD,UCB_WITHOUT_VAE_UNCERTAINTY,48,Q loss,161,0.05892934650182724
GAS,BAD,UCB_WITHOUT_VAE_UNCERTAINTY,48,Q loss,162,0.01296227052807808
GAS,BAD,UCB_WITHOUT_VAE_UNCERTAINTY,48,Q loss,163,0.006766060832887888
GAS,BAD,UCB_WITHOUT_VAE_UNCERTAINTY,48,Q loss,164,0.008108951151371002
GAS,BAD,UCB_WITHOUT_VAE_UNCERTAINTY,48,Q loss,165,0.0074217189103364944
GAS,BAD,UCB_WITHOUT_VAE_UNCERTAINTY,48,Q loss,166,0.004590200260281563
GAS,BAD,UCB_WITHOUT_VAE_UNCERTAINTY,48,Q loss,167,0.0065325358882546425
GAS,BAD,UCB_WITHOUT_VAE_UNCERTAINTY,48,Q loss,168,0.006174431182444096
GAS,BAD,UCB_WITHOUT_VAE_UNCERTAINTY,48,Q loss,169,0.0017933687195181847
GAS,BAD,UCB_WITHOUT_VAE_UNCERTAINTY,48,Q loss,170,0.0031943193171173334
GAS,BAD,UCB_WITHOUT_VAE_UNCERTAINTY,48,Q loss,171,0.004215731751173735
GAS,BAD,UCB_WITHOUT_VAE_UNCERTAINTY,48,Q loss,172,0.019118040800094604
GAS,BAD,UCB_WITHOUT_VAE_UNCERTAINTY,48,Q loss,173,0.00694928877055645
GAS,BAD,UCB_WITHOUT_VAE_UNCERTAINTY,48,Q loss,174,0.009973278269171715
GAS,BAD,UCB_WITHOUT_VAE_UNCERTAINTY,48,Q loss,175,0.00425098929554224
GAS,BAD,UCB_WITHOUT_VAE_UNCERTAINTY,48,Q loss,176,0.002773013897240162
GAS,BAD,UCB_WITHOUT_VAE_UNCERTAINTY,48,Q loss,177,0.004620038904249668
GAS,BAD,UCB_WITHOUT_VAE_UNCERTAINTY,48,Q loss,178,0.0042394008487463
GAS,BAD,UCB_WITHOUT_VAE_UNCERTAINTY,48,Q loss,179,0.011016106233000755
GAS,BAD,UCB_WITHOUT_VAE_UNCERTAINTY,48,Q loss,180,0.00824810191988945
GAS,BAD,UCB_WITHOUT_VAE_UNCERTAINTY,48,Q loss,181,0.0052636307664215565
GAS,BAD,UCB_WITHOUT_VAE_UNCERTAINTY,48,Q loss,182,0.010712258517742157
GAS,BAD,UCB_WITHOUT_VAE_UNCERTAINTY,48,Q loss,183,0.009299039840698242
GAS,BAD,UCB_WITHOUT_VAE_UNCERTAINTY,48,Q loss,184,0.0034506507217884064
GAS,BAD,UCB_WITHOUT_VAE_UNCERTAINTY,48,Q loss,185,0.011917759664356709
GAS,BAD,UCB_WITHOUT_VAE_UNCERTAINTY,48,Q loss,186,0.009092005901038647
GAS,BAD,UCB_WITHOUT_VAE_UNCERTAINTY,48,Q loss,187,0.0034187138080596924
GAS,BAD,UCB_WITHOUT_VAE_UNCERTAINTY,48,Q loss,188,0.0047874366864562035
GAS,BAD,UCB_WITHOUT_VAE_UNCERTAINTY,48,Q loss,189,0.004695869516581297
GAS,BAD,UCB_WITHOUT_VAE_UNCERTAINTY,48,Q loss,190,0.018758228048682213
GAS,BAD,UCB_WITHOUT_VAE_UNCERTAINTY,48,Q loss,191,0.011540690436959267
GAS,BAD,UCB_WITHOUT_VAE_UNCERTAINTY,48,Q loss,192,0.007037944160401821
GAS,BAD,UCB_WITHOUT_VAE_UNCERTAINTY,48,Q loss,193,0.006266149692237377
GAS,BAD,UCB_WITHOUT_VAE_UNCERTAINTY,48,Q loss,194,0.007447718642652035
GAS,BAD,UCB_WITHOUT_VAE_UNCERTAINTY,48,Q loss,195,0.0070074317045509815
GAS,BAD,UCB_WITHOUT_VAE_UNCERTAINTY,48,Q loss,196,0.007149265147745609
GAS,BAD,UCB_WITHOUT_VAE_UNCERTAINTY,48,Q loss,197,0.013741604052484035
GAS,BAD,UCB_WITHOUT_VAE_UNCERTAINTY,48,Q loss,198,0.006196950562298298
GAS,BAD,UCB_WITHOUT_VAE_UNCERTAINTY,48,Q loss,199,0.006427795626223087
GAS,BAD,UCB_WITHOUT_VAE_UNCERTAINTY,48,Q loss,200,0.0021358674857765436
GAS,BAD,UCB_WITHOUT_VAE_UNCERTAINTY,48,Q loss,201,0.00950082391500473
GAS,BAD,UCB_WITHOUT_VAE_UNCERTAINTY,48,Q loss,202,0.003916993737220764
GAS,BAD,UCB_WITHOUT_VAE_UNCERTAINTY,48,Q loss,203,0.0030006165616214275
GAS,BAD,UCB_WITHOUT_VAE_UNCERTAINTY,48,Q loss,204,0.004227926954627037
GAS,BAD,UCB_WITHOUT_VAE_UNCERTAINTY,48,Q loss,205,0.0026844090316444635
GAS,BAD,UCB_WITHOUT_VAE_UNCERTAINTY,48,Q loss,206,0.004262099973857403
GAS,BAD,UCB_WITHOUT_VAE_UNCERTAINTY,48,Q loss,207,0.007676068227738142
GAS,BAD,UCB_WITHOUT_VAE_UNCERTAINTY,48,Q loss,208,0.011009721085429192
GAS,BAD,UCB_WITHOUT_VAE_UNCERTAINTY,48,Q loss,209,0.013702227734029293
GAS,BAD,UCB_WITHOUT_VAE_UNCERTAINTY,48,Q loss,210,0.006621111650019884
GAS,BAD,UCB_WITHOUT_VAE_UNCERTAINTY,48,Q loss,211,0.006182511802762747
GAS,BAD,UCB_WITHOUT_VAE_UNCERTAINTY,48,Q loss,212,0.004756630398333073
GAS,BAD,UCB_WITHOUT_VAE_UNCERTAINTY,48,Q loss,213,0.008021537214517593
GAS,BAD,UCB_WITHOUT_VAE_UNCERTAINTY,48,Q loss,214,0.009314983151853085
GAS,BAD,UCB_WITHOUT_VAE_UNCERTAINTY,48,Q loss,215,0.009011438116431236
GAS,BAD,UCB_WITHOUT_VAE_UNCERTAINTY,48,Q loss,216,0.0029837789479643106
GAS,BAD,UCB_WITHOUT_VAE_UNCERTAINTY,48,Q loss,217,0.0023109926842153072
GAS,BAD,UCB_WITHOUT_VAE_UNCERTAINTY,48,Q loss,218,0.00794912874698639
GAS,BAD,UCB_WITHOUT_VAE_UNCERTAINTY,48,Q loss,219,0.009886453859508038
GAS,BAD,UCB_WITHOUT_VAE_UNCERTAINTY,48,Q loss,220,0.0019134924514219165
GAS,BAD,UCB_WITHOUT_VAE_UNCERTAINTY,48,Q loss,221,0.0028636124916374683
GAS,BAD,UCB_WITHOUT_VAE_UNCERTAINTY,48,Q loss,222,0.0017641735030338168
GAS,BAD,UCB_WITHOUT_VAE_UNCERTAINTY,48,Q loss,223,0.0013577855424955487
GAS,BAD,UCB_WITHOUT_VAE_UNCERTAINTY,48,Q loss,224,0.0010747641790658236
GAS,BAD,UCB_WITHOUT_VAE_UNCERTAINTY,48,Q loss,225,0.00376600818708539
GAS,BAD,UCB_WITHOUT_VAE_UNCERTAINTY,48,Q loss,226,0.012846390716731548
GAS,BAD,UCB_WITHOUT_VAE_UNCERTAINTY,48,Q loss,227,0.015231292694807053
GAS,BAD,UCB_WITHOUT_VAE_UNCERTAINTY,48,Q loss,228,0.021613948047161102
GAS,BAD,UCB_WITHOUT_VAE_UNCERTAINTY,48,Q loss,229,0.013053075410425663
GAS,BAD,UCB_WITHOUT_VAE_UNCERTAINTY,48,Q loss,230,0.019185513257980347
GAS,BAD,UCB_WITHOUT_VAE_UNCERTAINTY,48,Q loss,231,0.01453949324786663
GAS,BAD,UCB_WITHOUT_VAE_UNCERTAINTY,48,Q loss,232,0.01528212521225214
GAS,BAD,UCB_WITHOUT_VAE_UNCERTAINTY,48,Q loss,233,0.061447370797395706
GAS,BAD,UCB_WITHOUT_VAE_UNCERTAINTY,48,Q loss,234,0.0029809782281517982
GAS,BAD,UCB_WITHOUT_VAE_UNCERTAINTY,48,Q loss,235,0.002251285593956709
GAS,BAD,UCB_WITHOUT_VAE_UNCERTAINTY,48,Q loss,236,0.009185420349240303
GAS,BAD,UCB_WITHOUT_VAE_UNCERTAINTY,48,Q loss,237,0.002799182664602995
GAS,BAD,UCB_WITHOUT_VAE_UNCERTAINTY,48,Q loss,238,0.0027749016880989075
GAS,BAD,UCB_WITHOUT_VAE_UNCERTAINTY,48,Q loss,239,0.007186976261436939
GAS,BAD,UCB_WITHOUT_VAE_UNCERTAINTY,48,Q loss,240,0.002266550436615944
GAS,BAD,UCB_WITHOUT_VAE_UNCERTAINTY,48,Q loss,241,0.0007788912625983357
GAS,BAD,UCB_WITHOUT_VAE_UNCERTAINTY,48,Q loss,242,0.0021867845207452774
GAS,BAD,UCB_WITHOUT_VAE_UNCERTAINTY,48,Q loss,243,0.0034276454243808985
GAS,BAD,UCB_WITHOUT_VAE_UNCERTAINTY,48,Q loss,244,0.011787456460297108
GAS,BAD,UCB_WITHOUT_VAE_UNCERTAINTY,48,Q loss,245,0.054174184799194336
GAS,BAD,UCB_WITHOUT_VAE_UNCERTAINTY,48,Q loss,246,0.06209597736597061
GAS,BAD,UCB_WITHOUT_VAE_UNCERTAINTY,48,Q loss,247,0.03167925402522087
GAS,BAD,UCB_WITHOUT_VAE_UNCERTAINTY,48,Q loss,248,0.024952556937932968
GAS,BAD,UCB_WITHOUT_VAE_UNCERTAINTY,48,Q loss,249,0.030982308089733124
GAS,BAD,UCB_WITHOUT_VAE_UNCERTAINTY,48,Q loss,250,0.06864479929208755
GAS,BAD,UCB_WITHOUT_VAE_UNCERTAINTY,48,Q loss,251,0.03816748782992363
GAS,BAD,UCB_WITHOUT_VAE_UNCERTAINTY,48,Q loss,252,0.005274154711514711
GAS,BAD,UCB_WITHOUT_VAE_UNCERTAINTY,48,Q loss,253,0.0015161086339503527
GAS,BAD,UCB_WITHOUT_VAE_UNCERTAINTY,48,Q loss,254,0.001255558687262237
GAS,BAD,UCB_WITHOUT_VAE_UNCERTAINTY,48,Q loss,255,0.0068502845242619514
GAS,BAD,UCB_WITHOUT_VAE_UNCERTAINTY,48,Q loss,256,0.002753371372818947
GAS,BAD,UCB_WITHOUT_VAE_UNCERTAINTY,48,Q loss,257,0.0009638901683501899
GAS,BAD,UCB_WITHOUT_VAE_UNCERTAINTY,48,Q loss,258,0.004393313080072403
GAS,BAD,UCB_WITHOUT_VAE_UNCERTAINTY,48,Q loss,259,0.0015704160323366523
GAS,BAD,UCB_WITHOUT_VAE_UNCERTAINTY,48,Q loss,260,0.0022390519734472036
GAS,BAD,UCB_WITHOUT_VAE_UNCERTAINTY,48,Q loss,261,0.0022491207346320152
GAS,BAD,UCB_WITHOUT_VAE_UNCERTAINTY,48,Q loss,262,0.00806450005620718
GAS,BAD,UCB_WITHOUT_VAE_UNCERTAINTY,48,Q loss,263,0.007141295820474625
GAS,BAD,UCB_WITHOUT_VAE_UNCERTAINTY,48,Q loss,264,0.017349107190966606
GAS,BAD,UCB_WITHOUT_VAE_UNCERTAINTY,48,Q loss,265,0.016478663310408592
GAS,BAD,UCB_WITHOUT_VAE_UNCERTAINTY,48,Q loss,266,0.02443171665072441
GAS,BAD,UCB_WITHOUT_VAE_UNCERTAINTY,48,Q loss,267,0.018228735774755478
GAS,BAD,UCB_WITHOUT_VAE_UNCERTAINTY,48,Q loss,268,0.03659161925315857
GAS,BAD,UCB_WITHOUT_VAE_UNCERTAINTY,48,Q loss,269,0.039225585758686066
GAS,BAD,UCB_WITHOUT_VAE_UNCERTAINTY,48,Q loss,270,0.007351569831371307
GAS,BAD,UCB_WITHOUT_VAE_UNCERTAINTY,48,Q loss,271,0.0046883225440979
GAS,BAD,UCB_WITHOUT_VAE_UNCERTAINTY,48,Q loss,272,0.005115230567753315
GAS,BAD,UCB_WITHOUT_VAE_UNCERTAINTY,48,Q loss,273,0.0029693040996789932
GAS,BAD,UCB_WITHOUT_VAE_UNCERTAINTY,48,Q loss,274,0.001236547133885324
GAS,BAD,UCB_WITHOUT_VAE_UNCERTAINTY,48,Q loss,275,0.002261414658278227
GAS,BAD,UCB_WITHOUT_VAE_UNCERTAINTY,48,Q loss,276,0.0017493455670773983
GAS,BAD,UCB_WITHOUT_VAE_UNCERTAINTY,48,Q loss,277,0.0007660331320948899
GAS,BAD,UCB_WITHOUT_VAE_UNCERTAINTY,48,Q loss,278,0.001302317250519991
GAS,BAD,UCB_WITHOUT_VAE_UNCERTAINTY,48,Q loss,279,0.0021782333496958017
GAS,BAD,UCB_WITHOUT_VAE_UNCERTAINTY,48,Q loss,280,0.022077839821577072
GAS,BAD,UCB_WITHOUT_VAE_UNCERTAINTY,48,Q loss,281,0.030883170664310455
GAS,BAD,UCB_WITHOUT_VAE_UNCERTAINTY,48,Q loss,282,0.012774556875228882
GAS,BAD,UCB_WITHOUT_VAE_UNCERTAINTY,48,Q loss,283,0.023509787395596504
GAS,BAD,UCB_WITHOUT_VAE_UNCERTAINTY,48,Q loss,284,0.01763911545276642
GAS,BAD,UCB_WITHOUT_VAE_UNCERTAINTY,48,Q loss,285,0.024252604693174362
GAS,BAD,UCB_WITHOUT_VAE_UNCERTAINTY,48,Q loss,286,0.03326501324772835
GAS,BAD,UCB_WITHOUT_VAE_UNCERTAINTY,48,Q loss,287,0.00756198912858963
GAS,BAD,UCB_WITHOUT_VAE_UNCERTAINTY,48,Q loss,288,0.009812036529183388
GAS,BAD,UCB_WITHOUT_VAE_UNCERTAINTY,48,Q loss,289,0.003952990286052227
GAS,BAD,UCB_WITHOUT_VAE_UNCERTAINTY,48,Q loss,290,0.012205966748297215
GAS,BAD,UCB_WITHOUT_VAE_UNCERTAINTY,48,Q loss,291,0.0077985357493162155
GAS,BAD,UCB_WITHOUT_VAE_UNCERTAINTY,48,Q loss,292,0.0010502890218049288
GAS,BAD,UCB_WITHOUT_VAE_UNCERTAINTY,48,Q loss,293,0.0016722936416044831
GAS,BAD,UCB_WITHOUT_VAE_UNCERTAINTY,48,Q loss,294,0.003001429373398423
GAS,BAD,UCB_WITHOUT_VAE_UNCERTAINTY,48,Q loss,295,0.003998039290308952
GAS,BAD,UCB_WITHOUT_VAE_UNCERTAINTY,48,Q loss,296,0.002506871474906802
GAS,BAD,UCB_WITHOUT_VAE_UNCERTAINTY,48,Q loss,297,0.0029735867865383625
GAS,BAD,UCB_WITHOUT_VAE_UNCERTAINTY,48,Q loss,298,0.008815786801278591
GAS,BAD,UCB_WITHOUT_VAE_UNCERTAINTY,48,Q loss,299,0.029611779376864433
GAS,BAD,UCB_WITHOUT_VAE_UNCERTAINTY,48,Q loss,300,0.02846243605017662
GAS,BAD,UCB_WITHOUT_VAE_UNCERTAINTY,48,Q loss,301,0.040981948375701904
GAS,BAD,UCB_WITHOUT_VAE_UNCERTAINTY,48,Q loss,302,0.015572799369692802
GAS,BAD,UCB_WITHOUT_VAE_UNCERTAINTY,48,Q loss,303,0.026231970638036728
GAS,BAD,UCB_WITHOUT_VAE_UNCERTAINTY,48,Q loss,304,0.01583249121904373
GAS,BAD,UCB_WITHOUT_VAE_UNCERTAINTY,48,Q loss,305,0.015493777580559254
GAS,BAD,UCB_WITHOUT_VAE_UNCERTAINTY,48,Q loss,306,0.0017713478300720453
GAS,BAD,UCB_WITHOUT_VAE_UNCERTAINTY,48,Q loss,307,0.0011377744376659393
GAS,BAD,UCB_WITHOUT_VAE_UNCERTAINTY,48,Q loss,308,0.0017529474571347237
GAS,BAD,UCB_WITHOUT_VAE_UNCERTAINTY,48,Q loss,309,0.005254688672721386
GAS,BAD,UCB_WITHOUT_VAE_UNCERTAINTY,48,Q loss,310,0.0021668507251888514
GAS,BAD,UCB_WITHOUT_VAE_UNCERTAINTY,48,Q loss,311,0.006934185512363911
GAS,BAD,UCB_WITHOUT_VAE_UNCERTAINTY,48,Q loss,312,0.003366488963365555
GAS,BAD,UCB_WITHOUT_VAE_UNCERTAINTY,48,Q loss,313,0.0025159823708236217
GAS,BAD,UCB_WITHOUT_VAE_UNCERTAINTY,48,Q loss,314,0.0031998953782022
GAS,BAD,UCB_WITHOUT_VAE_UNCERTAINTY,48,Q loss,315,0.007809584029018879
GAS,BAD,UCB_WITHOUT_VAE_UNCERTAINTY,48,Q loss,316,0.007747336756438017
GAS,BAD,UCB_WITHOUT_VAE_UNCERTAINTY,48,Q loss,317,0.0028900299221277237
GAS,BAD,UCB_WITHOUT_VAE_UNCERTAINTY,48,Q loss,318,0.0027794826310127974
GAS,BAD,UCB_WITHOUT_VAE_UNCERTAINTY,48,Q loss,319,0.004983352031558752
GAS,BAD,UCB_WITHOUT_VAE_UNCERTAINTY,48,Q loss,320,0.005361832678318024
GAS,BAD,UCB_WITHOUT_VAE_UNCERTAINTY,48,Q loss,321,0.0016543436795473099
GAS,BAD,UCB_WITHOUT_VAE_UNCERTAINTY,48,Q loss,322,0.003764878027141094
GAS,BAD,UCB_WITHOUT_VAE_UNCERTAINTY,48,Q loss,323,0.003249488305300474
GAS,BAD,UCB_WITHOUT_VAE_UNCERTAINTY,48,Q loss,324,0.0029884488321840763
GAS,BAD,UCB_WITHOUT_VAE_UNCERTAINTY,48,Q loss,325,0.0012026486219838262
GAS,BAD,UCB_WITHOUT_VAE_UNCERTAINTY,48,Q loss,326,0.0022039778996258974
GAS,BAD,UCB_WITHOUT_VAE_UNCERTAINTY,48,Q loss,327,0.0020667549688369036
GAS,BAD,UCB_WITHOUT_VAE_UNCERTAINTY,48,Q loss,328,0.0009745979332365096
GAS,BAD,UCB_WITHOUT_VAE_UNCERTAINTY,48,Q loss,329,0.007106066681444645
GAS,BAD,UCB_WITHOUT_VAE_UNCERTAINTY,48,Q loss,330,0.0036863910499960184
GAS,BAD,UCB_WITHOUT_VAE_UNCERTAINTY,48,Q loss,331,0.0033117078710347414
GAS,BAD,UCB_WITHOUT_VAE_UNCERTAINTY,48,Q loss,332,0.0010303831659257412
GAS,BAD,UCB_WITHOUT_VAE_UNCERTAINTY,48,Q loss,333,0.0024025668390095234
GAS,BAD,UCB_WITHOUT_VAE_UNCERTAINTY,48,Q loss,334,0.007507563568651676
GAS,BAD,UCB_WITHOUT_VAE_UNCERTAINTY,48,Q loss,335,0.006445287726819515
GAS,BAD,UCB_WITHOUT_VAE_UNCERTAINTY,48,Q loss,336,0.002570672193542123
GAS,BAD,UCB_WITHOUT_VAE_UNCERTAINTY,48,Q loss,337,0.002940509933978319
GAS,BAD,UCB_WITHOUT_VAE_UNCERTAINTY,48,Q loss,338,0.002565873321145773
GAS,BAD,UCB_WITHOUT_VAE_UNCERTAINTY,48,Q loss,339,0.0020918715745210648
GAS,BAD,UCB_WITHOUT_VAE_UNCERTAINTY,48,Q loss,340,0.0061721778474748135
GAS,BAD,UCB_WITHOUT_VAE_UNCERTAINTY,48,Q loss,341,0.052712030708789825
GAS,BAD,UCB_WITHOUT_VAE_UNCERTAINTY,48,Q loss,342,0.006599927321076393
GAS,BAD,UCB_WITHOUT_VAE_UNCERTAINTY,48,Q loss,343,0.004240439273416996
GAS,BAD,UCB_WITHOUT_VAE_UNCERTAINTY,48,Q loss,344,0.0027877409011125565
GAS,BAD,UCB_WITHOUT_VAE_UNCERTAINTY,48,Q loss,345,0.0069606308825314045
GAS,BAD,UCB_WITHOUT_VAE_UNCERTAINTY,48,Q loss,346,0.005060271825641394
GAS,BAD,UCB_WITHOUT_VAE_UNCERTAINTY,48,Q loss,347,0.003254704875871539
GAS,BAD,UCB_WITHOUT_VAE_UNCERTAINTY,48,Q loss,348,0.00633371202275157
GAS,BAD,UCB_WITHOUT_VAE_UNCERTAINTY,48,Q loss,349,0.0018235261086374521
GAS,BAD,UCB_WITHOUT_VAE_UNCERTAINTY,48,Q loss,350,0.001965162344276905
GAS,BAD,UCB_WITHOUT_VAE_UNCERTAINTY,48,Q loss,351,0.0026538767851889133
GAS,BAD,UCB_WITHOUT_VAE_UNCERTAINTY,48,Q loss,352,0.011018612422049046
GAS,BAD,UCB_WITHOUT_VAE_UNCERTAINTY,48,Q loss,353,0.00985404197126627
GAS,BAD,UCB_WITHOUT_VAE_UNCERTAINTY,48,Q loss,354,0.0028845106717199087
GAS,BAD,UCB_WITHOUT_VAE_UNCERTAINTY,48,Q loss,355,0.002408592728897929
GAS,BAD,UCB_WITHOUT_VAE_UNCERTAINTY,48,Q loss,356,0.002238100627437234
GAS,BAD,UCB_WITHOUT_VAE_UNCERTAINTY,48,Q loss,357,0.0021121585741639137
GAS,BAD,UCB_WITHOUT_VAE_UNCERTAINTY,48,Q loss,358,0.003940572962164879
GAS,BAD,UCB_WITHOUT_VAE_UNCERTAINTY,48,Q loss,359,0.017651136964559555
GAS,BAD,UCB_WITHOUT_VAE_UNCERTAINTY,48,Q loss,360,0.003287374973297119
GAS,BAD,UCB_WITHOUT_VAE_UNCERTAINTY,48,Q loss,361,0.0016487000975757837
GAS,BAD,UCB_WITHOUT_VAE_UNCERTAINTY,48,Q loss,362,0.0007575335912406445
GAS,BAD,UCB_WITHOUT_VAE_UNCERTAINTY,48,Q loss,363,0.0023069502785801888
GAS,BAD,UCB_WITHOUT_VAE_UNCERTAINTY,48,Q loss,364,0.004674054216593504
GAS,BAD,UCB_WITHOUT_VAE_UNCERTAINTY,48,Q loss,365,0.0012110797688364983
GAS,BAD,UCB_WITHOUT_VAE_UNCERTAINTY,48,Q loss,366,0.004443226382136345
GAS,BAD,UCB_WITHOUT_VAE_UNCERTAINTY,48,Q loss,367,0.0013852349948137999
GAS,BAD,UCB_WITHOUT_VAE_UNCERTAINTY,48,Q loss,368,0.0011790223652496934
GAS,BAD,UCB_WITHOUT_VAE_UNCERTAINTY,48,Q loss,369,0.007927335798740387
GAS,BAD,UCB_WITHOUT_VAE_UNCERTAINTY,48,Q loss,370,0.002886801492422819
GAS,BAD,UCB_WITHOUT_VAE_UNCERTAINTY,48,Q loss,371,0.008735792711377144
GAS,BAD,UCB_WITHOUT_VAE_UNCERTAINTY,48,Q loss,372,0.007086847443133593
GAS,BAD,UCB_WITHOUT_VAE_UNCERTAINTY,48,Q loss,373,0.00505528599023819
GAS,BAD,UCB_WITHOUT_VAE_UNCERTAINTY,48,Q loss,374,0.0008636245620436966
GAS,BAD,UCB_WITHOUT_VAE_UNCERTAINTY,48,Q loss,375,0.005778274033218622
GAS,BAD,UCB_WITHOUT_VAE_UNCERTAINTY,48,Q loss,376,0.0006713651237078011
GAS,BAD,UCB_WITHOUT_VAE_UNCERTAINTY,48,Q loss,377,0.00421192916110158
GAS,BAD,UCB_WITHOUT_VAE_UNCERTAINTY,48,Q loss,378,0.004677362274378538
GAS,BAD,UCB_WITHOUT_VAE_UNCERTAINTY,48,Q loss,379,0.0025194231420755386
GAS,BAD,UCB_WITHOUT_VAE_UNCERTAINTY,48,Q loss,380,0.013105371966958046
GAS,BAD,UCB_WITHOUT_VAE_UNCERTAINTY,48,Q loss,381,0.00329705816693604
GAS,BAD,UCB_WITHOUT_VAE_UNCERTAINTY,48,Q loss,382,0.0029549673199653625
GAS,BAD,UCB_WITHOUT_VAE_UNCERTAINTY,48,Q loss,383,0.0016269627958536148
GAS,BAD,UCB_WITHOUT_VAE_UNCERTAINTY,48,Q loss,384,0.0010362790198996663
GAS,BAD,UCB_WITHOUT_VAE_UNCERTAINTY,48,Q loss,385,0.00035006654798053205
GAS,BAD,UCB_WITHOUT_VAE_UNCERTAINTY,48,Q loss,386,0.000918740697670728
GAS,BAD,UCB_WITHOUT_VAE_UNCERTAINTY,48,Q loss,387,0.0028532196301966906
GAS,BAD,UCB_WITHOUT_VAE_UNCERTAINTY,48,Q loss,388,0.011773780919611454
GAS,BAD,UCB_WITHOUT_VAE_UNCERTAINTY,48,Q loss,389,0.00854872353374958
GAS,BAD,UCB_WITHOUT_VAE_UNCERTAINTY,48,Q loss,390,0.004935575649142265
GAS,BAD,UCB_WITHOUT_VAE_UNCERTAINTY,48,Q loss,391,0.010770933702588081
GAS,BAD,UCB_WITHOUT_VAE_UNCERTAINTY,48,Q loss,392,0.016756929457187653
GAS,BAD,UCB_WITHOUT_VAE_UNCERTAINTY,48,Q loss,393,0.007597591262310743
GAS,BAD,UCB_WITHOUT_VAE_UNCERTAINTY,48,Q loss,394,0.008966404013335705
GAS,BAD,UCB_WITHOUT_VAE_UNCERTAINTY,48,Q loss,395,0.011189358308911324
GAS,BAD,UCB_WITHOUT_VAE_UNCERTAINTY,48,Q loss,396,0.0022411588579416275
GAS,BAD,UCB_WITHOUT_VAE_UNCERTAINTY,48,Q loss,397,0.00278088659979403
GAS,BAD,UCB_WITHOUT_VAE_UNCERTAINTY,48,Q loss,398,0.011348584666848183
GAS,BAD,UCB_WITHOUT_VAE_UNCERTAINTY,48,Q loss,399,0.001616014400497079
GAS,BAD,UCB_WITHOUT_VAE_UNCERTAINTY,48,Q loss,400,0.0032943037804216146
GAS,BAD,UCB_WITHOUT_VAE_UNCERTAINTY,48,Q loss,401,0.004285173024982214
GAS,BAD,UCB_WITHOUT_VAE_UNCERTAINTY,48,Q loss,402,0.004791091661900282
GAS,BAD,UCB_WITHOUT_VAE_UNCERTAINTY,48,Q loss,403,0.0008402949315495789
GAS,BAD,UCB_WITHOUT_VAE_UNCERTAINTY,48,Q loss,404,0.0010638190433382988
GAS,BAD,UCB_WITHOUT_VAE_UNCERTAINTY,48,Q loss,405,0.005567296873778105
GAS,BAD,UCB_WITHOUT_VAE_UNCERTAINTY,48,Q loss,406,0.005928018596023321
GAS,BAD,UCB_WITHOUT_VAE_UNCERTAINTY,48,Q loss,407,0.0008729647379368544
GAS,BAD,UCB_WITHOUT_VAE_UNCERTAINTY,48,Q loss,408,0.007030703127384186
GAS,BAD,UCB_WITHOUT_VAE_UNCERTAINTY,48,Q loss,409,0.0018547900253906846
GAS,BAD,UCB_WITHOUT_VAE_UNCERTAINTY,48,Q loss,410,0.0009050493245013058
GAS,BAD,UCB_WITHOUT_VAE_UNCERTAINTY,48,Q loss,411,0.004121311008930206
GAS,BAD,UCB_WITHOUT_VAE_UNCERTAINTY,48,Q loss,412,0.001708105206489563
GAS,BAD,UCB_WITHOUT_VAE_UNCERTAINTY,48,Q loss,413,0.012940672226250172
GAS,BAD,UCB_WITHOUT_VAE_UNCERTAINTY,48,Q loss,414,0.007990114390850067
GAS,BAD,UCB_WITHOUT_VAE_UNCERTAINTY,48,Q loss,415,0.0014534805668517947
GAS,BAD,UCB_WITHOUT_VAE_UNCERTAINTY,48,Q loss,416,0.00730915367603302
GAS,BAD,UCB_WITHOUT_VAE_UNCERTAINTY,48,Q loss,417,0.001299036550335586
GAS,BAD,UCB_WITHOUT_VAE_UNCERTAINTY,48,Q loss,418,0.004135398659855127
GAS,BAD,UCB_WITHOUT_VAE_UNCERTAINTY,48,Q loss,419,0.0011736713349819183
GAS,BAD,UCB_WITHOUT_VAE_UNCERTAINTY,48,Q loss,420,0.002039325889199972
GAS,BAD,UCB_WITHOUT_VAE_UNCERTAINTY,48,Q loss,421,0.0009399367263540626
GAS,BAD,UCB_WITHOUT_VAE_UNCERTAINTY,48,Q loss,422,0.0019995104521512985
GAS,BAD,UCB_WITHOUT_VAE_UNCERTAINTY,48,Q loss,423,0.003445069771260023
GAS,BAD,UCB_WITHOUT_VAE_UNCERTAINTY,48,Q loss,424,0.016029929742217064
GAS,BAD,UCB_WITHOUT_VAE_UNCERTAINTY,48,Q loss,425,0.0025032556150108576
GAS,BAD,UCB_WITHOUT_VAE_UNCERTAINTY,48,Q loss,426,0.0013466889504343271
GAS,BAD,UCB_WITHOUT_VAE_UNCERTAINTY,48,Q loss,427,0.00259355828166008
GAS,BAD,UCB_WITHOUT_VAE_UNCERTAINTY,48,Q loss,428,0.002391302492469549
GAS,BAD,UCB_WITHOUT_VAE_UNCERTAINTY,48,Q loss,429,0.0007308749482035637
GAS,BAD,UCB_WITHOUT_VAE_UNCERTAINTY,48,Q loss,430,0.0013214923674240708
GAS,BAD,UCB_WITHOUT_VAE_UNCERTAINTY,48,Q loss,431,0.005856361705809832
GAS,BAD,UCB_WITHOUT_VAE_UNCERTAINTY,48,Q loss,432,0.005861777812242508
GAS,BAD,UCB_WITHOUT_VAE_UNCERTAINTY,48,Q loss,433,0.0025399827864021063
GAS,BAD,UCB_WITHOUT_VAE_UNCERTAINTY,48,Q loss,434,0.0016638814704492688
GAS,BAD,UCB_WITHOUT_VAE_UNCERTAINTY,48,Q loss,435,0.0017695920541882515
GAS,BAD,UCB_WITHOUT_VAE_UNCERTAINTY,48,Q loss,436,0.0008071374613791704
GAS,BAD,UCB_WITHOUT_VAE_UNCERTAINTY,48,Q loss,437,0.005714624188840389
GAS,BAD,UCB_WITHOUT_VAE_UNCERTAINTY,48,Q loss,438,0.004196380265057087
GAS,BAD,UCB_WITHOUT_VAE_UNCERTAINTY,48,Q loss,439,0.002465261146426201
GAS,BAD,UCB_WITHOUT_VAE_UNCERTAINTY,48,Q loss,440,0.003903512377291918
GAS,BAD,UCB_WITHOUT_VAE_UNCERTAINTY,48,Q loss,441,0.003819790668785572
GAS,BAD,UCB_WITHOUT_VAE_UNCERTAINTY,48,Q loss,442,0.011341974139213562
GAS,BAD,UCB_WITHOUT_VAE_UNCERTAINTY,48,Q loss,443,0.012202701531350613
GAS,BAD,UCB_WITHOUT_VAE_UNCERTAINTY,48,Q loss,444,0.04394007474184036
GAS,BAD,UCB_WITHOUT_VAE_UNCERTAINTY,48,Q loss,445,0.016197863966226578
GAS,BAD,UCB_WITHOUT_VAE_UNCERTAINTY,48,Q loss,446,0.03716708719730377
GAS,BAD,UCB_WITHOUT_VAE_UNCERTAINTY,48,Q loss,447,0.02309848740696907
GAS,BAD,UCB_WITHOUT_VAE_UNCERTAINTY,48,Q loss,448,0.017355984076857567
GAS,BAD,UCB_WITHOUT_VAE_UNCERTAINTY,48,Q loss,449,0.00833576824516058
GAS,BAD,UCB_WITHOUT_VAE_UNCERTAINTY,48,Q loss,450,0.0021747162099927664
GAS,BAD,UCB_WITHOUT_VAE_UNCERTAINTY,48,Q loss,451,0.0012847783509641886
GAS,BAD,UCB_WITHOUT_VAE_UNCERTAINTY,48,Q loss,452,0.0036863244604319334
GAS,BAD,UCB_WITHOUT_VAE_UNCERTAINTY,48,Q loss,453,0.004802238196134567
GAS,BAD,UCB_WITHOUT_VAE_UNCERTAINTY,48,Q loss,454,0.001254822127521038
GAS,BAD,UCB_WITHOUT_VAE_UNCERTAINTY,48,Q loss,455,0.001186348032206297
GAS,BAD,UCB_WITHOUT_VAE_UNCERTAINTY,48,Q loss,456,0.003123705741018057
GAS,BAD,UCB_WITHOUT_VAE_UNCERTAINTY,48,Q loss,457,0.0030847133602946997
GAS,BAD,UCB_WITHOUT_VAE_UNCERTAINTY,48,Q loss,458,0.0018603522330522537
GAS,BAD,UCB_WITHOUT_VAE_UNCERTAINTY,48,Q loss,459,0.003328049788251519
GAS,BAD,UCB_WITHOUT_VAE_UNCERTAINTY,48,Q loss,460,0.014173359610140324
GAS,BAD,UCB_WITHOUT_VAE_UNCERTAINTY,48,Q loss,461,0.020362652838230133
GAS,BAD,UCB_WITHOUT_VAE_UNCERTAINTY,48,Q loss,462,0.014943866059184074
GAS,BAD,UCB_WITHOUT_VAE_UNCERTAINTY,48,Q loss,463,0.022812619805336
GAS,BAD,UCB_WITHOUT_VAE_UNCERTAINTY,48,Q loss,464,0.010098707862198353
GAS,BAD,UCB_WITHOUT_VAE_UNCERTAINTY,48,Q loss,465,0.013870490714907646
GAS,BAD,UCB_WITHOUT_VAE_UNCERTAINTY,48,Q loss,466,0.012804143130779266
GAS,BAD,UCB_WITHOUT_VAE_UNCERTAINTY,48,Q loss,467,0.0064133391715586185
GAS,BAD,UCB_WITHOUT_VAE_UNCERTAINTY,48,Q loss,468,0.004577650688588619
GAS,BAD,UCB_WITHOUT_VAE_UNCERTAINTY,48,Q loss,469,0.002218903973698616
GAS,BAD,UCB_WITHOUT_VAE_UNCERTAINTY,48,Q loss,470,0.002159352879971266
GAS,BAD,UCB_WITHOUT_VAE_UNCERTAINTY,48,Q loss,471,0.006660773418843746
GAS,BAD,UCB_WITHOUT_VAE_UNCERTAINTY,48,Q loss,472,0.005377298220992088
GAS,BAD,UCB_WITHOUT_VAE_UNCERTAINTY,48,Q loss,473,0.003318245755508542
GAS,BAD,UCB_WITHOUT_VAE_UNCERTAINTY,48,Q loss,474,0.003933662548661232
GAS,BAD,UCB_WITHOUT_VAE_UNCERTAINTY,48,Q loss,475,0.002239043591544032
GAS,BAD,UCB_WITHOUT_VAE_UNCERTAINTY,48,Q loss,476,0.0008988802437670529
GAS,BAD,UCB_WITHOUT_VAE_UNCERTAINTY,48,Q loss,477,0.003313586115837097
GAS,BAD,UCB_WITHOUT_VAE_UNCERTAINTY,48,Q loss,478,0.006528498604893684
GAS,BAD,UCB_WITHOUT_VAE_UNCERTAINTY,48,Q loss,479,0.014289001934230328
GAS,BAD,UCB_WITHOUT_VAE_UNCERTAINTY,48,Q loss,480,0.019510328769683838
GAS,BAD,UCB_WITHOUT_VAE_UNCERTAINTY,48,Q loss,481,0.0050461022183299065
GAS,BAD,UCB_WITHOUT_VAE_UNCERTAINTY,48,Q loss,482,0.02980518341064453
GAS,BAD,UCB_WITHOUT_VAE_UNCERTAINTY,48,Q loss,483,0.02209077961742878
GAS,BAD,UCB_WITHOUT_VAE_UNCERTAINTY,48,Q loss,484,0.009401962161064148
GAS,BAD,UCB_WITHOUT_VAE_UNCERTAINTY,48,Q loss,485,0.053343065083026886
GAS,BAD,UCB_WITHOUT_VAE_UNCERTAINTY,48,Q loss,486,0.015141532756388187
GAS,BAD,UCB_WITHOUT_VAE_UNCERTAINTY,48,Q loss,487,0.005073643289506435
GAS,BAD,UCB_WITHOUT_VAE_UNCERTAINTY,48,Q loss,488,0.011250900104641914
GAS,BAD,UCB_WITHOUT_VAE_UNCERTAINTY,48,Q loss,489,0.0056192297488451
GAS,BAD,UCB_WITHOUT_VAE_UNCERTAINTY,48,Q loss,490,0.006442926358431578
GAS,BAD,UCB_WITHOUT_VAE_UNCERTAINTY,48,Q loss,491,0.000925743137486279
GAS,BAD,UCB_WITHOUT_VAE_UNCERTAINTY,48,Q loss,492,0.001255182083696127
GAS,BAD,UCB_WITHOUT_VAE_UNCERTAINTY,48,Q loss,493,0.0013695951784029603
GAS,BAD,UCB_WITHOUT_VAE_UNCERTAINTY,48,Q loss,494,0.0032124631106853485
GAS,BAD,UCB_WITHOUT_VAE_UNCERTAINTY,48,Q loss,495,0.0038486202247440815
GAS,BAD,UCB_WITHOUT_VAE_UNCERTAINTY,48,Q loss,496,0.0020282240584492683
GAS,BAD,UCB_WITHOUT_VAE_UNCERTAINTY,48,Q loss,497,0.00422932393848896
GAS,BAD,UCB_WITHOUT_VAE_UNCERTAINTY,48,Q loss,498,0.01117856428027153
GAS,BAD,UCB_WITHOUT_VAE_UNCERTAINTY,48,Q loss,499,0.0035535097122192383
GAS,BAD,UCB_WITHOUT_VAE_UNCERTAINTY,48,Q loss,500,0.0024916157126426697
GAS,BAD,UCB_WITHOUT_VAE_UNCERTAINTY,48,Q loss,501,0.005796465091407299
GAS,BAD,UCB_WITHOUT_VAE_UNCERTAINTY,48,Q loss,502,0.003081690287217498
GAS,BAD,UCB_WITHOUT_VAE_UNCERTAINTY,48,Q loss,503,0.002050758106634021
GAS,BAD,UCB_WITHOUT_VAE_UNCERTAINTY,48,Q loss,504,0.005649516358971596
GAS,BAD,UCB_WITHOUT_VAE_UNCERTAINTY,48,Q loss,505,0.0020715983118861914
GAS,BAD,UCB_WITHOUT_VAE_UNCERTAINTY,48,Q loss,506,0.0016475445590913296
GAS,BAD,UCB_WITHOUT_VAE_UNCERTAINTY,48,Q loss,507,0.0011147784534841776
GAS,BAD,UCB_WITHOUT_VAE_UNCERTAINTY,48,Q loss,508,0.0015831143828108907
GAS,BAD,UCB_WITHOUT_VAE_UNCERTAINTY,48,Q loss,509,0.00947759672999382
GAS,BAD,UCB_WITHOUT_VAE_UNCERTAINTY,48,Q loss,510,0.0034287171438336372
GAS,BAD,UCB_WITHOUT_VAE_UNCERTAINTY,48,Q loss,511,0.0012582403142005205
GAS,BAD,UCB_WITHOUT_VAE_UNCERTAINTY,48,Q loss,512,0.0030156238935887814
GAS,BAD,UCB_WITHOUT_VAE_UNCERTAINTY,48,Q loss,513,0.0011683654738590121
GAS,BAD,UCB_WITHOUT_VAE_UNCERTAINTY,48,Q loss,514,0.005948930978775024
GAS,BAD,UCB_WITHOUT_VAE_UNCERTAINTY,48,Q loss,515,0.023220721632242203
GAS,BAD,UCB_WITHOUT_VAE_UNCERTAINTY,48,Q loss,516,0.00864045787602663
GAS,BAD,UCB_WITHOUT_VAE_UNCERTAINTY,48,Q loss,517,0.0033919536508619785
GAS,BAD,UCB_WITHOUT_VAE_UNCERTAINTY,48,Q loss,518,0.009255950339138508
GAS,BAD,UCB_WITHOUT_VAE_UNCERTAINTY,48,Q loss,519,0.019165394827723503
GAS,BAD,UCB_WITHOUT_VAE_UNCERTAINTY,48,Q loss,520,0.017114147543907166
GAS,BAD,UCB_WITHOUT_VAE_UNCERTAINTY,48,Q loss,521,0.019383013248443604
GAS,BAD,UCB_WITHOUT_VAE_UNCERTAINTY,48,Q loss,522,0.003923039883375168
GAS,BAD,UCB_WITHOUT_VAE_UNCERTAINTY,48,Q loss,523,0.002070389688014984
GAS,BAD,UCB_WITHOUT_VAE_UNCERTAINTY,48,Q loss,524,0.0008136638789437711
GAS,BAD,UCB_WITHOUT_VAE_UNCERTAINTY,48,Q loss,525,0.0015947582433000207
GAS,BAD,UCB_WITHOUT_VAE_UNCERTAINTY,48,Q loss,526,0.0034004435874521732
GAS,BAD,UCB_WITHOUT_VAE_UNCERTAINTY,48,Q loss,527,0.004167035222053528
GAS,BAD,UCB_WITHOUT_VAE_UNCERTAINTY,48,Q loss,528,0.001907791243866086
GAS,BAD,UCB_WITHOUT_VAE_UNCERTAINTY,48,Q loss,529,0.0026403795927762985
GAS,BAD,UCB_WITHOUT_VAE_UNCERTAINTY,48,Q loss,530,0.0021271524019539356
GAS,BAD,UCB_WITHOUT_VAE_UNCERTAINTY,48,Q loss,531,0.0062918770126998425
GAS,BAD,UCB_WITHOUT_VAE_UNCERTAINTY,48,Q loss,532,0.004284876864403486
GAS,BAD,UCB_WITHOUT_VAE_UNCERTAINTY,48,Q loss,533,0.01554371602833271
GAS,BAD,UCB_WITHOUT_VAE_UNCERTAINTY,48,Q loss,534,0.014798775315284729
GAS,BAD,UCB_WITHOUT_VAE_UNCERTAINTY,48,Q loss,535,0.007729463279247284
GAS,BAD,UCB_WITHOUT_VAE_UNCERTAINTY,48,Q loss,536,0.0034382715821266174
GAS,BAD,UCB_WITHOUT_VAE_UNCERTAINTY,48,Q loss,537,0.0030647744424641132
GAS,BAD,UCB_WITHOUT_VAE_UNCERTAINTY,48,Q loss,538,0.0032596185337752104
GAS,BAD,UCB_WITHOUT_VAE_UNCERTAINTY,48,Q loss,539,0.0012799480464309454
GAS,BAD,UCB_WITHOUT_VAE_UNCERTAINTY,48,Q loss,540,0.0024213935248553753
GAS,BAD,UCB_WITHOUT_VAE_UNCERTAINTY,48,Q loss,541,0.0005169535870663822
GAS,BAD,UCB_WITHOUT_VAE_UNCERTAINTY,48,Q loss,542,0.0032782908529043198
GAS,BAD,UCB_WITHOUT_VAE_UNCERTAINTY,48,Q loss,543,0.0006371285417117178
GAS,BAD,UCB_WITHOUT_VAE_UNCERTAINTY,48,Q loss,544,0.0019268877804279327
GAS,BAD,UCB_WITHOUT_VAE_UNCERTAINTY,48,Q loss,545,0.001354696461930871
GAS,BAD,UCB_WITHOUT_VAE_UNCERTAINTY,48,Q loss,546,0.004415170289576054
GAS,BAD,UCB_WITHOUT_VAE_UNCERTAINTY,48,Q loss,547,0.0014020106755197048
GAS,BAD,UCB_WITHOUT_VAE_UNCERTAINTY,48,Q loss,548,0.000670149689540267
GAS,BAD,UCB_WITHOUT_VAE_UNCERTAINTY,48,Q loss,549,0.002984514692798257
GAS,BAD,UCB_WITHOUT_VAE_UNCERTAINTY,48,Q loss,550,0.009718166664242744
GAS,BAD,UCB_WITHOUT_VAE_UNCERTAINTY,48,Q loss,551,0.004738479852676392
GAS,BAD,UCB_WITHOUT_VAE_UNCERTAINTY,48,Q loss,552,0.019137045368552208
GAS,BAD,UCB_WITHOUT_VAE_UNCERTAINTY,48,Q loss,553,0.0033691467251628637
GAS,BAD,UCB_WITHOUT_VAE_UNCERTAINTY,48,Q loss,554,0.007849795743823051
GAS,BAD,UCB_WITHOUT_VAE_UNCERTAINTY,48,Q loss,555,0.011090125888586044
GAS,BAD,UCB_WITHOUT_VAE_UNCERTAINTY,48,Q loss,556,0.00857512466609478
GAS,BAD,UCB_WITHOUT_VAE_UNCERTAINTY,48,Q loss,557,0.010015849955379963
GAS,BAD,UCB_WITHOUT_VAE_UNCERTAINTY,48,Q loss,558,0.004235751926898956
GAS,BAD,UCB_WITHOUT_VAE_UNCERTAINTY,48,Q loss,559,0.005401690490543842
GAS,BAD,UCB_WITHOUT_VAE_UNCERTAINTY,48,Q loss,560,0.012968027032911777
GAS,BAD,UCB_WITHOUT_VAE_UNCERTAINTY,48,Q loss,561,0.003001133445650339
GAS,BAD,UCB_WITHOUT_VAE_UNCERTAINTY,48,Q loss,562,0.0034710709005594254
GAS,BAD,UCB_WITHOUT_VAE_UNCERTAINTY,48,Q loss,563,0.0024762204848229885
GAS,BAD,UCB_WITHOUT_VAE_UNCERTAINTY,48,Q loss,564,0.0017849882133305073
GAS,BAD,UCB_WITHOUT_VAE_UNCERTAINTY,48,Q loss,565,0.0028396369889378548
GAS,BAD,UCB_WITHOUT_VAE_UNCERTAINTY,48,Q loss,566,0.004428846761584282
GAS,BAD,UCB_WITHOUT_VAE_UNCERTAINTY,48,Q loss,567,0.004696860909461975
GAS,BAD,UCB_WITHOUT_VAE_UNCERTAINTY,48,Q loss,568,0.005387784913182259
GAS,BAD,UCB_WITHOUT_VAE_UNCERTAINTY,48,Q loss,569,0.0024519055150449276
GAS,BAD,UCB_WITHOUT_VAE_UNCERTAINTY,48,Q loss,570,0.012592131271958351
GAS,BAD,UCB_WITHOUT_VAE_UNCERTAINTY,48,Q loss,571,0.009027011692523956
GAS,BAD,UCB_WITHOUT_VAE_UNCERTAINTY,48,Q loss,572,0.0062746042385697365
GAS,BAD,UCB_WITHOUT_VAE_UNCERTAINTY,48,Q loss,573,0.018518880009651184
GAS,BAD,UCB_WITHOUT_VAE_UNCERTAINTY,48,Q loss,574,0.007121138274669647
GAS,BAD,UCB_WITHOUT_VAE_UNCERTAINTY,48,Q loss,575,0.004012126475572586
GAS,BAD,UCB_WITHOUT_VAE_UNCERTAINTY,48,Q loss,576,0.0010670808842405677
GAS,BAD,UCB_WITHOUT_VAE_UNCERTAINTY,48,Q loss,577,0.0018694901373237371
GAS,BAD,UCB_WITHOUT_VAE_UNCERTAINTY,48,Q loss,578,0.0013849993702024221
GAS,BAD,UCB_WITHOUT_VAE_UNCERTAINTY,48,Q loss,579,0.0013737520202994347
GAS,BAD,UCB_WITHOUT_VAE_UNCERTAINTY,48,Q loss,580,0.0017536783125251532
GAS,BAD,UCB_WITHOUT_VAE_UNCERTAINTY,48,Q loss,581,0.002768500242382288
GAS,BAD,UCB_WITHOUT_VAE_UNCERTAINTY,48,Q loss,582,0.004465265199542046
GAS,BAD,UCB_WITHOUT_VAE_UNCERTAINTY,48,Q loss,583,0.0008722062921151519
GAS,BAD,UCB_WITHOUT_VAE_UNCERTAINTY,48,Q loss,584,0.0008198692230507731
GAS,BAD,UCB_WITHOUT_VAE_UNCERTAINTY,48,Q loss,585,0.0033071800135076046
GAS,BAD,UCB_WITHOUT_VAE_UNCERTAINTY,48,Q loss,586,0.0024291975423693657
GAS,BAD,UCB_WITHOUT_VAE_UNCERTAINTY,48,Q loss,587,0.006353966426104307
GAS,BAD,UCB_WITHOUT_VAE_UNCERTAINTY,48,Q loss,588,0.0037797708064317703
GAS,BAD,UCB_WITHOUT_VAE_UNCERTAINTY,48,Q loss,589,0.0016618125373497605
GAS,BAD,UCB_WITHOUT_VAE_UNCERTAINTY,48,Q loss,590,0.002839589025825262
GAS,BAD,UCB_WITHOUT_VAE_UNCERTAINTY,48,Q loss,591,0.01667255349457264
GAS,BAD,UCB_WITHOUT_VAE_UNCERTAINTY,48,Q loss,592,0.0016763885505497456
GAS,BAD,UCB_WITHOUT_VAE_UNCERTAINTY,48,Q loss,593,0.006450737826526165
GAS,BAD,UCB_WITHOUT_VAE_UNCERTAINTY,48,Q loss,594,0.005498534068465233
GAS,BAD,UCB_WITHOUT_VAE_UNCERTAINTY,48,Q loss,595,0.001789917005226016
GAS,BAD,UCB_WITHOUT_VAE_UNCERTAINTY,48,Q loss,596,0.00337400590069592
GAS,BAD,UCB_WITHOUT_VAE_UNCERTAINTY,48,Q loss,597,0.0014791889116168022
GAS,BAD,UCB_WITHOUT_VAE_UNCERTAINTY,48,Q loss,598,0.0017212957609444857
GAS,BAD,UCB_WITHOUT_VAE_UNCERTAINTY,48,Q loss,599,0.0010040351189672947
GAS,BAD,UCB_WITHOUT_VAE_UNCERTAINTY,48,Q loss,600,0.0029627918265759945
GAS,BAD,UCB_WITHOUT_VAE_UNCERTAINTY,48,Q loss,601,0.0013395254500210285
GAS,BAD,UCB_WITHOUT_VAE_UNCERTAINTY,48,Q loss,602,0.001807513297535479
GAS,BAD,UCB_WITHOUT_VAE_UNCERTAINTY,48,Q loss,603,0.010236406698822975
GAS,BAD,UCB_WITHOUT_VAE_UNCERTAINTY,48,Q loss,604,0.006409868132323027
GAS,BAD,UCB_WITHOUT_VAE_UNCERTAINTY,48,Q loss,605,0.0042715007439255714
GAS,BAD,UCB_WITHOUT_VAE_UNCERTAINTY,48,Q loss,606,0.013020677492022514
GAS,BAD,UCB_WITHOUT_VAE_UNCERTAINTY,48,Q loss,607,0.0109992865473032
GAS,BAD,UCB_WITHOUT_VAE_UNCERTAINTY,48,Q loss,608,0.005234322044998407
GAS,BAD,UCB_WITHOUT_VAE_UNCERTAINTY,48,Q loss,609,0.008303921669721603
GAS,BAD,UCB_WITHOUT_VAE_UNCERTAINTY,48,Q loss,610,0.0069724819622933865
GAS,BAD,UCB_WITHOUT_VAE_UNCERTAINTY,48,Q loss,611,0.001150248572230339
GAS,BAD,UCB_WITHOUT_VAE_UNCERTAINTY,48,Q loss,612,0.0015371737536042929
GAS,BAD,UCB_WITHOUT_VAE_UNCERTAINTY,48,Q loss,613,0.0025239111855626106
GAS,BAD,UCB_WITHOUT_VAE_UNCERTAINTY,48,Q loss,614,0.0032213565427809954
GAS,BAD,UCB_WITHOUT_VAE_UNCERTAINTY,48,Q loss,615,0.003265886567533016
GAS,BAD,UCB_WITHOUT_VAE_UNCERTAINTY,48,Q loss,616,0.0008987162145785987
GAS,BAD,UCB_WITHOUT_VAE_UNCERTAINTY,48,Q loss,617,0.0031323698349297047
GAS,BAD,UCB_WITHOUT_VAE_UNCERTAINTY,48,Q loss,618,0.0010944701498374343
GAS,BAD,UCB_WITHOUT_VAE_UNCERTAINTY,48,Q loss,619,0.002462774282321334
GAS,BAD,UCB_WITHOUT_VAE_UNCERTAINTY,48,Q loss,620,0.001606774516403675
GAS,BAD,UCB_WITHOUT_VAE_UNCERTAINTY,48,Q loss,621,0.0028331847861409187
GAS,BAD,UCB_WITHOUT_VAE_UNCERTAINTY,48,Q loss,622,0.004706213716417551
GAS,BAD,UCB_WITHOUT_VAE_UNCERTAINTY,48,Q loss,623,0.007150639779865742
GAS,BAD,UCB_WITHOUT_VAE_UNCERTAINTY,48,Q loss,624,0.008041411638259888
GAS,BAD,UCB_WITHOUT_VAE_UNCERTAINTY,48,Q loss,625,0.009893943555653095
GAS,BAD,UCB_WITHOUT_VAE_UNCERTAINTY,48,Q loss,626,0.0020461652893573046
GAS,BAD,UCB_WITHOUT_VAE_UNCERTAINTY,48,Q loss,627,0.0018476088298484683
GAS,BAD,UCB_WITHOUT_VAE_UNCERTAINTY,48,Q loss,628,0.0007205460569821298
GAS,BAD,UCB_WITHOUT_VAE_UNCERTAINTY,48,Q loss,629,0.006822814699262381
GAS,BAD,UCB_WITHOUT_VAE_UNCERTAINTY,48,Q loss,630,0.004833520390093327
GAS,BAD,UCB_WITHOUT_VAE_UNCERTAINTY,48,Q loss,631,0.00307428278028965
GAS,BAD,UCB_WITHOUT_VAE_UNCERTAINTY,48,Q loss,632,0.010571496561169624
GAS,BAD,UCB_WITHOUT_VAE_UNCERTAINTY,48,Q loss,633,0.0017101780977100134
GAS,BAD,UCB_WITHOUT_VAE_UNCERTAINTY,48,Q loss,634,0.002460417803376913
GAS,BAD,UCB_WITHOUT_VAE_UNCERTAINTY,48,Q loss,635,0.002403031103312969
GAS,BAD,UCB_WITHOUT_VAE_UNCERTAINTY,48,Q loss,636,0.0033242811914533377
GAS,BAD,UCB_WITHOUT_VAE_UNCERTAINTY,48,Q loss,637,0.0007695273961871862
GAS,BAD,UCB_WITHOUT_VAE_UNCERTAINTY,48,Q loss,638,0.0028795446269214153
GAS,BAD,UCB_WITHOUT_VAE_UNCERTAINTY,48,Q loss,639,0.0020675226114690304
GAS,BAD,UCB_WITHOUT_VAE_UNCERTAINTY,48,Q loss,640,0.009278681129217148
GAS,BAD,UCB_WITHOUT_VAE_UNCERTAINTY,48,Q loss,641,0.0075176795944571495
GAS,BAD,UCB_WITHOUT_VAE_UNCERTAINTY,48,Q loss,642,0.008505186066031456
GAS,BAD,UCB_WITHOUT_VAE_UNCERTAINTY,48,Q loss,643,0.0017055626958608627
GAS,BAD,UCB_WITHOUT_VAE_UNCERTAINTY,48,Q loss,644,0.000825796159915626
GAS,BAD,UCB_WITHOUT_VAE_UNCERTAINTY,48,Q loss,645,0.001391360885463655
GAS,BAD,UCB_WITHOUT_VAE_UNCERTAINTY,48,Q loss,646,0.0008625730988569558
GAS,BAD,UCB_WITHOUT_VAE_UNCERTAINTY,48,Q loss,647,0.018893402069807053
GAS,BAD,UCB_WITHOUT_VAE_UNCERTAINTY,48,Q loss,648,0.00256457575596869
GAS,BAD,UCB_WITHOUT_VAE_UNCERTAINTY,48,Q loss,649,0.0011417358182370663
GAS,BAD,UCB_WITHOUT_VAE_UNCERTAINTY,48,Q loss,650,0.0008940612897276878
GAS,BAD,UCB_WITHOUT_VAE_UNCERTAINTY,48,Q loss,651,0.0008161289733834565
GAS,BAD,UCB_WITHOUT_VAE_UNCERTAINTY,48,Q loss,652,0.0013922348152846098
GAS,BAD,UCB_WITHOUT_VAE_UNCERTAINTY,48,Q loss,653,0.0062729069031775
GAS,BAD,UCB_WITHOUT_VAE_UNCERTAINTY,48,Q loss,654,0.0015312342438846827
GAS,BAD,UCB_WITHOUT_VAE_UNCERTAINTY,48,Q loss,655,0.0018261149525642395
GAS,BAD,UCB_WITHOUT_VAE_UNCERTAINTY,48,Q loss,656,0.0008713991264812648
GAS,BAD,UCB_WITHOUT_VAE_UNCERTAINTY,48,Q loss,657,0.003710951888933778
GAS,BAD,UCB_WITHOUT_VAE_UNCERTAINTY,48,Q loss,658,0.007592470850795507
GAS,BAD,UCB_WITHOUT_VAE_UNCERTAINTY,48,Q loss,659,0.0024541758466511965
GAS,BAD,UCB_WITHOUT_VAE_UNCERTAINTY,48,Q loss,660,0.003620204981416464
GAS,BAD,UCB_WITHOUT_VAE_UNCERTAINTY,48,Q loss,661,0.004206384997814894
GAS,BAD,UCB_WITHOUT_VAE_UNCERTAINTY,48,Q loss,662,0.004226237535476685
GAS,BAD,UCB_WITHOUT_VAE_UNCERTAINTY,48,Q loss,663,0.0023932845797389746
GAS,BAD,UCB_WITHOUT_VAE_UNCERTAINTY,48,Q loss,664,0.0027407952584326267
GAS,BAD,UCB_WITHOUT_VAE_UNCERTAINTY,48,Q loss,665,0.006845736876130104
GAS,BAD,UCB_WITHOUT_VAE_UNCERTAINTY,48,Q loss,666,0.002115655457600951
GAS,BAD,UCB_WITHOUT_VAE_UNCERTAINTY,48,Q loss,667,0.0008368164417333901
GAS,BAD,UCB_WITHOUT_VAE_UNCERTAINTY,48,Q loss,668,0.0031989996787160635
GAS,BAD,UCB_WITHOUT_VAE_UNCERTAINTY,48,Q loss,669,0.0017341258935630322
GAS,BAD,UCB_WITHOUT_VAE_UNCERTAINTY,48,Q loss,670,0.001805093139410019
GAS,BAD,UCB_WITHOUT_VAE_UNCERTAINTY,48,Q loss,671,0.0010380300227552652
GAS,BAD,UCB_WITHOUT_VAE_UNCERTAINTY,48,Q loss,672,0.001810909598134458
GAS,BAD,UCB_WITHOUT_VAE_UNCERTAINTY,48,Q loss,673,0.0023123444989323616
GAS,BAD,UCB_WITHOUT_VAE_UNCERTAINTY,48,Q loss,674,0.0009621200151741505
GAS,BAD,UCB_WITHOUT_VAE_UNCERTAINTY,48,Q loss,675,0.0020686564967036247
GAS,BAD,UCB_WITHOUT_VAE_UNCERTAINTY,48,Q loss,676,0.005065654870122671
GAS,BAD,UCB_WITHOUT_VAE_UNCERTAINTY,48,Q loss,677,0.0013618579832836986
GAS,BAD,UCB_WITHOUT_VAE_UNCERTAINTY,48,Q loss,678,0.006080637685954571
GAS,BAD,UCB_WITHOUT_VAE_UNCERTAINTY,48,Q loss,679,0.002316596219316125
GAS,BAD,UCB_WITHOUT_VAE_UNCERTAINTY,48,Q loss,680,0.0030944417230784893
GAS,BAD,UCB_WITHOUT_VAE_UNCERTAINTY,48,Q loss,681,0.0072267851792275906
GAS,BAD,UCB_WITHOUT_VAE_UNCERTAINTY,48,Q loss,682,0.010162800550460815
GAS,BAD,UCB_WITHOUT_VAE_UNCERTAINTY,48,Q loss,683,0.0011705856304615736
GAS,BAD,UCB_WITHOUT_VAE_UNCERTAINTY,48,Q loss,684,0.004929659888148308
GAS,BAD,UCB_WITHOUT_VAE_UNCERTAINTY,48,Q loss,685,0.0033392896875739098
GAS,BAD,UCB_WITHOUT_VAE_UNCERTAINTY,48,Q loss,686,0.003526827087625861
GAS,BAD,UCB_WITHOUT_VAE_UNCERTAINTY,48,Q loss,687,0.005228359717875719
GAS,BAD,UCB_WITHOUT_VAE_UNCERTAINTY,48,Q loss,688,0.002923959866166115
GAS,BAD,UCB_WITHOUT_VAE_UNCERTAINTY,48,Q loss,689,0.0024700514040887356
GAS,BAD,UCB_WITHOUT_VAE_UNCERTAINTY,48,Q loss,690,0.0011501400731503963
GAS,BAD,UCB_WITHOUT_VAE_UNCERTAINTY,48,Q loss,691,0.001142050139605999
GAS,BAD,UCB_WITHOUT_VAE_UNCERTAINTY,48,Q loss,692,0.0007372424006462097
GAS,BAD,UCB_WITHOUT_VAE_UNCERTAINTY,48,Q loss,693,0.004574326332658529
GAS,BAD,UCB_WITHOUT_VAE_UNCERTAINTY,48,Q loss,694,0.0013229097239673138
GAS,BAD,UCB_WITHOUT_VAE_UNCERTAINTY,48,Q loss,695,0.001311980769969523
GAS,BAD,UCB_WITHOUT_VAE_UNCERTAINTY,48,Q loss,696,0.0005453613121062517
GAS,BAD,UCB_WITHOUT_VAE_UNCERTAINTY,48,Q loss,697,0.004193782806396484
GAS,BAD,UCB_WITHOUT_VAE_UNCERTAINTY,48,Q loss,698,0.0011583856539800763
GAS,BAD,UCB_WITHOUT_VAE_UNCERTAINTY,48,Q loss,699,0.0006866351468488574
GAS,BAD,UCB_WITHOUT_VAE_UNCERTAINTY,48,Q loss,700,0.0017764584627002478
GAS,BAD,UCB_WITHOUT_VAE_UNCERTAINTY,48,Q loss,701,0.005277404561638832
GAS,BAD,UCB_WITHOUT_VAE_UNCERTAINTY,48,Q loss,702,0.003339065471664071
GAS,BAD,UCB_WITHOUT_VAE_UNCERTAINTY,48,Q loss,703,0.0007516455370932817
GAS,BAD,UCB_WITHOUT_VAE_UNCERTAINTY,48,Q loss,704,0.006066498346626759
GAS,BAD,UCB_WITHOUT_VAE_UNCERTAINTY,48,Q loss,705,0.007514048367738724
GAS,BAD,UCB_WITHOUT_VAE_UNCERTAINTY,48,Q loss,706,0.0013284344458952546
GAS,BAD,UCB_WITHOUT_VAE_UNCERTAINTY,48,Q loss,707,0.0012426187749952078
GAS,BAD,UCB_WITHOUT_VAE_UNCERTAINTY,48,Q loss,708,0.0022036717273294926
GAS,BAD,UCB_WITHOUT_VAE_UNCERTAINTY,48,Q loss,709,0.00439040781930089
GAS,BAD,UCB_WITHOUT_VAE_UNCERTAINTY,48,Q loss,710,0.0027829327154904604
GAS,BAD,UCB_WITHOUT_VAE_UNCERTAINTY,48,Q loss,711,0.00211278535425663
GAS,BAD,UCB_WITHOUT_VAE_UNCERTAINTY,48,Q loss,712,0.009228069335222244
GAS,BAD,UCB_WITHOUT_VAE_UNCERTAINTY,48,Q loss,713,0.017224440351128578
GAS,BAD,UCB_WITHOUT_VAE_UNCERTAINTY,48,Q loss,714,0.003259006654843688
GAS,BAD,UCB_WITHOUT_VAE_UNCERTAINTY,48,Q loss,715,0.0029004865791648626
GAS,BAD,UCB_WITHOUT_VAE_UNCERTAINTY,48,Q loss,716,0.00281674787402153
GAS,BAD,UCB_WITHOUT_VAE_UNCERTAINTY,48,Q loss,717,0.008292141370475292
GAS,BAD,UCB_WITHOUT_VAE_UNCERTAINTY,48,Q loss,718,0.002454281784594059
GAS,BAD,UCB_WITHOUT_VAE_UNCERTAINTY,48,Q loss,719,0.00772059615701437
GAS,BAD,UCB_WITHOUT_VAE_UNCERTAINTY,48,Q loss,720,0.000981231452897191
GAS,BAD,UCB_WITHOUT_VAE_UNCERTAINTY,48,Q loss,721,0.0005195753765292466
GAS,BAD,UCB_WITHOUT_VAE_UNCERTAINTY,48,Q loss,722,0.0016984232934191823
GAS,BAD,UCB_WITHOUT_VAE_UNCERTAINTY,48,Q loss,723,0.0015875217504799366
GAS,BAD,UCB_WITHOUT_VAE_UNCERTAINTY,48,Q loss,724,0.0011733642313629389
GAS,BAD,UCB_WITHOUT_VAE_UNCERTAINTY,48,Q loss,725,0.0008625138434581459
GAS,BAD,UCB_WITHOUT_VAE_UNCERTAINTY,48,Q loss,726,0.0014053686754778028
GAS,BAD,UCB_WITHOUT_VAE_UNCERTAINTY,48,Q loss,727,0.0024448479525744915
GAS,BAD,UCB_WITHOUT_VAE_UNCERTAINTY,48,Q loss,728,0.000950730754993856
GAS,BAD,UCB_WITHOUT_VAE_UNCERTAINTY,48,Q loss,729,0.0011985780438408256
GAS,BAD,UCB_WITHOUT_VAE_UNCERTAINTY,48,Q loss,730,0.010476899333298206
GAS,BAD,UCB_WITHOUT_VAE_UNCERTAINTY,48,Q loss,731,0.0027363754343241453
GAS,BAD,UCB_WITHOUT_VAE_UNCERTAINTY,48,Q loss,732,0.002042627427726984
GAS,BAD,UCB_WITHOUT_VAE_UNCERTAINTY,48,Q loss,733,0.01061003003269434
GAS,BAD,UCB_WITHOUT_VAE_UNCERTAINTY,48,Q loss,734,0.0017333010910078883
GAS,BAD,UCB_WITHOUT_VAE_UNCERTAINTY,48,Q loss,735,0.0021506925113499165
GAS,BAD,UCB_WITHOUT_VAE_UNCERTAINTY,48,Q loss,736,0.004244315437972546
GAS,BAD,UCB_WITHOUT_VAE_UNCERTAINTY,48,Q loss,737,0.021842477843165398
GAS,BAD,UCB_WITHOUT_VAE_UNCERTAINTY,48,Q loss,738,0.0013718499103561044
GAS,BAD,UCB_WITHOUT_VAE_UNCERTAINTY,48,Q loss,739,0.0017203742172569036
GAS,BAD,UCB_WITHOUT_VAE_UNCERTAINTY,48,Q loss,740,0.002902331529185176
GAS,BAD,UCB_WITHOUT_VAE_UNCERTAINTY,48,Q loss,741,0.0048316000029444695
GAS,BAD,UCB_WITHOUT_VAE_UNCERTAINTY,48,Q loss,742,0.001629477716051042
GAS,BAD,UCB_WITHOUT_VAE_UNCERTAINTY,48,Q loss,743,0.0037887042853981256
GAS,BAD,UCB_WITHOUT_VAE_UNCERTAINTY,48,Q loss,744,0.004221961833536625
GAS,BAD,UCB_WITHOUT_VAE_UNCERTAINTY,48,Q loss,745,0.0014733198331668973
GAS,BAD,UCB_WITHOUT_VAE_UNCERTAINTY,48,Q loss,746,0.0012265858240425587
GAS,BAD,UCB_WITHOUT_VAE_UNCERTAINTY,48,Q loss,747,0.0069059943780303
GAS,BAD,UCB_WITHOUT_VAE_UNCERTAINTY,48,Q loss,748,0.001896096859127283
GAS,BAD,UCB_WITHOUT_VAE_UNCERTAINTY,48,Q loss,749,0.0010378994047641754
GAS,BAD,UCB_WITHOUT_VAE_UNCERTAINTY,48,Q loss,750,0.0045194001868367195
GAS,BAD,UCB_WITHOUT_VAE_UNCERTAINTY,48,Q loss,751,0.002638027537614107
GAS,BAD,UCB_WITHOUT_VAE_UNCERTAINTY,48,Q loss,752,0.002380135003477335
GAS,BAD,UCB_WITHOUT_VAE_UNCERTAINTY,48,Q loss,753,0.0028481273911893368
GAS,BAD,UCB_WITHOUT_VAE_UNCERTAINTY,48,Q loss,754,0.0023805720265954733
GAS,BAD,UCB_WITHOUT_VAE_UNCERTAINTY,48,Q loss,755,0.0007486658869311213
GAS,BAD,UCB_WITHOUT_VAE_UNCERTAINTY,48,Q loss,756,0.005155813880264759
GAS,BAD,UCB_WITHOUT_VAE_UNCERTAINTY,48,Q loss,757,0.0019779144786298275
GAS,BAD,UCB_WITHOUT_VAE_UNCERTAINTY,48,Q loss,758,0.006754567380994558
GAS,BAD,UCB_WITHOUT_VAE_UNCERTAINTY,48,Q loss,759,0.003098480636253953
GAS,BAD,UCB_WITHOUT_VAE_UNCERTAINTY,48,Q loss,760,0.0024004075676202774
GAS,BAD,UCB_WITHOUT_VAE_UNCERTAINTY,48,Q loss,761,0.002685151994228363
GAS,BAD,UCB_WITHOUT_VAE_UNCERTAINTY,48,Q loss,762,0.0013295450480654836
GAS,BAD,UCB_WITHOUT_VAE_UNCERTAINTY,48,Q loss,763,0.0012887894408777356
GAS,BAD,UCB_WITHOUT_VAE_UNCERTAINTY,48,Q loss,764,0.0008760304190218449
GAS,BAD,UCB_WITHOUT_VAE_UNCERTAINTY,48,Q loss,765,0.006913976278156042
GAS,BAD,UCB_WITHOUT_VAE_UNCERTAINTY,48,Q loss,766,0.003043070202693343
GAS,BAD,UCB_WITHOUT_VAE_UNCERTAINTY,48,Q loss,767,0.00409111101180315
GAS,BAD,UCB_WITHOUT_VAE_UNCERTAINTY,48,Q loss,768,0.005363156087696552
GAS,BAD,UCB_WITHOUT_VAE_UNCERTAINTY,48,Q loss,769,0.0048306831158697605
GAS,BAD,UCB_WITHOUT_VAE_UNCERTAINTY,48,Q loss,770,0.0006090805400162935
GAS,BAD,UCB_WITHOUT_VAE_UNCERTAINTY,48,Q loss,771,0.004674610216170549
GAS,BAD,UCB_WITHOUT_VAE_UNCERTAINTY,48,Q loss,772,0.005528254900127649
GAS,BAD,UCB_WITHOUT_VAE_UNCERTAINTY,48,Q loss,773,0.0015556064900010824
GAS,BAD,UCB_WITHOUT_VAE_UNCERTAINTY,48,Q loss,774,0.000660910620354116
GAS,BAD,UCB_WITHOUT_VAE_UNCERTAINTY,48,Q loss,775,0.0025375483091920614
GAS,BAD,UCB_WITHOUT_VAE_UNCERTAINTY,48,Q loss,776,0.0005660091410391033
GAS,BAD,UCB_WITHOUT_VAE_UNCERTAINTY,48,Q loss,777,0.0010547060519456863
GAS,BAD,UCB_WITHOUT_VAE_UNCERTAINTY,48,Q loss,778,0.000685535604134202
GAS,BAD,UCB_WITHOUT_VAE_UNCERTAINTY,48,Q loss,779,0.0018126291688531637
GAS,BAD,UCB_WITHOUT_VAE_UNCERTAINTY,48,Q loss,780,0.007125901523977518
GAS,BAD,UCB_WITHOUT_VAE_UNCERTAINTY,48,Q loss,781,0.002531931735575199
GAS,BAD,UCB_WITHOUT_VAE_UNCERTAINTY,48,Q loss,782,0.0010269209742546082
GAS,BAD,UCB_WITHOUT_VAE_UNCERTAINTY,48,Q loss,783,0.0019103219965472817
GAS,BAD,UCB_WITHOUT_VAE_UNCERTAINTY,48,Q loss,784,0.008143458515405655
GAS,BAD,UCB_WITHOUT_VAE_UNCERTAINTY,48,Q loss,785,0.0028259609825909138
GAS,BAD,UCB_WITHOUT_VAE_UNCERTAINTY,48,Q loss,786,0.003268434666097164
GAS,BAD,UCB_WITHOUT_VAE_UNCERTAINTY,48,Q loss,787,0.0021847947500646114
GAS,BAD,UCB_WITHOUT_VAE_UNCERTAINTY,48,Q loss,788,0.007123416755348444
GAS,BAD,UCB_WITHOUT_VAE_UNCERTAINTY,48,Q loss,789,0.007987053133547306
GAS,BAD,UCB_WITHOUT_VAE_UNCERTAINTY,48,Q loss,790,0.003582677338272333
GAS,BAD,UCB_WITHOUT_VAE_UNCERTAINTY,48,Q loss,791,0.0018471084767952561
GAS,BAD,UCB_WITHOUT_VAE_UNCERTAINTY,48,Q loss,792,0.0014849327271804214
GAS,BAD,UCB_WITHOUT_VAE_UNCERTAINTY,48,Q loss,793,0.00307594146579504
GAS,BAD,UCB_WITHOUT_VAE_UNCERTAINTY,48,Q loss,794,0.0012343967100605369
GAS,BAD,UCB_WITHOUT_VAE_UNCERTAINTY,48,Q loss,795,0.0028149208519607782
GAS,BAD,UCB_WITHOUT_VAE_UNCERTAINTY,48,Q loss,796,0.0012733826879411936
GAS,BAD,UCB_WITHOUT_VAE_UNCERTAINTY,48,Q loss,797,0.0009876154363155365
GAS,BAD,UCB_WITHOUT_VAE_UNCERTAINTY,48,Q loss,798,0.0015649441629648209
GAS,BAD,UCB_WITHOUT_VAE_UNCERTAINTY,48,Q loss,799,0.00041389447869732976
GAS,BAD,UCB_WITHOUT_VAE_UNCERTAINTY,48,Q loss,800,0.0007908686529844999
GAS,BAD,UCB_WITHOUT_VAE_UNCERTAINTY,48,Q loss,801,0.0023402408696711063
GAS,BAD,UCB_WITHOUT_VAE_UNCERTAINTY,48,Q loss,802,0.001170286675915122
GAS,BAD,UCB_WITHOUT_VAE_UNCERTAINTY,48,Q loss,803,0.0015261012595146894
GAS,BAD,UCB_WITHOUT_VAE_UNCERTAINTY,48,Q loss,804,0.0015589992981404066
GAS,BAD,UCB_WITHOUT_VAE_UNCERTAINTY,48,Q loss,805,0.0022482136264443398
GAS,BAD,UCB_WITHOUT_VAE_UNCERTAINTY,48,Q loss,806,0.0018629888072609901
GAS,BAD,UCB_WITHOUT_VAE_UNCERTAINTY,48,Q loss,807,0.0005263299099169672
GAS,BAD,UCB_WITHOUT_VAE_UNCERTAINTY,48,Q loss,808,0.0019189646700397134
GAS,BAD,UCB_WITHOUT_VAE_UNCERTAINTY,48,Q loss,809,0.009244030341506004
GAS,BAD,UCB_WITHOUT_VAE_UNCERTAINTY,48,Cost loss,0,0.1265186220407486
GAS,BAD,UCB_WITHOUT_VAE_UNCERTAINTY,48,Cost loss,1,0.12550663948059082
GAS,BAD,UCB_WITHOUT_VAE_UNCERTAINTY,48,Cost loss,2,0.12352187931537628
GAS,BAD,UCB_WITHOUT_VAE_UNCERTAINTY,48,Cost loss,3,0.12213505804538727
GAS,BAD,UCB_WITHOUT_VAE_UNCERTAINTY,48,Cost loss,4,0.12075433135032654
GAS,BAD,UCB_WITHOUT_VAE_UNCERTAINTY,48,Cost loss,5,0.11960266530513763
GAS,BAD,UCB_WITHOUT_VAE_UNCERTAINTY,48,Cost loss,6,0.11839739978313446
GAS,BAD,UCB_WITHOUT_VAE_UNCERTAINTY,48,Cost loss,7,0.11640053242444992
GAS,BAD,UCB_WITHOUT_VAE_UNCERTAINTY,48,Cost loss,8,0.11564486473798752
GAS,BAD,UCB_WITHOUT_VAE_UNCERTAINTY,48,Cost loss,9,0.11471594125032425
GAS,BAD,UCB_WITHOUT_VAE_UNCERTAINTY,48,Cost loss,10,0.11349588632583618
GAS,BAD,UCB_WITHOUT_VAE_UNCERTAINTY,48,Cost loss,11,0.11062207072973251
GAS,BAD,UCB_WITHOUT_VAE_UNCERTAINTY,48,Cost loss,12,0.11083955317735672
GAS,BAD,UCB_WITHOUT_VAE_UNCERTAINTY,48,Cost loss,13,0.11050766706466675
GAS,BAD,UCB_WITHOUT_VAE_UNCERTAINTY,48,Cost loss,14,0.10886919498443604
GAS,BAD,UCB_WITHOUT_VAE_UNCERTAINTY,48,Cost loss,15,0.10845495760440826
GAS,BAD,UCB_WITHOUT_VAE_UNCERTAINTY,48,Cost loss,16,0.10552377998828888
GAS,BAD,UCB_WITHOUT_VAE_UNCERTAINTY,48,Cost loss,17,0.10490235686302185
GAS,BAD,UCB_WITHOUT_VAE_UNCERTAINTY,48,Cost loss,18,0.10499761253595352
GAS,BAD,UCB_WITHOUT_VAE_UNCERTAINTY,48,Cost loss,19,0.1032562106847763
GAS,BAD,UCB_WITHOUT_VAE_UNCERTAINTY,48,Cost loss,20,0.10105936974287033
GAS,BAD,UCB_WITHOUT_VAE_UNCERTAINTY,48,Cost loss,21,0.10026399046182632
GAS,BAD,UCB_WITHOUT_VAE_UNCERTAINTY,48,Cost loss,22,0.09928695857524872
GAS,BAD,UCB_WITHOUT_VAE_UNCERTAINTY,48,Cost loss,23,0.09872104227542877
GAS,BAD,UCB_WITHOUT_VAE_UNCERTAINTY,48,Cost loss,24,0.09686610102653503
GAS,BAD,UCB_WITHOUT_VAE_UNCERTAINTY,48,Cost loss,25,0.09740421175956726
GAS,BAD,UCB_WITHOUT_VAE_UNCERTAINTY,48,Cost loss,26,0.0945996344089508
GAS,BAD,UCB_WITHOUT_VAE_UNCERTAINTY,48,Cost loss,27,0.09366592764854431
GAS,BAD,UCB_WITHOUT_VAE_UNCERTAINTY,48,Cost loss,28,0.09380382299423218
GAS,BAD,UCB_WITHOUT_VAE_UNCERTAINTY,48,Cost loss,29,0.09134623408317566
GAS,BAD,UCB_WITHOUT_VAE_UNCERTAINTY,48,Cost loss,30,0.09054626524448395
GAS,BAD,UCB_WITHOUT_VAE_UNCERTAINTY,48,Cost loss,31,0.08995775878429413
GAS,BAD,UCB_WITHOUT_VAE_UNCERTAINTY,48,Cost loss,32,0.08997345715761185
GAS,BAD,UCB_WITHOUT_VAE_UNCERTAINTY,48,Cost loss,33,0.08874637633562088
GAS,BAD,UCB_WITHOUT_VAE_UNCERTAINTY,48,Cost loss,34,0.08737199008464813
GAS,BAD,UCB_WITHOUT_VAE_UNCERTAINTY,48,Cost loss,35,0.08377264440059662
GAS,BAD,UCB_WITHOUT_VAE_UNCERTAINTY,48,Cost loss,36,0.08415009081363678
GAS,BAD,UCB_WITHOUT_VAE_UNCERTAINTY,48,Cost loss,37,0.08485152572393417
GAS,BAD,UCB_WITHOUT_VAE_UNCERTAINTY,48,Cost loss,38,0.08521676808595657
GAS,BAD,UCB_WITHOUT_VAE_UNCERTAINTY,48,Cost loss,39,0.08284559100866318
GAS,BAD,UCB_WITHOUT_VAE_UNCERTAINTY,48,Cost loss,40,0.08289597183465958
GAS,BAD,UCB_WITHOUT_VAE_UNCERTAINTY,48,Cost loss,41,0.08134591579437256
GAS,BAD,UCB_WITHOUT_VAE_UNCERTAINTY,48,Cost loss,42,0.08010309934616089
GAS,BAD,UCB_WITHOUT_VAE_UNCERTAINTY,48,Cost loss,43,0.07878798246383667
GAS,BAD,UCB_WITHOUT_VAE_UNCERTAINTY,48,Cost loss,44,0.0780692845582962
GAS,BAD,UCB_WITHOUT_VAE_UNCERTAINTY,48,Cost loss,45,0.07858932018280029
GAS,BAD,UCB_WITHOUT_VAE_UNCERTAINTY,48,Cost loss,46,0.07451867312192917
GAS,BAD,UCB_WITHOUT_VAE_UNCERTAINTY,48,Cost loss,47,0.07471134513616562
GAS,BAD,UCB_WITHOUT_VAE_UNCERTAINTY,48,Cost loss,48,0.07368653267621994
GAS,BAD,UCB_WITHOUT_VAE_UNCERTAINTY,48,Cost loss,49,0.07221899181604385
GAS,BAD,UCB_WITHOUT_VAE_UNCERTAINTY,48,Cost loss,50,0.07184579968452454
GAS,BAD,UCB_WITHOUT_VAE_UNCERTAINTY,48,Cost loss,51,0.07237889617681503
GAS,BAD,UCB_WITHOUT_VAE_UNCERTAINTY,48,Cost loss,52,0.07102140784263611
GAS,BAD,UCB_WITHOUT_VAE_UNCERTAINTY,48,Cost loss,53,0.07138708233833313
GAS,BAD,UCB_WITHOUT_VAE_UNCERTAINTY,48,Cost loss,54,0.0700167715549469
GAS,BAD,UCB_WITHOUT_VAE_UNCERTAINTY,48,Cost loss,55,0.06706400215625763
GAS,BAD,UCB_WITHOUT_VAE_UNCERTAINTY,48,Cost loss,56,0.06798501312732697
GAS,BAD,UCB_WITHOUT_VAE_UNCERTAINTY,48,Cost loss,57,0.06682473421096802
GAS,BAD,UCB_WITHOUT_VAE_UNCERTAINTY,48,Cost loss,58,0.06640581041574478
GAS,BAD,UCB_WITHOUT_VAE_UNCERTAINTY,48,Cost loss,59,0.0639483630657196
GAS,BAD,UCB_WITHOUT_VAE_UNCERTAINTY,48,Cost loss,60,0.06345823407173157
GAS,BAD,UCB_WITHOUT_VAE_UNCERTAINTY,48,Cost loss,61,0.061648014932870865
GAS,BAD,UCB_WITHOUT_VAE_UNCERTAINTY,48,Cost loss,62,0.06267203390598297
GAS,BAD,UCB_WITHOUT_VAE_UNCERTAINTY,48,Cost loss,63,0.06357093900442123
GAS,BAD,UCB_WITHOUT_VAE_UNCERTAINTY,48,Cost loss,64,0.0609821081161499
GAS,BAD,UCB_WITHOUT_VAE_UNCERTAINTY,48,Cost loss,65,0.0602390430867672
GAS,BAD,UCB_WITHOUT_VAE_UNCERTAINTY,48,Cost loss,66,0.0597313717007637
GAS,BAD,UCB_WITHOUT_VAE_UNCERTAINTY,48,Cost loss,67,0.05958759784698486
GAS,BAD,UCB_WITHOUT_VAE_UNCERTAINTY,48,Cost loss,68,0.05946968495845795
GAS,BAD,UCB_WITHOUT_VAE_UNCERTAINTY,48,Cost loss,69,0.05727660283446312
GAS,BAD,UCB_WITHOUT_VAE_UNCERTAINTY,48,Cost loss,70,0.05778631567955017
GAS,BAD,UCB_WITHOUT_VAE_UNCERTAINTY,48,Cost loss,71,0.056154970079660416
GAS,BAD,UCB_WITHOUT_VAE_UNCERTAINTY,48,Cost loss,72,0.0564509779214859
GAS,BAD,UCB_WITHOUT_VAE_UNCERTAINTY,48,Cost loss,73,0.052784521132707596
GAS,BAD,UCB_WITHOUT_VAE_UNCERTAINTY,48,Cost loss,74,0.053762152791023254
GAS,BAD,UCB_WITHOUT_VAE_UNCERTAINTY,48,Cost loss,75,0.05489308759570122
GAS,BAD,UCB_WITHOUT_VAE_UNCERTAINTY,48,Cost loss,76,0.05201583355665207
GAS,BAD,UCB_WITHOUT_VAE_UNCERTAINTY,48,Cost loss,77,0.05420364812016487
GAS,BAD,UCB_WITHOUT_VAE_UNCERTAINTY,48,Cost loss,78,0.0497707799077034
GAS,BAD,UCB_WITHOUT_VAE_UNCERTAINTY,48,Cost loss,79,0.04947222024202347
GAS,BAD,UCB_WITHOUT_VAE_UNCERTAINTY,48,Cost loss,80,0.05037000775337219
GAS,BAD,UCB_WITHOUT_VAE_UNCERTAINTY,48,Cost loss,81,0.04953242093324661
GAS,BAD,UCB_WITHOUT_VAE_UNCERTAINTY,48,Cost loss,82,0.04773102328181267
GAS,BAD,UCB_WITHOUT_VAE_UNCERTAINTY,48,Cost loss,83,0.04692288488149643
GAS,BAD,UCB_WITHOUT_VAE_UNCERTAINTY,48,Cost loss,84,0.04751048609614372
GAS,BAD,UCB_WITHOUT_VAE_UNCERTAINTY,48,Cost loss,85,0.045861706137657166
GAS,BAD,UCB_WITHOUT_VAE_UNCERTAINTY,48,Cost loss,86,0.04315699636936188
GAS,BAD,UCB_WITHOUT_VAE_UNCERTAINTY,48,Cost loss,87,0.04454930126667023
GAS,BAD,UCB_WITHOUT_VAE_UNCERTAINTY,48,Cost loss,88,0.045283183455467224
GAS,BAD,UCB_WITHOUT_VAE_UNCERTAINTY,48,Cost loss,89,0.04352492466568947
GAS,BAD,UCB_WITHOUT_VAE_UNCERTAINTY,48,Cost loss,90,0.04384508728981018
GAS,BAD,UCB_WITHOUT_VAE_UNCERTAINTY,48,Cost loss,91,0.04244127869606018
GAS,BAD,UCB_WITHOUT_VAE_UNCERTAINTY,48,Cost loss,92,0.041847746819257736
GAS,BAD,UCB_WITHOUT_VAE_UNCERTAINTY,48,Cost loss,93,0.040677957236766815
GAS,BAD,UCB_WITHOUT_VAE_UNCERTAINTY,48,Cost loss,94,0.0397443026304245
GAS,BAD,UCB_WITHOUT_VAE_UNCERTAINTY,48,Cost loss,95,0.03852579742670059
GAS,BAD,UCB_WITHOUT_VAE_UNCERTAINTY,48,Cost loss,96,0.039330244064331055
GAS,BAD,UCB_WITHOUT_VAE_UNCERTAINTY,48,Cost loss,97,0.03812427446246147
GAS,BAD,UCB_WITHOUT_VAE_UNCERTAINTY,48,Cost loss,98,0.039827559143304825
GAS,BAD,UCB_WITHOUT_VAE_UNCERTAINTY,48,Cost loss,99,0.03591069579124451
GAS,BAD,UCB_WITHOUT_VAE_UNCERTAINTY,48,Cost loss,100,0.03495583310723305
GAS,BAD,UCB_WITHOUT_VAE_UNCERTAINTY,48,Cost loss,101,0.03600378707051277
GAS,BAD,UCB_WITHOUT_VAE_UNCERTAINTY,48,Cost loss,102,0.031943757086992264
GAS,BAD,UCB_WITHOUT_VAE_UNCERTAINTY,48,Cost loss,103,0.030334629118442535
GAS,BAD,UCB_WITHOUT_VAE_UNCERTAINTY,48,Cost loss,104,0.029902635142207146
GAS,BAD,UCB_WITHOUT_VAE_UNCERTAINTY,48,Cost loss,105,0.028143765404820442
GAS,BAD,UCB_WITHOUT_VAE_UNCERTAINTY,48,Cost loss,106,0.028713582083582878
GAS,BAD,UCB_WITHOUT_VAE_UNCERTAINTY,48,Cost loss,107,0.027155861258506775
GAS,BAD,UCB_WITHOUT_VAE_UNCERTAINTY,48,Cost loss,108,0.02747926115989685
GAS,BAD,UCB_WITHOUT_VAE_UNCERTAINTY,48,Cost loss,109,0.024157177656888962
GAS,BAD,UCB_WITHOUT_VAE_UNCERTAINTY,48,Cost loss,110,0.025549540296196938
GAS,BAD,UCB_WITHOUT_VAE_UNCERTAINTY,48,Cost loss,111,0.024687975645065308
GAS,BAD,UCB_WITHOUT_VAE_UNCERTAINTY,48,Cost loss,112,0.022692225873470306
GAS,BAD,UCB_WITHOUT_VAE_UNCERTAINTY,48,Cost loss,113,0.022915570065379143
GAS,BAD,UCB_WITHOUT_VAE_UNCERTAINTY,48,Cost loss,114,0.022213701158761978
GAS,BAD,UCB_WITHOUT_VAE_UNCERTAINTY,48,Cost loss,115,0.0195052120834589
GAS,BAD,UCB_WITHOUT_VAE_UNCERTAINTY,48,Cost loss,116,0.018504319712519646
GAS,BAD,UCB_WITHOUT_VAE_UNCERTAINTY,48,Cost loss,117,0.020039264112710953
GAS,BAD,UCB_WITHOUT_VAE_UNCERTAINTY,48,Cost loss,118,0.018131740391254425
GAS,BAD,UCB_WITHOUT_VAE_UNCERTAINTY,48,Cost loss,119,0.01664869487285614
GAS,BAD,UCB_WITHOUT_VAE_UNCERTAINTY,48,Cost loss,120,0.016141191124916077
GAS,BAD,UCB_WITHOUT_VAE_UNCERTAINTY,48,Cost loss,121,0.01608789898455143
GAS,BAD,UCB_WITHOUT_VAE_UNCERTAINTY,48,Cost loss,122,0.016631223261356354
GAS,BAD,UCB_WITHOUT_VAE_UNCERTAINTY,48,Cost loss,123,0.015957843512296677
GAS,BAD,UCB_WITHOUT_VAE_UNCERTAINTY,48,Cost loss,124,0.01431874930858612
GAS,BAD,UCB_WITHOUT_VAE_UNCERTAINTY,48,Cost loss,125,0.014325816184282303
GAS,BAD,UCB_WITHOUT_VAE_UNCERTAINTY,48,Cost loss,126,0.01457195170223713
GAS,BAD,UCB_WITHOUT_VAE_UNCERTAINTY,48,Cost loss,127,0.014044275507330894
GAS,BAD,UCB_WITHOUT_VAE_UNCERTAINTY,48,Cost loss,128,0.01331307739019394
GAS,BAD,UCB_WITHOUT_VAE_UNCERTAINTY,48,Cost loss,129,0.01331331767141819
GAS,BAD,UCB_WITHOUT_VAE_UNCERTAINTY,48,Cost loss,130,0.012714842334389687
GAS,BAD,UCB_WITHOUT_VAE_UNCERTAINTY,48,Cost loss,131,0.013297252357006073
GAS,BAD,UCB_WITHOUT_VAE_UNCERTAINTY,48,Cost loss,132,0.013136708177626133
GAS,BAD,UCB_WITHOUT_VAE_UNCERTAINTY,48,Cost loss,133,0.012379923835396767
GAS,BAD,UCB_WITHOUT_VAE_UNCERTAINTY,48,Cost loss,134,0.011578718200325966
GAS,BAD,UCB_WITHOUT_VAE_UNCERTAINTY,48,Cost loss,135,0.012374276295304298
GAS,BAD,UCB_WITHOUT_VAE_UNCERTAINTY,48,Cost loss,136,0.013250257819890976
GAS,BAD,UCB_WITHOUT_VAE_UNCERTAINTY,48,Cost loss,137,0.013434912078082561
GAS,BAD,UCB_WITHOUT_VAE_UNCERTAINTY,48,Cost loss,138,0.012957096099853516
GAS,BAD,UCB_WITHOUT_VAE_UNCERTAINTY,48,Cost loss,139,0.01336585357785225
GAS,BAD,UCB_WITHOUT_VAE_UNCERTAINTY,48,Cost loss,140,0.013122497126460075
GAS,BAD,UCB_WITHOUT_VAE_UNCERTAINTY,48,Cost loss,141,0.013383453711867332
GAS,BAD,UCB_WITHOUT_VAE_UNCERTAINTY,48,Cost loss,142,0.012364152818918228
GAS,BAD,UCB_WITHOUT_VAE_UNCERTAINTY,48,Cost loss,143,0.012553950771689415
GAS,BAD,UCB_WITHOUT_VAE_UNCERTAINTY,48,Cost loss,144,0.011096933856606483
GAS,BAD,UCB_WITHOUT_VAE_UNCERTAINTY,49,Q loss,0,0.03566131368279457
GAS,BAD,UCB_WITHOUT_VAE_UNCERTAINTY,49,Q loss,1,0.023051884025335312
GAS,BAD,UCB_WITHOUT_VAE_UNCERTAINTY,49,Q loss,2,0.030083075165748596
GAS,BAD,UCB_WITHOUT_VAE_UNCERTAINTY,49,Q loss,3,0.02056407369673252
GAS,BAD,UCB_WITHOUT_VAE_UNCERTAINTY,49,Q loss,4,0.020763728767633438
GAS,BAD,UCB_WITHOUT_VAE_UNCERTAINTY,49,Q loss,5,0.03572804480791092
GAS,BAD,UCB_WITHOUT_VAE_UNCERTAINTY,49,Q loss,6,0.037023089826107025
GAS,BAD,UCB_WITHOUT_VAE_UNCERTAINTY,49,Q loss,7,0.012382958084344864
GAS,BAD,UCB_WITHOUT_VAE_UNCERTAINTY,49,Q loss,8,0.009601226076483727
GAS,BAD,UCB_WITHOUT_VAE_UNCERTAINTY,49,Q loss,9,0.02552122250199318
GAS,BAD,UCB_WITHOUT_VAE_UNCERTAINTY,49,Q loss,10,0.020220549777150154
GAS,BAD,UCB_WITHOUT_VAE_UNCERTAINTY,49,Q loss,11,0.022419407963752747
GAS,BAD,UCB_WITHOUT_VAE_UNCERTAINTY,49,Q loss,12,0.015224361792206764
GAS,BAD,UCB_WITHOUT_VAE_UNCERTAINTY,49,Q loss,13,0.014603526331484318
GAS,BAD,UCB_WITHOUT_VAE_UNCERTAINTY,49,Q loss,14,0.01859215646982193
GAS,BAD,UCB_WITHOUT_VAE_UNCERTAINTY,49,Q loss,15,0.016406357288360596
GAS,BAD,UCB_WITHOUT_VAE_UNCERTAINTY,49,Q loss,16,0.02152656577527523
GAS,BAD,UCB_WITHOUT_VAE_UNCERTAINTY,49,Q loss,17,0.02898908220231533
GAS,BAD,UCB_WITHOUT_VAE_UNCERTAINTY,49,Q loss,18,0.06680340319871902
GAS,BAD,UCB_WITHOUT_VAE_UNCERTAINTY,49,Q loss,19,0.04270283132791519
GAS,BAD,UCB_WITHOUT_VAE_UNCERTAINTY,49,Q loss,20,0.05837046355009079
GAS,BAD,UCB_WITHOUT_VAE_UNCERTAINTY,49,Q loss,21,0.03500477969646454
GAS,BAD,UCB_WITHOUT_VAE_UNCERTAINTY,49,Q loss,22,0.01284556183964014
GAS,BAD,UCB_WITHOUT_VAE_UNCERTAINTY,49,Q loss,23,0.025816531851887703
GAS,BAD,UCB_WITHOUT_VAE_UNCERTAINTY,49,Q loss,24,0.025770895183086395
GAS,BAD,UCB_WITHOUT_VAE_UNCERTAINTY,49,Q loss,25,0.04320184141397476
GAS,BAD,UCB_WITHOUT_VAE_UNCERTAINTY,49,Q loss,26,0.015469783917069435
GAS,BAD,UCB_WITHOUT_VAE_UNCERTAINTY,49,Q loss,27,0.06745155155658722
GAS,BAD,UCB_WITHOUT_VAE_UNCERTAINTY,49,Q loss,28,0.02345684915781021
GAS,BAD,UCB_WITHOUT_VAE_UNCERTAINTY,49,Q loss,29,0.018522528931498528
GAS,BAD,UCB_WITHOUT_VAE_UNCERTAINTY,49,Q loss,30,0.01843229867517948
GAS,BAD,UCB_WITHOUT_VAE_UNCERTAINTY,49,Q loss,31,0.015874963253736496
GAS,BAD,UCB_WITHOUT_VAE_UNCERTAINTY,49,Q loss,32,0.019791986793279648
GAS,BAD,UCB_WITHOUT_VAE_UNCERTAINTY,49,Q loss,33,0.015307288616895676
GAS,BAD,UCB_WITHOUT_VAE_UNCERTAINTY,49,Q loss,34,0.027682950720191002
GAS,BAD,UCB_WITHOUT_VAE_UNCERTAINTY,49,Q loss,35,0.042001210153102875
GAS,BAD,UCB_WITHOUT_VAE_UNCERTAINTY,49,Q loss,36,0.06842487305402756
GAS,BAD,UCB_WITHOUT_VAE_UNCERTAINTY,49,Q loss,37,0.038259293884038925
GAS,BAD,UCB_WITHOUT_VAE_UNCERTAINTY,49,Q loss,38,0.05945936590433121
GAS,BAD,UCB_WITHOUT_VAE_UNCERTAINTY,49,Q loss,39,0.019011303782463074
GAS,BAD,UCB_WITHOUT_VAE_UNCERTAINTY,49,Q loss,40,0.01673240214586258
GAS,BAD,UCB_WITHOUT_VAE_UNCERTAINTY,49,Q loss,41,0.03223542124032974
GAS,BAD,UCB_WITHOUT_VAE_UNCERTAINTY,49,Q loss,42,0.019913870841264725
GAS,BAD,UCB_WITHOUT_VAE_UNCERTAINTY,49,Q loss,43,0.014516063034534454
GAS,BAD,UCB_WITHOUT_VAE_UNCERTAINTY,49,Q loss,44,0.012402929365634918
GAS,BAD,UCB_WITHOUT_VAE_UNCERTAINTY,49,Q loss,45,0.025106724351644516
GAS,BAD,UCB_WITHOUT_VAE_UNCERTAINTY,49,Q loss,46,0.016958676278591156
GAS,BAD,UCB_WITHOUT_VAE_UNCERTAINTY,49,Q loss,47,0.022203348577022552
GAS,BAD,UCB_WITHOUT_VAE_UNCERTAINTY,49,Q loss,48,0.017632702365517616
GAS,BAD,UCB_WITHOUT_VAE_UNCERTAINTY,49,Q loss,49,0.019570456817746162
GAS,BAD,UCB_WITHOUT_VAE_UNCERTAINTY,49,Q loss,50,0.012617052532732487
GAS,BAD,UCB_WITHOUT_VAE_UNCERTAINTY,49,Q loss,51,0.016926569864153862
GAS,BAD,UCB_WITHOUT_VAE_UNCERTAINTY,49,Q loss,52,0.011143907904624939
GAS,BAD,UCB_WITHOUT_VAE_UNCERTAINTY,49,Q loss,53,0.02850222960114479
GAS,BAD,UCB_WITHOUT_VAE_UNCERTAINTY,49,Q loss,54,0.06677362322807312
GAS,BAD,UCB_WITHOUT_VAE_UNCERTAINTY,49,Q loss,55,0.038432009518146515
GAS,BAD,UCB_WITHOUT_VAE_UNCERTAINTY,49,Q loss,56,0.0814027488231659
GAS,BAD,UCB_WITHOUT_VAE_UNCERTAINTY,49,Q loss,57,0.018775425851345062
GAS,BAD,UCB_WITHOUT_VAE_UNCERTAINTY,49,Q loss,58,0.011454561725258827
GAS,BAD,UCB_WITHOUT_VAE_UNCERTAINTY,49,Q loss,59,0.02134186588227749
GAS,BAD,UCB_WITHOUT_VAE_UNCERTAINTY,49,Q loss,60,0.017649460583925247
GAS,BAD,UCB_WITHOUT_VAE_UNCERTAINTY,49,Q loss,61,0.012006452307105064
GAS,BAD,UCB_WITHOUT_VAE_UNCERTAINTY,49,Q loss,62,0.012051883153617382
GAS,BAD,UCB_WITHOUT_VAE_UNCERTAINTY,49,Q loss,63,0.021783240139484406
GAS,BAD,UCB_WITHOUT_VAE_UNCERTAINTY,49,Q loss,64,0.015615547075867653
GAS,BAD,UCB_WITHOUT_VAE_UNCERTAINTY,49,Q loss,65,0.017040979117155075
GAS,BAD,UCB_WITHOUT_VAE_UNCERTAINTY,49,Q loss,66,0.014449752867221832
GAS,BAD,UCB_WITHOUT_VAE_UNCERTAINTY,49,Q loss,67,0.020786039531230927
GAS,BAD,UCB_WITHOUT_VAE_UNCERTAINTY,49,Q loss,68,0.017126139253377914
GAS,BAD,UCB_WITHOUT_VAE_UNCERTAINTY,49,Q loss,69,0.042389314621686935
GAS,BAD,UCB_WITHOUT_VAE_UNCERTAINTY,49,Q loss,70,0.012888581492006779
GAS,BAD,UCB_WITHOUT_VAE_UNCERTAINTY,49,Q loss,71,0.03236840292811394
GAS,BAD,UCB_WITHOUT_VAE_UNCERTAINTY,49,Q loss,72,0.06355944275856018
GAS,BAD,UCB_WITHOUT_VAE_UNCERTAINTY,49,Q loss,73,0.02762146107852459
GAS,BAD,UCB_WITHOUT_VAE_UNCERTAINTY,49,Q loss,74,0.035563383251428604
GAS,BAD,UCB_WITHOUT_VAE_UNCERTAINTY,49,Q loss,75,0.014756739139556885
GAS,BAD,UCB_WITHOUT_VAE_UNCERTAINTY,49,Q loss,76,0.011161000467836857
GAS,BAD,UCB_WITHOUT_VAE_UNCERTAINTY,49,Q loss,77,0.021991338580846786
GAS,BAD,UCB_WITHOUT_VAE_UNCERTAINTY,49,Q loss,78,0.050034407526254654
GAS,BAD,UCB_WITHOUT_VAE_UNCERTAINTY,49,Q loss,79,0.014320200309157372
GAS,BAD,UCB_WITHOUT_VAE_UNCERTAINTY,49,Q loss,80,0.020954763516783714
GAS,BAD,UCB_WITHOUT_VAE_UNCERTAINTY,49,Q loss,81,0.03490399569272995
GAS,BAD,UCB_WITHOUT_VAE_UNCERTAINTY,49,Q loss,82,0.013598263263702393
GAS,BAD,UCB_WITHOUT_VAE_UNCERTAINTY,49,Q loss,83,0.01270521804690361
GAS,BAD,UCB_WITHOUT_VAE_UNCERTAINTY,49,Q loss,84,0.012513436377048492
GAS,BAD,UCB_WITHOUT_VAE_UNCERTAINTY,49,Q loss,85,0.013192792423069477
GAS,BAD,UCB_WITHOUT_VAE_UNCERTAINTY,49,Q loss,86,0.01428344938904047
GAS,BAD,UCB_WITHOUT_VAE_UNCERTAINTY,49,Q loss,87,0.013751513324677944
GAS,BAD,UCB_WITHOUT_VAE_UNCERTAINTY,49,Q loss,88,0.01360485702753067
GAS,BAD,UCB_WITHOUT_VAE_UNCERTAINTY,49,Q loss,89,0.017654629424214363
GAS,BAD,UCB_WITHOUT_VAE_UNCERTAINTY,49,Q loss,90,0.05047192424535751
GAS,BAD,UCB_WITHOUT_VAE_UNCERTAINTY,49,Q loss,91,0.03111862577497959
GAS,BAD,UCB_WITHOUT_VAE_UNCERTAINTY,49,Q loss,92,0.03590293601155281
GAS,BAD,UCB_WITHOUT_VAE_UNCERTAINTY,49,Q loss,93,0.010705290362238884
GAS,BAD,UCB_WITHOUT_VAE_UNCERTAINTY,49,Q loss,94,0.009139028377830982
GAS,BAD,UCB_WITHOUT_VAE_UNCERTAINTY,49,Q loss,95,0.0139339379966259
GAS,BAD,UCB_WITHOUT_VAE_UNCERTAINTY,49,Q loss,96,0.026273217052221298
GAS,BAD,UCB_WITHOUT_VAE_UNCERTAINTY,49,Q loss,97,0.02196352928876877
GAS,BAD,UCB_WITHOUT_VAE_UNCERTAINTY,49,Q loss,98,0.020809251815080643
GAS,BAD,UCB_WITHOUT_VAE_UNCERTAINTY,49,Q loss,99,0.045988019555807114
GAS,BAD,UCB_WITHOUT_VAE_UNCERTAINTY,49,Q loss,100,0.012957485392689705
GAS,BAD,UCB_WITHOUT_VAE_UNCERTAINTY,49,Q loss,101,0.011878548189997673
GAS,BAD,UCB_WITHOUT_VAE_UNCERTAINTY,49,Q loss,102,0.01439945213496685
GAS,BAD,UCB_WITHOUT_VAE_UNCERTAINTY,49,Q loss,103,0.016294974833726883
GAS,BAD,UCB_WITHOUT_VAE_UNCERTAINTY,49,Q loss,104,0.009819528087973595
GAS,BAD,UCB_WITHOUT_VAE_UNCERTAINTY,49,Q loss,105,0.012486027553677559
GAS,BAD,UCB_WITHOUT_VAE_UNCERTAINTY,49,Q loss,106,0.009798234328627586
GAS,BAD,UCB_WITHOUT_VAE_UNCERTAINTY,49,Q loss,107,0.022617807611823082
GAS,BAD,UCB_WITHOUT_VAE_UNCERTAINTY,49,Q loss,108,0.02279556542634964
GAS,BAD,UCB_WITHOUT_VAE_UNCERTAINTY,49,Q loss,109,0.020191732794046402
GAS,BAD,UCB_WITHOUT_VAE_UNCERTAINTY,49,Q loss,110,0.021511195227503777
GAS,BAD,UCB_WITHOUT_VAE_UNCERTAINTY,49,Q loss,111,0.0095144622027874
GAS,BAD,UCB_WITHOUT_VAE_UNCERTAINTY,49,Q loss,112,0.007650886196643114
GAS,BAD,UCB_WITHOUT_VAE_UNCERTAINTY,49,Q loss,113,0.013830979354679585
GAS,BAD,UCB_WITHOUT_VAE_UNCERTAINTY,49,Q loss,114,0.012895200401544571
GAS,BAD,UCB_WITHOUT_VAE_UNCERTAINTY,49,Q loss,115,0.006642568856477737
GAS,BAD,UCB_WITHOUT_VAE_UNCERTAINTY,49,Q loss,116,0.007571030408143997
GAS,BAD,UCB_WITHOUT_VAE_UNCERTAINTY,49,Q loss,117,0.019593551754951477
GAS,BAD,UCB_WITHOUT_VAE_UNCERTAINTY,49,Q loss,118,0.009392118081450462
GAS,BAD,UCB_WITHOUT_VAE_UNCERTAINTY,49,Q loss,119,0.016508551314473152
GAS,BAD,UCB_WITHOUT_VAE_UNCERTAINTY,49,Q loss,120,0.008427713066339493
GAS,BAD,UCB_WITHOUT_VAE_UNCERTAINTY,49,Q loss,121,0.010901563800871372
GAS,BAD,UCB_WITHOUT_VAE_UNCERTAINTY,49,Q loss,122,0.006468893028795719
GAS,BAD,UCB_WITHOUT_VAE_UNCERTAINTY,49,Q loss,123,0.0183377955108881
GAS,BAD,UCB_WITHOUT_VAE_UNCERTAINTY,49,Q loss,124,0.009846621192991734
GAS,BAD,UCB_WITHOUT_VAE_UNCERTAINTY,49,Q loss,125,0.031243041157722473
GAS,BAD,UCB_WITHOUT_VAE_UNCERTAINTY,49,Q loss,126,0.031577859073877335
GAS,BAD,UCB_WITHOUT_VAE_UNCERTAINTY,49,Q loss,127,0.0056180767714977264
GAS,BAD,UCB_WITHOUT_VAE_UNCERTAINTY,49,Q loss,128,0.013864254578948021
GAS,BAD,UCB_WITHOUT_VAE_UNCERTAINTY,49,Q loss,129,0.017169557511806488
GAS,BAD,UCB_WITHOUT_VAE_UNCERTAINTY,49,Q loss,130,0.007042781449854374
GAS,BAD,UCB_WITHOUT_VAE_UNCERTAINTY,49,Q loss,131,0.024799734354019165
GAS,BAD,UCB_WITHOUT_VAE_UNCERTAINTY,49,Q loss,132,0.06418724358081818
GAS,BAD,UCB_WITHOUT_VAE_UNCERTAINTY,49,Q loss,133,0.00811182614415884
GAS,BAD,UCB_WITHOUT_VAE_UNCERTAINTY,49,Q loss,134,0.010363572277128696
GAS,BAD,UCB_WITHOUT_VAE_UNCERTAINTY,49,Q loss,135,0.041650038212537766
GAS,BAD,UCB_WITHOUT_VAE_UNCERTAINTY,49,Q loss,136,0.009168790653347969
GAS,BAD,UCB_WITHOUT_VAE_UNCERTAINTY,49,Q loss,137,0.009251551702618599
GAS,BAD,UCB_WITHOUT_VAE_UNCERTAINTY,49,Q loss,138,0.010922107845544815
GAS,BAD,UCB_WITHOUT_VAE_UNCERTAINTY,49,Q loss,139,0.00887296348810196
GAS,BAD,UCB_WITHOUT_VAE_UNCERTAINTY,49,Q loss,140,0.004765293560922146
GAS,BAD,UCB_WITHOUT_VAE_UNCERTAINTY,49,Q loss,141,0.011727521196007729
GAS,BAD,UCB_WITHOUT_VAE_UNCERTAINTY,49,Q loss,142,0.007427728269249201
GAS,BAD,UCB_WITHOUT_VAE_UNCERTAINTY,49,Q loss,143,0.0179812703281641
GAS,BAD,UCB_WITHOUT_VAE_UNCERTAINTY,49,Q loss,144,0.02706877328455448
GAS,BAD,UCB_WITHOUT_VAE_UNCERTAINTY,49,Q loss,145,0.011657973751425743
GAS,BAD,UCB_WITHOUT_VAE_UNCERTAINTY,49,Q loss,146,0.013795481994748116
GAS,BAD,UCB_WITHOUT_VAE_UNCERTAINTY,49,Q loss,147,0.009495501406490803
GAS,BAD,UCB_WITHOUT_VAE_UNCERTAINTY,49,Q loss,148,0.006225223653018475
GAS,BAD,UCB_WITHOUT_VAE_UNCERTAINTY,49,Q loss,149,0.007145395502448082
GAS,BAD,UCB_WITHOUT_VAE_UNCERTAINTY,49,Q loss,150,0.05378910154104233
GAS,BAD,UCB_WITHOUT_VAE_UNCERTAINTY,49,Q loss,151,0.013276566751301289
GAS,BAD,UCB_WITHOUT_VAE_UNCERTAINTY,49,Q loss,152,0.006966467946767807
GAS,BAD,UCB_WITHOUT_VAE_UNCERTAINTY,49,Q loss,153,0.038666725158691406
GAS,BAD,UCB_WITHOUT_VAE_UNCERTAINTY,49,Q loss,154,0.010784891434013844
GAS,BAD,UCB_WITHOUT_VAE_UNCERTAINTY,49,Q loss,155,0.008176056668162346
GAS,BAD,UCB_WITHOUT_VAE_UNCERTAINTY,49,Q loss,156,0.0063317748717963696
GAS,BAD,UCB_WITHOUT_VAE_UNCERTAINTY,49,Q loss,157,0.004638676531612873
GAS,BAD,UCB_WITHOUT_VAE_UNCERTAINTY,49,Q loss,158,0.005113144405186176
GAS,BAD,UCB_WITHOUT_VAE_UNCERTAINTY,49,Q loss,159,0.010717105120420456
GAS,BAD,UCB_WITHOUT_VAE_UNCERTAINTY,49,Q loss,160,0.005574347451329231
GAS,BAD,UCB_WITHOUT_VAE_UNCERTAINTY,49,Q loss,161,0.01936248689889908
GAS,BAD,UCB_WITHOUT_VAE_UNCERTAINTY,49,Q loss,162,0.027362583205103874
GAS,BAD,UCB_WITHOUT_VAE_UNCERTAINTY,49,Q loss,163,0.013897447846829891
GAS,BAD,UCB_WITHOUT_VAE_UNCERTAINTY,49,Q loss,164,0.009995892643928528
GAS,BAD,UCB_WITHOUT_VAE_UNCERTAINTY,49,Q loss,165,0.008033428341150284
GAS,BAD,UCB_WITHOUT_VAE_UNCERTAINTY,49,Q loss,166,0.011427950114011765
GAS,BAD,UCB_WITHOUT_VAE_UNCERTAINTY,49,Q loss,167,0.009171328507363796
GAS,BAD,UCB_WITHOUT_VAE_UNCERTAINTY,49,Q loss,168,0.004479683935642242
GAS,BAD,UCB_WITHOUT_VAE_UNCERTAINTY,49,Q loss,169,0.004920349922031164
GAS,BAD,UCB_WITHOUT_VAE_UNCERTAINTY,49,Q loss,170,0.003128238022327423
GAS,BAD,UCB_WITHOUT_VAE_UNCERTAINTY,49,Q loss,171,0.027250036597251892
GAS,BAD,UCB_WITHOUT_VAE_UNCERTAINTY,49,Q loss,172,0.00496472604572773
GAS,BAD,UCB_WITHOUT_VAE_UNCERTAINTY,49,Q loss,173,0.0041208150796592236
GAS,BAD,UCB_WITHOUT_VAE_UNCERTAINTY,49,Q loss,174,0.005287785083055496
GAS,BAD,UCB_WITHOUT_VAE_UNCERTAINTY,49,Q loss,175,0.011973831802606583
GAS,BAD,UCB_WITHOUT_VAE_UNCERTAINTY,49,Q loss,176,0.003167956368997693
GAS,BAD,UCB_WITHOUT_VAE_UNCERTAINTY,49,Q loss,177,0.006104207132011652
GAS,BAD,UCB_WITHOUT_VAE_UNCERTAINTY,49,Q loss,178,0.008448012173175812
GAS,BAD,UCB_WITHOUT_VAE_UNCERTAINTY,49,Q loss,179,0.007638830225914717
GAS,BAD,UCB_WITHOUT_VAE_UNCERTAINTY,49,Q loss,180,0.026248294860124588
GAS,BAD,UCB_WITHOUT_VAE_UNCERTAINTY,49,Q loss,181,0.010444467887282372
GAS,BAD,UCB_WITHOUT_VAE_UNCERTAINTY,49,Q loss,182,0.015187552198767662
GAS,BAD,UCB_WITHOUT_VAE_UNCERTAINTY,49,Q loss,183,0.00834566168487072
GAS,BAD,UCB_WITHOUT_VAE_UNCERTAINTY,49,Q loss,184,0.00304490071721375
GAS,BAD,UCB_WITHOUT_VAE_UNCERTAINTY,49,Q loss,185,0.00895269587635994
GAS,BAD,UCB_WITHOUT_VAE_UNCERTAINTY,49,Q loss,186,0.00559887383133173
GAS,BAD,UCB_WITHOUT_VAE_UNCERTAINTY,49,Q loss,187,0.002232902916148305
GAS,BAD,UCB_WITHOUT_VAE_UNCERTAINTY,49,Q loss,188,0.004273432306945324
GAS,BAD,UCB_WITHOUT_VAE_UNCERTAINTY,49,Q loss,189,0.02064846083521843
GAS,BAD,UCB_WITHOUT_VAE_UNCERTAINTY,49,Q loss,190,0.005029648542404175
GAS,BAD,UCB_WITHOUT_VAE_UNCERTAINTY,49,Q loss,191,0.0023012885358184576
GAS,BAD,UCB_WITHOUT_VAE_UNCERTAINTY,49,Q loss,192,0.006165674887597561
GAS,BAD,UCB_WITHOUT_VAE_UNCERTAINTY,49,Q loss,193,0.007696491200476885
GAS,BAD,UCB_WITHOUT_VAE_UNCERTAINTY,49,Q loss,194,0.004815191496163607
GAS,BAD,UCB_WITHOUT_VAE_UNCERTAINTY,49,Q loss,195,0.00471885921433568
GAS,BAD,UCB_WITHOUT_VAE_UNCERTAINTY,49,Q loss,196,0.005335360299795866
GAS,BAD,UCB_WITHOUT_VAE_UNCERTAINTY,49,Q loss,197,0.010958350263535976
GAS,BAD,UCB_WITHOUT_VAE_UNCERTAINTY,49,Q loss,198,0.014732078649103642
GAS,BAD,UCB_WITHOUT_VAE_UNCERTAINTY,49,Q loss,199,0.006989744491875172
GAS,BAD,UCB_WITHOUT_VAE_UNCERTAINTY,49,Q loss,200,0.014406360685825348
GAS,BAD,UCB_WITHOUT_VAE_UNCERTAINTY,49,Q loss,201,0.006291837431490421
GAS,BAD,UCB_WITHOUT_VAE_UNCERTAINTY,49,Q loss,202,0.0034696757793426514
GAS,BAD,UCB_WITHOUT_VAE_UNCERTAINTY,49,Q loss,203,0.009082312695682049
GAS,BAD,UCB_WITHOUT_VAE_UNCERTAINTY,49,Q loss,204,0.0029011990409344435
GAS,BAD,UCB_WITHOUT_VAE_UNCERTAINTY,49,Q loss,205,0.0033421237021684647
GAS,BAD,UCB_WITHOUT_VAE_UNCERTAINTY,49,Q loss,206,0.0034169969148933887
GAS,BAD,UCB_WITHOUT_VAE_UNCERTAINTY,49,Q loss,207,0.01708289235830307
GAS,BAD,UCB_WITHOUT_VAE_UNCERTAINTY,49,Q loss,208,0.005567474290728569
GAS,BAD,UCB_WITHOUT_VAE_UNCERTAINTY,49,Q loss,209,0.006719839293509722
GAS,BAD,UCB_WITHOUT_VAE_UNCERTAINTY,49,Q loss,210,0.009410800412297249
GAS,BAD,UCB_WITHOUT_VAE_UNCERTAINTY,49,Q loss,211,0.009694637730717659
GAS,BAD,UCB_WITHOUT_VAE_UNCERTAINTY,49,Q loss,212,0.00580280926078558
GAS,BAD,UCB_WITHOUT_VAE_UNCERTAINTY,49,Q loss,213,0.0042113494127988815
GAS,BAD,UCB_WITHOUT_VAE_UNCERTAINTY,49,Q loss,214,0.005597778595983982
GAS,BAD,UCB_WITHOUT_VAE_UNCERTAINTY,49,Q loss,215,0.012938440777361393
GAS,BAD,UCB_WITHOUT_VAE_UNCERTAINTY,49,Q loss,216,0.014336194843053818
GAS,BAD,UCB_WITHOUT_VAE_UNCERTAINTY,49,Q loss,217,0.003799733007326722
GAS,BAD,UCB_WITHOUT_VAE_UNCERTAINTY,49,Q loss,218,0.008367273956537247
GAS,BAD,UCB_WITHOUT_VAE_UNCERTAINTY,49,Q loss,219,0.004808182828128338
GAS,BAD,UCB_WITHOUT_VAE_UNCERTAINTY,49,Q loss,220,0.002880455693230033
GAS,BAD,UCB_WITHOUT_VAE_UNCERTAINTY,49,Q loss,221,0.005429483950138092
GAS,BAD,UCB_WITHOUT_VAE_UNCERTAINTY,49,Q loss,222,0.03275248408317566
GAS,BAD,UCB_WITHOUT_VAE_UNCERTAINTY,49,Q loss,223,0.0025869677774608135
GAS,BAD,UCB_WITHOUT_VAE_UNCERTAINTY,49,Q loss,224,0.002795086707919836
GAS,BAD,UCB_WITHOUT_VAE_UNCERTAINTY,49,Q loss,225,0.01608450710773468
GAS,BAD,UCB_WITHOUT_VAE_UNCERTAINTY,49,Q loss,226,0.004758198279887438
GAS,BAD,UCB_WITHOUT_VAE_UNCERTAINTY,49,Q loss,227,0.0065032499842345715
GAS,BAD,UCB_WITHOUT_VAE_UNCERTAINTY,49,Q loss,228,0.006759529933333397
GAS,BAD,UCB_WITHOUT_VAE_UNCERTAINTY,49,Q loss,229,0.004453208763152361
GAS,BAD,UCB_WITHOUT_VAE_UNCERTAINTY,49,Q loss,230,0.0027963323518633842
GAS,BAD,UCB_WITHOUT_VAE_UNCERTAINTY,49,Q loss,231,0.007733618840575218
GAS,BAD,UCB_WITHOUT_VAE_UNCERTAINTY,49,Q loss,232,0.002763777505606413
GAS,BAD,UCB_WITHOUT_VAE_UNCERTAINTY,49,Q loss,233,0.00550885358825326
GAS,BAD,UCB_WITHOUT_VAE_UNCERTAINTY,49,Q loss,234,0.0104090366512537
GAS,BAD,UCB_WITHOUT_VAE_UNCERTAINTY,49,Q loss,235,0.009596753865480423
GAS,BAD,UCB_WITHOUT_VAE_UNCERTAINTY,49,Q loss,236,0.00621896144002676
GAS,BAD,UCB_WITHOUT_VAE_UNCERTAINTY,49,Q loss,237,0.0035744793713092804
GAS,BAD,UCB_WITHOUT_VAE_UNCERTAINTY,49,Q loss,238,0.002179672010242939
GAS,BAD,UCB_WITHOUT_VAE_UNCERTAINTY,49,Q loss,239,0.0042070988565683365
GAS,BAD,UCB_WITHOUT_VAE_UNCERTAINTY,49,Q loss,240,0.005078085698187351
GAS,BAD,UCB_WITHOUT_VAE_UNCERTAINTY,49,Q loss,241,0.0018960732268169522
GAS,BAD,UCB_WITHOUT_VAE_UNCERTAINTY,49,Q loss,242,0.0036247605457901955
GAS,BAD,UCB_WITHOUT_VAE_UNCERTAINTY,49,Q loss,243,0.02144637703895569
GAS,BAD,UCB_WITHOUT_VAE_UNCERTAINTY,49,Q loss,244,0.002065303735435009
GAS,BAD,UCB_WITHOUT_VAE_UNCERTAINTY,49,Q loss,245,0.0008444159175269306
GAS,BAD,UCB_WITHOUT_VAE_UNCERTAINTY,49,Q loss,246,0.0036336183547973633
GAS,BAD,UCB_WITHOUT_VAE_UNCERTAINTY,49,Q loss,247,0.0046125054359436035
GAS,BAD,UCB_WITHOUT_VAE_UNCERTAINTY,49,Q loss,248,0.0034912978298962116
GAS,BAD,UCB_WITHOUT_VAE_UNCERTAINTY,49,Q loss,249,0.002344755921512842
GAS,BAD,UCB_WITHOUT_VAE_UNCERTAINTY,49,Q loss,250,0.005267951637506485
GAS,BAD,UCB_WITHOUT_VAE_UNCERTAINTY,49,Q loss,251,0.005698365159332752
GAS,BAD,UCB_WITHOUT_VAE_UNCERTAINTY,49,Q loss,252,0.008025504648685455
GAS,BAD,UCB_WITHOUT_VAE_UNCERTAINTY,49,Q loss,253,0.007484606467187405
GAS,BAD,UCB_WITHOUT_VAE_UNCERTAINTY,49,Q loss,254,0.008103897795081139
GAS,BAD,UCB_WITHOUT_VAE_UNCERTAINTY,49,Q loss,255,0.0034606619738042355
GAS,BAD,UCB_WITHOUT_VAE_UNCERTAINTY,49,Q loss,256,0.0012522126780822873
GAS,BAD,UCB_WITHOUT_VAE_UNCERTAINTY,49,Q loss,257,0.004643887281417847
GAS,BAD,UCB_WITHOUT_VAE_UNCERTAINTY,49,Q loss,258,0.0013165532145649195
GAS,BAD,UCB_WITHOUT_VAE_UNCERTAINTY,49,Q loss,259,0.0009229954448528588
GAS,BAD,UCB_WITHOUT_VAE_UNCERTAINTY,49,Q loss,260,0.0026636063121259212
GAS,BAD,UCB_WITHOUT_VAE_UNCERTAINTY,49,Q loss,261,0.020343830808997154
GAS,BAD,UCB_WITHOUT_VAE_UNCERTAINTY,49,Q loss,262,0.002034285571426153
GAS,BAD,UCB_WITHOUT_VAE_UNCERTAINTY,49,Q loss,263,0.0010816463036462665
GAS,BAD,UCB_WITHOUT_VAE_UNCERTAINTY,49,Q loss,264,0.007232150994241238
GAS,BAD,UCB_WITHOUT_VAE_UNCERTAINTY,49,Q loss,265,0.005235204938799143
GAS,BAD,UCB_WITHOUT_VAE_UNCERTAINTY,49,Q loss,266,0.0030797398649156094
GAS,BAD,UCB_WITHOUT_VAE_UNCERTAINTY,49,Q loss,267,0.003458471968770027
GAS,BAD,UCB_WITHOUT_VAE_UNCERTAINTY,49,Q loss,268,0.0037995281163603067
GAS,BAD,UCB_WITHOUT_VAE_UNCERTAINTY,49,Q loss,269,0.0074359881691634655
GAS,BAD,UCB_WITHOUT_VAE_UNCERTAINTY,49,Q loss,270,0.025031372904777527
GAS,BAD,UCB_WITHOUT_VAE_UNCERTAINTY,49,Q loss,271,0.005583431571722031
GAS,BAD,UCB_WITHOUT_VAE_UNCERTAINTY,49,Q loss,272,0.007724049501121044
GAS,BAD,UCB_WITHOUT_VAE_UNCERTAINTY,49,Q loss,273,0.002734174719080329
GAS,BAD,UCB_WITHOUT_VAE_UNCERTAINTY,49,Q loss,274,0.00969853438436985
GAS,BAD,UCB_WITHOUT_VAE_UNCERTAINTY,49,Q loss,275,0.00632772920653224
GAS,BAD,UCB_WITHOUT_VAE_UNCERTAINTY,49,Q loss,276,0.008650751784443855
GAS,BAD,UCB_WITHOUT_VAE_UNCERTAINTY,49,Q loss,277,0.0007707236800342798
GAS,BAD,UCB_WITHOUT_VAE_UNCERTAINTY,49,Q loss,278,0.0017582434229552746
GAS,BAD,UCB_WITHOUT_VAE_UNCERTAINTY,49,Q loss,279,0.017551645636558533
GAS,BAD,UCB_WITHOUT_VAE_UNCERTAINTY,49,Q loss,280,0.002172676846385002
GAS,BAD,UCB_WITHOUT_VAE_UNCERTAINTY,49,Q loss,281,0.004253841005265713
GAS,BAD,UCB_WITHOUT_VAE_UNCERTAINTY,49,Q loss,282,0.0027195471338927746
GAS,BAD,UCB_WITHOUT_VAE_UNCERTAINTY,49,Q loss,283,0.00454588420689106
GAS,BAD,UCB_WITHOUT_VAE_UNCERTAINTY,49,Q loss,284,0.0012755481293424964
GAS,BAD,UCB_WITHOUT_VAE_UNCERTAINTY,49,Q loss,285,0.003890963504090905
GAS,BAD,UCB_WITHOUT_VAE_UNCERTAINTY,49,Q loss,286,0.004504255019128323
GAS,BAD,UCB_WITHOUT_VAE_UNCERTAINTY,49,Q loss,287,0.007246924098581076
GAS,BAD,UCB_WITHOUT_VAE_UNCERTAINTY,49,Q loss,288,0.006342337466776371
GAS,BAD,UCB_WITHOUT_VAE_UNCERTAINTY,49,Q loss,289,0.0037292882334440947
GAS,BAD,UCB_WITHOUT_VAE_UNCERTAINTY,49,Q loss,290,0.004776293411850929
GAS,BAD,UCB_WITHOUT_VAE_UNCERTAINTY,49,Q loss,291,0.003359049092978239
GAS,BAD,UCB_WITHOUT_VAE_UNCERTAINTY,49,Q loss,292,0.0011196075938642025
GAS,BAD,UCB_WITHOUT_VAE_UNCERTAINTY,49,Q loss,293,0.0016909560654312372
GAS,BAD,UCB_WITHOUT_VAE_UNCERTAINTY,49,Q loss,294,0.016430184245109558
GAS,BAD,UCB_WITHOUT_VAE_UNCERTAINTY,49,Q loss,295,0.006027483381330967
GAS,BAD,UCB_WITHOUT_VAE_UNCERTAINTY,49,Q loss,296,0.0030852509662508965
GAS,BAD,UCB_WITHOUT_VAE_UNCERTAINTY,49,Q loss,297,0.022537712007761
GAS,BAD,UCB_WITHOUT_VAE_UNCERTAINTY,49,Q loss,298,0.002866426482796669
GAS,BAD,UCB_WITHOUT_VAE_UNCERTAINTY,49,Q loss,299,0.003669359954074025
GAS,BAD,UCB_WITHOUT_VAE_UNCERTAINTY,49,Q loss,300,0.0035914736799895763
GAS,BAD,UCB_WITHOUT_VAE_UNCERTAINTY,49,Q loss,301,0.004062140826135874
GAS,BAD,UCB_WITHOUT_VAE_UNCERTAINTY,49,Q loss,302,0.0019498608307912946
GAS,BAD,UCB_WITHOUT_VAE_UNCERTAINTY,49,Q loss,303,0.00672195665538311
GAS,BAD,UCB_WITHOUT_VAE_UNCERTAINTY,49,Q loss,304,0.001979912631213665
GAS,BAD,UCB_WITHOUT_VAE_UNCERTAINTY,49,Q loss,305,0.004784300923347473
GAS,BAD,UCB_WITHOUT_VAE_UNCERTAINTY,49,Q loss,306,0.012634030543267727
GAS,BAD,UCB_WITHOUT_VAE_UNCERTAINTY,49,Q loss,307,0.009923761710524559
GAS,BAD,UCB_WITHOUT_VAE_UNCERTAINTY,49,Q loss,308,0.013032156974077225
GAS,BAD,UCB_WITHOUT_VAE_UNCERTAINTY,49,Q loss,309,0.004868743941187859
GAS,BAD,UCB_WITHOUT_VAE_UNCERTAINTY,49,Q loss,310,0.00099457916803658
GAS,BAD,UCB_WITHOUT_VAE_UNCERTAINTY,49,Q loss,311,0.004484665580093861
GAS,BAD,UCB_WITHOUT_VAE_UNCERTAINTY,49,Q loss,312,0.0016431850381195545
GAS,BAD,UCB_WITHOUT_VAE_UNCERTAINTY,49,Q loss,313,0.0007784080225974321
GAS,BAD,UCB_WITHOUT_VAE_UNCERTAINTY,49,Q loss,314,0.002245354000478983
GAS,BAD,UCB_WITHOUT_VAE_UNCERTAINTY,49,Q loss,315,0.02431395649909973
GAS,BAD,UCB_WITHOUT_VAE_UNCERTAINTY,49,Q loss,316,0.0017225644551217556
GAS,BAD,UCB_WITHOUT_VAE_UNCERTAINTY,49,Q loss,317,0.003072476712986827
GAS,BAD,UCB_WITHOUT_VAE_UNCERTAINTY,49,Q loss,318,0.0024354243651032448
GAS,BAD,UCB_WITHOUT_VAE_UNCERTAINTY,49,Q loss,319,0.0032695820555090904
GAS,BAD,UCB_WITHOUT_VAE_UNCERTAINTY,49,Q loss,320,0.0015175247099250555
GAS,BAD,UCB_WITHOUT_VAE_UNCERTAINTY,49,Q loss,321,0.003145892173051834
GAS,BAD,UCB_WITHOUT_VAE_UNCERTAINTY,49,Q loss,322,0.0031582668889313936
GAS,BAD,UCB_WITHOUT_VAE_UNCERTAINTY,49,Q loss,323,0.00739225372672081
GAS,BAD,UCB_WITHOUT_VAE_UNCERTAINTY,49,Q loss,324,0.004148780833929777
GAS,BAD,UCB_WITHOUT_VAE_UNCERTAINTY,49,Q loss,325,0.006036004982888699
GAS,BAD,UCB_WITHOUT_VAE_UNCERTAINTY,49,Q loss,326,0.006361072883009911
GAS,BAD,UCB_WITHOUT_VAE_UNCERTAINTY,49,Q loss,327,0.002034582197666168
GAS,BAD,UCB_WITHOUT_VAE_UNCERTAINTY,49,Q loss,328,0.0010017193853855133
GAS,BAD,UCB_WITHOUT_VAE_UNCERTAINTY,49,Q loss,329,0.004803679417818785
GAS,BAD,UCB_WITHOUT_VAE_UNCERTAINTY,49,Q loss,330,0.014615245163440704
GAS,BAD,UCB_WITHOUT_VAE_UNCERTAINTY,49,Q loss,331,0.0011293403804302216
GAS,BAD,UCB_WITHOUT_VAE_UNCERTAINTY,49,Q loss,332,0.003777093021199107
GAS,BAD,UCB_WITHOUT_VAE_UNCERTAINTY,49,Q loss,333,0.015472724102437496
GAS,BAD,UCB_WITHOUT_VAE_UNCERTAINTY,49,Q loss,334,0.0030854239594191313
GAS,BAD,UCB_WITHOUT_VAE_UNCERTAINTY,49,Q loss,335,0.0032968618907034397
GAS,BAD,UCB_WITHOUT_VAE_UNCERTAINTY,49,Q loss,336,0.004108938854187727
GAS,BAD,UCB_WITHOUT_VAE_UNCERTAINTY,49,Q loss,337,0.003738488769158721
GAS,BAD,UCB_WITHOUT_VAE_UNCERTAINTY,49,Q loss,338,0.0042150807566940784
GAS,BAD,UCB_WITHOUT_VAE_UNCERTAINTY,49,Q loss,339,0.0035933866165578365
GAS,BAD,UCB_WITHOUT_VAE_UNCERTAINTY,49,Q loss,340,0.003389413235709071
GAS,BAD,UCB_WITHOUT_VAE_UNCERTAINTY,49,Q loss,341,0.009399805217981339
GAS,BAD,UCB_WITHOUT_VAE_UNCERTAINTY,49,Q loss,342,0.012076826766133308
GAS,BAD,UCB_WITHOUT_VAE_UNCERTAINTY,49,Q loss,343,0.005053875036537647
GAS,BAD,UCB_WITHOUT_VAE_UNCERTAINTY,49,Q loss,344,0.014791631139814854
GAS,BAD,UCB_WITHOUT_VAE_UNCERTAINTY,49,Q loss,345,0.002085537649691105
GAS,BAD,UCB_WITHOUT_VAE_UNCERTAINTY,49,Q loss,346,0.0014695149147883058
GAS,BAD,UCB_WITHOUT_VAE_UNCERTAINTY,49,Q loss,347,0.003134865080937743
GAS,BAD,UCB_WITHOUT_VAE_UNCERTAINTY,49,Q loss,348,0.01914711482822895
GAS,BAD,UCB_WITHOUT_VAE_UNCERTAINTY,49,Q loss,349,0.00116877187974751
GAS,BAD,UCB_WITHOUT_VAE_UNCERTAINTY,49,Q loss,350,0.0013866507215425372
GAS,BAD,UCB_WITHOUT_VAE_UNCERTAINTY,49,Q loss,351,0.0023942214902490377
GAS,BAD,UCB_WITHOUT_VAE_UNCERTAINTY,49,Q loss,352,0.0026239617727696896
GAS,BAD,UCB_WITHOUT_VAE_UNCERTAINTY,49,Q loss,353,0.003460387233644724
GAS,BAD,UCB_WITHOUT_VAE_UNCERTAINTY,49,Q loss,354,0.005288571119308472
GAS,BAD,UCB_WITHOUT_VAE_UNCERTAINTY,49,Q loss,355,0.003779823426157236
GAS,BAD,UCB_WITHOUT_VAE_UNCERTAINTY,49,Q loss,356,0.005548062268644571
GAS,BAD,UCB_WITHOUT_VAE_UNCERTAINTY,49,Q loss,357,0.0037440925370901823
GAS,BAD,UCB_WITHOUT_VAE_UNCERTAINTY,49,Q loss,358,0.0018487945199012756
GAS,BAD,UCB_WITHOUT_VAE_UNCERTAINTY,49,Q loss,359,0.0045965323224663734
GAS,BAD,UCB_WITHOUT_VAE_UNCERTAINTY,49,Q loss,360,0.013708928599953651
GAS,BAD,UCB_WITHOUT_VAE_UNCERTAINTY,49,Q loss,361,0.004630318842828274
GAS,BAD,UCB_WITHOUT_VAE_UNCERTAINTY,49,Q loss,362,0.0064573343843221664
GAS,BAD,UCB_WITHOUT_VAE_UNCERTAINTY,49,Q loss,363,0.002178266178816557
GAS,BAD,UCB_WITHOUT_VAE_UNCERTAINTY,49,Q loss,364,0.0009302243124693632
GAS,BAD,UCB_WITHOUT_VAE_UNCERTAINTY,49,Q loss,365,0.0036253626458346844
GAS,BAD,UCB_WITHOUT_VAE_UNCERTAINTY,49,Q loss,366,0.009937779977917671
GAS,BAD,UCB_WITHOUT_VAE_UNCERTAINTY,49,Q loss,367,0.00565192848443985
GAS,BAD,UCB_WITHOUT_VAE_UNCERTAINTY,49,Q loss,368,0.002182944677770138
GAS,BAD,UCB_WITHOUT_VAE_UNCERTAINTY,49,Q loss,369,0.012792219407856464
GAS,BAD,UCB_WITHOUT_VAE_UNCERTAINTY,49,Q loss,370,0.001924836658872664
GAS,BAD,UCB_WITHOUT_VAE_UNCERTAINTY,49,Q loss,371,0.0032867526169866323
GAS,BAD,UCB_WITHOUT_VAE_UNCERTAINTY,49,Q loss,372,0.0032287496142089367
GAS,BAD,UCB_WITHOUT_VAE_UNCERTAINTY,49,Q loss,373,0.0035372436977922916
GAS,BAD,UCB_WITHOUT_VAE_UNCERTAINTY,49,Q loss,374,0.0017377941403537989
GAS,BAD,UCB_WITHOUT_VAE_UNCERTAINTY,49,Q loss,375,0.007515255361795425
GAS,BAD,UCB_WITHOUT_VAE_UNCERTAINTY,49,Q loss,376,0.0025041147600859404
GAS,BAD,UCB_WITHOUT_VAE_UNCERTAINTY,49,Q loss,377,0.004986226558685303
GAS,BAD,UCB_WITHOUT_VAE_UNCERTAINTY,49,Q loss,378,0.012361663393676281
GAS,BAD,UCB_WITHOUT_VAE_UNCERTAINTY,49,Q loss,379,0.005429287441074848
GAS,BAD,UCB_WITHOUT_VAE_UNCERTAINTY,49,Q loss,380,0.0086817666888237
GAS,BAD,UCB_WITHOUT_VAE_UNCERTAINTY,49,Q loss,381,0.011952182278037071
GAS,BAD,UCB_WITHOUT_VAE_UNCERTAINTY,49,Q loss,382,0.0028716071974486113
GAS,BAD,UCB_WITHOUT_VAE_UNCERTAINTY,49,Q loss,383,0.0031227171421051025
GAS,BAD,UCB_WITHOUT_VAE_UNCERTAINTY,49,Q loss,384,0.01704339124262333
GAS,BAD,UCB_WITHOUT_VAE_UNCERTAINTY,49,Q loss,385,0.002285776427015662
GAS,BAD,UCB_WITHOUT_VAE_UNCERTAINTY,49,Q loss,386,0.005528304725885391
GAS,BAD,UCB_WITHOUT_VAE_UNCERTAINTY,49,Q loss,387,0.016148723661899567
GAS,BAD,UCB_WITHOUT_VAE_UNCERTAINTY,49,Q loss,388,0.00333713972941041
GAS,BAD,UCB_WITHOUT_VAE_UNCERTAINTY,49,Q loss,389,0.0018623010255396366
GAS,BAD,UCB_WITHOUT_VAE_UNCERTAINTY,49,Q loss,390,0.004810110665857792
GAS,BAD,UCB_WITHOUT_VAE_UNCERTAINTY,49,Q loss,391,0.003917796537280083
GAS,BAD,UCB_WITHOUT_VAE_UNCERTAINTY,49,Q loss,392,0.0018951089587062597
GAS,BAD,UCB_WITHOUT_VAE_UNCERTAINTY,49,Q loss,393,0.0024030636996030807
GAS,BAD,UCB_WITHOUT_VAE_UNCERTAINTY,49,Q loss,394,0.0027914070524275303
GAS,BAD,UCB_WITHOUT_VAE_UNCERTAINTY,49,Q loss,395,0.006114741321653128
GAS,BAD,UCB_WITHOUT_VAE_UNCERTAINTY,49,Q loss,396,0.008829167112708092
GAS,BAD,UCB_WITHOUT_VAE_UNCERTAINTY,49,Q loss,397,0.005426631309092045
GAS,BAD,UCB_WITHOUT_VAE_UNCERTAINTY,49,Q loss,398,0.00577803747728467
GAS,BAD,UCB_WITHOUT_VAE_UNCERTAINTY,49,Q loss,399,0.002848911564797163
GAS,BAD,UCB_WITHOUT_VAE_UNCERTAINTY,49,Q loss,400,0.0017930460162460804
GAS,BAD,UCB_WITHOUT_VAE_UNCERTAINTY,49,Q loss,401,0.0020202873274683952
GAS,BAD,UCB_WITHOUT_VAE_UNCERTAINTY,49,Q loss,402,0.011705761775374413
GAS,BAD,UCB_WITHOUT_VAE_UNCERTAINTY,49,Q loss,403,0.004554743878543377
GAS,BAD,UCB_WITHOUT_VAE_UNCERTAINTY,49,Q loss,404,0.003215278033167124
GAS,BAD,UCB_WITHOUT_VAE_UNCERTAINTY,49,Q loss,405,0.012701228260993958
GAS,BAD,UCB_WITHOUT_VAE_UNCERTAINTY,49,Q loss,406,0.0025705427397042513
GAS,BAD,UCB_WITHOUT_VAE_UNCERTAINTY,49,Q loss,407,0.004807642661035061
GAS,BAD,UCB_WITHOUT_VAE_UNCERTAINTY,49,Q loss,408,0.004064238630235195
GAS,BAD,UCB_WITHOUT_VAE_UNCERTAINTY,49,Q loss,409,0.005119749344885349
GAS,BAD,UCB_WITHOUT_VAE_UNCERTAINTY,49,Q loss,410,0.0019510539714246988
GAS,BAD,UCB_WITHOUT_VAE_UNCERTAINTY,49,Q loss,411,0.005277674645185471
GAS,BAD,UCB_WITHOUT_VAE_UNCERTAINTY,49,Q loss,412,0.003917192108929157
GAS,BAD,UCB_WITHOUT_VAE_UNCERTAINTY,49,Q loss,413,0.008164395578205585
GAS,BAD,UCB_WITHOUT_VAE_UNCERTAINTY,49,Q loss,414,0.02298920974135399
GAS,BAD,UCB_WITHOUT_VAE_UNCERTAINTY,49,Q loss,415,0.002373561030253768
GAS,BAD,UCB_WITHOUT_VAE_UNCERTAINTY,49,Q loss,416,0.0072342827916145325
GAS,BAD,UCB_WITHOUT_VAE_UNCERTAINTY,49,Q loss,417,0.003995192237198353
GAS,BAD,UCB_WITHOUT_VAE_UNCERTAINTY,49,Q loss,418,0.0037578861229121685
GAS,BAD,UCB_WITHOUT_VAE_UNCERTAINTY,49,Q loss,419,0.006750942207872868
GAS,BAD,UCB_WITHOUT_VAE_UNCERTAINTY,49,Q loss,420,0.011451284401118755
GAS,BAD,UCB_WITHOUT_VAE_UNCERTAINTY,49,Q loss,421,0.0012735254131257534
GAS,BAD,UCB_WITHOUT_VAE_UNCERTAINTY,49,Q loss,422,0.0012120980536565185
GAS,BAD,UCB_WITHOUT_VAE_UNCERTAINTY,49,Q loss,423,0.015472957864403725
GAS,BAD,UCB_WITHOUT_VAE_UNCERTAINTY,49,Q loss,424,0.0027216686867177486
GAS,BAD,UCB_WITHOUT_VAE_UNCERTAINTY,49,Q loss,425,0.0023375069722533226
GAS,BAD,UCB_WITHOUT_VAE_UNCERTAINTY,49,Q loss,426,0.004705129191279411
GAS,BAD,UCB_WITHOUT_VAE_UNCERTAINTY,49,Q loss,427,0.004130365327000618
GAS,BAD,UCB_WITHOUT_VAE_UNCERTAINTY,49,Q loss,428,0.002868467941880226
GAS,BAD,UCB_WITHOUT_VAE_UNCERTAINTY,49,Q loss,429,0.0018384255236014724
GAS,BAD,UCB_WITHOUT_VAE_UNCERTAINTY,49,Q loss,430,0.003227017819881439
GAS,BAD,UCB_WITHOUT_VAE_UNCERTAINTY,49,Q loss,431,0.01219085417687893
GAS,BAD,UCB_WITHOUT_VAE_UNCERTAINTY,49,Q loss,432,0.014598647132515907
GAS,BAD,UCB_WITHOUT_VAE_UNCERTAINTY,49,Q loss,433,0.003366150427609682
GAS,BAD,UCB_WITHOUT_VAE_UNCERTAINTY,49,Q loss,434,0.005186677444726229
GAS,BAD,UCB_WITHOUT_VAE_UNCERTAINTY,49,Q loss,435,0.0019061799393966794
GAS,BAD,UCB_WITHOUT_VAE_UNCERTAINTY,49,Q loss,436,0.00549554405733943
GAS,BAD,UCB_WITHOUT_VAE_UNCERTAINTY,49,Q loss,437,0.002442342462018132
GAS,BAD,UCB_WITHOUT_VAE_UNCERTAINTY,49,Q loss,438,0.015291399322450161
GAS,BAD,UCB_WITHOUT_VAE_UNCERTAINTY,49,Q loss,439,0.0012889184290543199
GAS,BAD,UCB_WITHOUT_VAE_UNCERTAINTY,49,Q loss,440,0.0020588096231222153
GAS,BAD,UCB_WITHOUT_VAE_UNCERTAINTY,49,Q loss,441,0.01253573503345251
GAS,BAD,UCB_WITHOUT_VAE_UNCERTAINTY,49,Q loss,442,0.0016205343417823315
GAS,BAD,UCB_WITHOUT_VAE_UNCERTAINTY,49,Q loss,443,0.004417566116899252
GAS,BAD,UCB_WITHOUT_VAE_UNCERTAINTY,49,Q loss,444,0.00288244872353971
GAS,BAD,UCB_WITHOUT_VAE_UNCERTAINTY,49,Q loss,445,0.0024828596506267786
GAS,BAD,UCB_WITHOUT_VAE_UNCERTAINTY,49,Q loss,446,0.0015848692273721099
GAS,BAD,UCB_WITHOUT_VAE_UNCERTAINTY,49,Q loss,447,0.004413832910358906
GAS,BAD,UCB_WITHOUT_VAE_UNCERTAINTY,49,Q loss,448,0.003142616478726268
GAS,BAD,UCB_WITHOUT_VAE_UNCERTAINTY,49,Q loss,449,0.004631119314581156
GAS,BAD,UCB_WITHOUT_VAE_UNCERTAINTY,49,Q loss,450,0.007919643074274063
GAS,BAD,UCB_WITHOUT_VAE_UNCERTAINTY,49,Q loss,451,0.004860549233853817
GAS,BAD,UCB_WITHOUT_VAE_UNCERTAINTY,49,Q loss,452,0.0040571242570877075
GAS,BAD,UCB_WITHOUT_VAE_UNCERTAINTY,49,Q loss,453,0.002674391260370612
GAS,BAD,UCB_WITHOUT_VAE_UNCERTAINTY,49,Q loss,454,0.0023509860038757324
GAS,BAD,UCB_WITHOUT_VAE_UNCERTAINTY,49,Q loss,455,0.006237615831196308
GAS,BAD,UCB_WITHOUT_VAE_UNCERTAINTY,49,Q loss,456,0.007658275309950113
GAS,BAD,UCB_WITHOUT_VAE_UNCERTAINTY,49,Q loss,457,0.006213515996932983
GAS,BAD,UCB_WITHOUT_VAE_UNCERTAINTY,49,Q loss,458,0.002604380249977112
GAS,BAD,UCB_WITHOUT_VAE_UNCERTAINTY,49,Q loss,459,0.01665663905441761
GAS,BAD,UCB_WITHOUT_VAE_UNCERTAINTY,49,Q loss,460,0.0026651935186237097
GAS,BAD,UCB_WITHOUT_VAE_UNCERTAINTY,49,Q loss,461,0.0030820672400295734
GAS,BAD,UCB_WITHOUT_VAE_UNCERTAINTY,49,Q loss,462,0.00435528252273798
GAS,BAD,UCB_WITHOUT_VAE_UNCERTAINTY,49,Q loss,463,0.004143420606851578
GAS,BAD,UCB_WITHOUT_VAE_UNCERTAINTY,49,Q loss,464,0.0015136393485590816
GAS,BAD,UCB_WITHOUT_VAE_UNCERTAINTY,49,Q loss,465,0.0032055010087788105
GAS,BAD,UCB_WITHOUT_VAE_UNCERTAINTY,49,Q loss,466,0.002248461125418544
GAS,BAD,UCB_WITHOUT_VAE_UNCERTAINTY,49,Q loss,467,0.008728992193937302
GAS,BAD,UCB_WITHOUT_VAE_UNCERTAINTY,49,Q loss,468,0.006350983865559101
GAS,BAD,UCB_WITHOUT_VAE_UNCERTAINTY,49,Q loss,469,0.008103301748633385
GAS,BAD,UCB_WITHOUT_VAE_UNCERTAINTY,49,Q loss,470,0.008939830586314201
GAS,BAD,UCB_WITHOUT_VAE_UNCERTAINTY,49,Q loss,471,0.002481426578015089
GAS,BAD,UCB_WITHOUT_VAE_UNCERTAINTY,49,Q loss,472,0.0008746764506213367
GAS,BAD,UCB_WITHOUT_VAE_UNCERTAINTY,49,Q loss,473,0.002185420598834753
GAS,BAD,UCB_WITHOUT_VAE_UNCERTAINTY,49,Q loss,474,0.005674470216035843
GAS,BAD,UCB_WITHOUT_VAE_UNCERTAINTY,49,Q loss,475,0.003198380582034588
GAS,BAD,UCB_WITHOUT_VAE_UNCERTAINTY,49,Q loss,476,0.003264995291829109
GAS,BAD,UCB_WITHOUT_VAE_UNCERTAINTY,49,Q loss,477,0.016374832019209862
GAS,BAD,UCB_WITHOUT_VAE_UNCERTAINTY,49,Q loss,478,0.0029485197737812996
GAS,BAD,UCB_WITHOUT_VAE_UNCERTAINTY,49,Q loss,479,0.0020905870478600264
GAS,BAD,UCB_WITHOUT_VAE_UNCERTAINTY,49,Q loss,480,0.0028450547251850367
GAS,BAD,UCB_WITHOUT_VAE_UNCERTAINTY,49,Q loss,481,0.0019272204954177141
GAS,BAD,UCB_WITHOUT_VAE_UNCERTAINTY,49,Q loss,482,0.001126457005739212
GAS,BAD,UCB_WITHOUT_VAE_UNCERTAINTY,49,Q loss,483,0.005439743399620056
GAS,BAD,UCB_WITHOUT_VAE_UNCERTAINTY,49,Q loss,484,0.003215588629245758
GAS,BAD,UCB_WITHOUT_VAE_UNCERTAINTY,49,Q loss,485,0.009080609306693077
GAS,BAD,UCB_WITHOUT_VAE_UNCERTAINTY,49,Q loss,486,0.014409800991415977
GAS,BAD,UCB_WITHOUT_VAE_UNCERTAINTY,49,Q loss,487,0.004651102237403393
GAS,BAD,UCB_WITHOUT_VAE_UNCERTAINTY,49,Q loss,488,0.0025474303402006626
GAS,BAD,UCB_WITHOUT_VAE_UNCERTAINTY,49,Q loss,489,0.0020767792593687773
GAS,BAD,UCB_WITHOUT_VAE_UNCERTAINTY,49,Q loss,490,0.0020753545686602592
GAS,BAD,UCB_WITHOUT_VAE_UNCERTAINTY,49,Q loss,491,0.0014200108125805855
GAS,BAD,UCB_WITHOUT_VAE_UNCERTAINTY,49,Q loss,492,0.009755024686455727
GAS,BAD,UCB_WITHOUT_VAE_UNCERTAINTY,49,Q loss,493,0.001710923621430993
GAS,BAD,UCB_WITHOUT_VAE_UNCERTAINTY,49,Q loss,494,0.0020718052983283997
GAS,BAD,UCB_WITHOUT_VAE_UNCERTAINTY,49,Q loss,495,0.011595195159316063
GAS,BAD,UCB_WITHOUT_VAE_UNCERTAINTY,49,Q loss,496,0.0024953787215054035
GAS,BAD,UCB_WITHOUT_VAE_UNCERTAINTY,49,Q loss,497,0.0039048814214766026
GAS,BAD,UCB_WITHOUT_VAE_UNCERTAINTY,49,Q loss,498,0.0038720627781003714
GAS,BAD,UCB_WITHOUT_VAE_UNCERTAINTY,49,Q loss,499,0.0045861308462917805
GAS,BAD,UCB_WITHOUT_VAE_UNCERTAINTY,49,Q loss,500,0.001776576042175293
GAS,BAD,UCB_WITHOUT_VAE_UNCERTAINTY,49,Q loss,501,0.0037465235218405724
GAS,BAD,UCB_WITHOUT_VAE_UNCERTAINTY,49,Q loss,502,0.002047986024990678
GAS,BAD,UCB_WITHOUT_VAE_UNCERTAINTY,49,Q loss,503,0.010904336348176003
GAS,BAD,UCB_WITHOUT_VAE_UNCERTAINTY,49,Q loss,504,0.007994109764695168
GAS,BAD,UCB_WITHOUT_VAE_UNCERTAINTY,49,Q loss,505,0.006304897367954254
GAS,BAD,UCB_WITHOUT_VAE_UNCERTAINTY,49,Q loss,506,0.006722257472574711
GAS,BAD,UCB_WITHOUT_VAE_UNCERTAINTY,49,Q loss,507,0.003668158082291484
GAS,BAD,UCB_WITHOUT_VAE_UNCERTAINTY,49,Q loss,508,0.00424294313415885
GAS,BAD,UCB_WITHOUT_VAE_UNCERTAINTY,49,Q loss,509,0.002212206367403269
GAS,BAD,UCB_WITHOUT_VAE_UNCERTAINTY,49,Q loss,510,0.007481361273676157
GAS,BAD,UCB_WITHOUT_VAE_UNCERTAINTY,49,Q loss,511,0.0011445502750575542
GAS,BAD,UCB_WITHOUT_VAE_UNCERTAINTY,49,Q loss,512,0.002630450762808323
GAS,BAD,UCB_WITHOUT_VAE_UNCERTAINTY,49,Q loss,513,0.012105838395655155
GAS,BAD,UCB_WITHOUT_VAE_UNCERTAINTY,49,Q loss,514,0.0034245196729898453
GAS,BAD,UCB_WITHOUT_VAE_UNCERTAINTY,49,Q loss,515,0.0037080966867506504
GAS,BAD,UCB_WITHOUT_VAE_UNCERTAINTY,49,Q loss,516,0.0038446704857051373
GAS,BAD,UCB_WITHOUT_VAE_UNCERTAINTY,49,Q loss,517,0.0014696908183395863
GAS,BAD,UCB_WITHOUT_VAE_UNCERTAINTY,49,Q loss,518,0.003466290421783924
GAS,BAD,UCB_WITHOUT_VAE_UNCERTAINTY,49,Q loss,519,0.006040424108505249
GAS,BAD,UCB_WITHOUT_VAE_UNCERTAINTY,49,Q loss,520,0.004511570557951927
GAS,BAD,UCB_WITHOUT_VAE_UNCERTAINTY,49,Q loss,521,0.00516589405015111
GAS,BAD,UCB_WITHOUT_VAE_UNCERTAINTY,49,Q loss,522,0.006967503111809492
GAS,BAD,UCB_WITHOUT_VAE_UNCERTAINTY,49,Q loss,523,0.004341939464211464
GAS,BAD,UCB_WITHOUT_VAE_UNCERTAINTY,49,Q loss,524,0.004898963961750269
GAS,BAD,UCB_WITHOUT_VAE_UNCERTAINTY,49,Q loss,525,0.002497760346159339
GAS,BAD,UCB_WITHOUT_VAE_UNCERTAINTY,49,Q loss,526,0.0007444177754223347
GAS,BAD,UCB_WITHOUT_VAE_UNCERTAINTY,49,Q loss,527,0.001963237999007106
GAS,BAD,UCB_WITHOUT_VAE_UNCERTAINTY,49,Q loss,528,0.00968802161514759
GAS,BAD,UCB_WITHOUT_VAE_UNCERTAINTY,49,Q loss,529,0.002203683601692319
GAS,BAD,UCB_WITHOUT_VAE_UNCERTAINTY,49,Q loss,530,0.0026027089916169643
GAS,BAD,UCB_WITHOUT_VAE_UNCERTAINTY,49,Q loss,531,0.010537153109908104
GAS,BAD,UCB_WITHOUT_VAE_UNCERTAINTY,49,Q loss,532,0.0025333468802273273
GAS,BAD,UCB_WITHOUT_VAE_UNCERTAINTY,49,Q loss,533,0.002705346094444394
GAS,BAD,UCB_WITHOUT_VAE_UNCERTAINTY,49,Q loss,534,0.003796159755438566
GAS,BAD,UCB_WITHOUT_VAE_UNCERTAINTY,49,Q loss,535,0.0021841460838913918
GAS,BAD,UCB_WITHOUT_VAE_UNCERTAINTY,49,Q loss,536,0.0021851323544979095
GAS,BAD,UCB_WITHOUT_VAE_UNCERTAINTY,49,Q loss,537,0.007567396853119135
GAS,BAD,UCB_WITHOUT_VAE_UNCERTAINTY,49,Q loss,538,0.002189882332459092
GAS,BAD,UCB_WITHOUT_VAE_UNCERTAINTY,49,Q loss,539,0.0037253713235259056
GAS,BAD,UCB_WITHOUT_VAE_UNCERTAINTY,49,Q loss,540,0.004969650413841009
GAS,BAD,UCB_WITHOUT_VAE_UNCERTAINTY,49,Q loss,541,0.006113853305578232
GAS,BAD,UCB_WITHOUT_VAE_UNCERTAINTY,49,Q loss,542,0.0029045850969851017
GAS,BAD,UCB_WITHOUT_VAE_UNCERTAINTY,49,Q loss,543,0.003396416548639536
GAS,BAD,UCB_WITHOUT_VAE_UNCERTAINTY,49,Q loss,544,0.0009884738828986883
GAS,BAD,UCB_WITHOUT_VAE_UNCERTAINTY,49,Q loss,545,0.0045637586154043674
GAS,BAD,UCB_WITHOUT_VAE_UNCERTAINTY,49,Q loss,546,0.009683718904852867
GAS,BAD,UCB_WITHOUT_VAE_UNCERTAINTY,49,Q loss,547,0.00731841241940856
GAS,BAD,UCB_WITHOUT_VAE_UNCERTAINTY,49,Q loss,548,0.001017468050122261
GAS,BAD,UCB_WITHOUT_VAE_UNCERTAINTY,49,Q loss,549,0.010658854618668556
GAS,BAD,UCB_WITHOUT_VAE_UNCERTAINTY,49,Q loss,550,0.0017178470734506845
GAS,BAD,UCB_WITHOUT_VAE_UNCERTAINTY,49,Q loss,551,0.002159120049327612
GAS,BAD,UCB_WITHOUT_VAE_UNCERTAINTY,49,Q loss,552,0.004169344902038574
GAS,BAD,UCB_WITHOUT_VAE_UNCERTAINTY,49,Q loss,553,0.004657168872654438
GAS,BAD,UCB_WITHOUT_VAE_UNCERTAINTY,49,Q loss,554,0.0035579341929405928
GAS,BAD,UCB_WITHOUT_VAE_UNCERTAINTY,49,Q loss,555,0.005707689560949802
GAS,BAD,UCB_WITHOUT_VAE_UNCERTAINTY,49,Q loss,556,0.002529934048652649
GAS,BAD,UCB_WITHOUT_VAE_UNCERTAINTY,49,Q loss,557,0.008351682685315609
GAS,BAD,UCB_WITHOUT_VAE_UNCERTAINTY,49,Q loss,558,0.013165240176022053
GAS,BAD,UCB_WITHOUT_VAE_UNCERTAINTY,49,Q loss,559,0.0031906566582620144
GAS,BAD,UCB_WITHOUT_VAE_UNCERTAINTY,49,Q loss,560,0.00544084282591939
GAS,BAD,UCB_WITHOUT_VAE_UNCERTAINTY,49,Q loss,561,0.0028944541700184345
GAS,BAD,UCB_WITHOUT_VAE_UNCERTAINTY,49,Q loss,562,0.004811928607523441
GAS,BAD,UCB_WITHOUT_VAE_UNCERTAINTY,49,Q loss,563,0.001971165183931589
GAS,BAD,UCB_WITHOUT_VAE_UNCERTAINTY,49,Q loss,564,0.005748125724494457
GAS,BAD,UCB_WITHOUT_VAE_UNCERTAINTY,49,Q loss,565,0.003385172225534916
GAS,BAD,UCB_WITHOUT_VAE_UNCERTAINTY,49,Q loss,566,0.0019324421882629395
GAS,BAD,UCB_WITHOUT_VAE_UNCERTAINTY,49,Q loss,567,0.0075738271698355675
GAS,BAD,UCB_WITHOUT_VAE_UNCERTAINTY,49,Q loss,568,0.0018616265151649714
GAS,BAD,UCB_WITHOUT_VAE_UNCERTAINTY,49,Q loss,569,0.0025438908487558365
GAS,BAD,UCB_WITHOUT_VAE_UNCERTAINTY,49,Q loss,570,0.0030337150674313307
GAS,BAD,UCB_WITHOUT_VAE_UNCERTAINTY,49,Q loss,571,0.0017060774844139814
GAS,BAD,UCB_WITHOUT_VAE_UNCERTAINTY,49,Q loss,572,0.0018096212297677994
GAS,BAD,UCB_WITHOUT_VAE_UNCERTAINTY,49,Q loss,573,0.003210194408893585
GAS,BAD,UCB_WITHOUT_VAE_UNCERTAINTY,49,Q loss,574,0.0016526420367881656
GAS,BAD,UCB_WITHOUT_VAE_UNCERTAINTY,49,Q loss,575,0.005309167318046093
GAS,BAD,UCB_WITHOUT_VAE_UNCERTAINTY,49,Q loss,576,0.011555396020412445
GAS,BAD,UCB_WITHOUT_VAE_UNCERTAINTY,49,Q loss,577,0.008464837446808815
GAS,BAD,UCB_WITHOUT_VAE_UNCERTAINTY,49,Q loss,578,0.010498064570128918
GAS,BAD,UCB_WITHOUT_VAE_UNCERTAINTY,49,Q loss,579,0.001872332999482751
GAS,BAD,UCB_WITHOUT_VAE_UNCERTAINTY,49,Q loss,580,0.001129097887314856
GAS,BAD,UCB_WITHOUT_VAE_UNCERTAINTY,49,Q loss,581,0.004793017171323299
GAS,BAD,UCB_WITHOUT_VAE_UNCERTAINTY,49,Q loss,582,0.007330781314522028
GAS,BAD,UCB_WITHOUT_VAE_UNCERTAINTY,49,Q loss,583,0.0011672846740111709
GAS,BAD,UCB_WITHOUT_VAE_UNCERTAINTY,49,Q loss,584,0.004053489305078983
GAS,BAD,UCB_WITHOUT_VAE_UNCERTAINTY,49,Q loss,585,0.010289197787642479
GAS,BAD,UCB_WITHOUT_VAE_UNCERTAINTY,49,Q loss,586,0.0022673732601106167
GAS,BAD,UCB_WITHOUT_VAE_UNCERTAINTY,49,Q loss,587,0.0017052325420081615
GAS,BAD,UCB_WITHOUT_VAE_UNCERTAINTY,49,Q loss,588,0.0023423703387379646
GAS,BAD,UCB_WITHOUT_VAE_UNCERTAINTY,49,Q loss,589,0.002108938293531537
GAS,BAD,UCB_WITHOUT_VAE_UNCERTAINTY,49,Q loss,590,0.0016883641947060823
GAS,BAD,UCB_WITHOUT_VAE_UNCERTAINTY,49,Q loss,591,0.0029489705339074135
GAS,BAD,UCB_WITHOUT_VAE_UNCERTAINTY,49,Q loss,592,0.001846113009378314
GAS,BAD,UCB_WITHOUT_VAE_UNCERTAINTY,49,Q loss,593,0.00286164041608572
GAS,BAD,UCB_WITHOUT_VAE_UNCERTAINTY,49,Q loss,594,0.0071675535291433334
GAS,BAD,UCB_WITHOUT_VAE_UNCERTAINTY,49,Q loss,595,0.0062400298193097115
GAS,BAD,UCB_WITHOUT_VAE_UNCERTAINTY,49,Q loss,596,0.007236159406602383
GAS,BAD,UCB_WITHOUT_VAE_UNCERTAINTY,49,Q loss,597,0.001910011051222682
GAS,BAD,UCB_WITHOUT_VAE_UNCERTAINTY,49,Q loss,598,0.0037939446046948433
GAS,BAD,UCB_WITHOUT_VAE_UNCERTAINTY,49,Q loss,599,0.003274402115494013
GAS,BAD,UCB_WITHOUT_VAE_UNCERTAINTY,49,Q loss,600,0.0037218888755887747
GAS,BAD,UCB_WITHOUT_VAE_UNCERTAINTY,49,Q loss,601,0.001801574369892478
GAS,BAD,UCB_WITHOUT_VAE_UNCERTAINTY,49,Q loss,602,0.003933999687433243
GAS,BAD,UCB_WITHOUT_VAE_UNCERTAINTY,49,Q loss,603,0.00658369529992342
GAS,BAD,UCB_WITHOUT_VAE_UNCERTAINTY,49,Q loss,604,0.001639238209463656
GAS,BAD,UCB_WITHOUT_VAE_UNCERTAINTY,49,Q loss,605,0.002152900444343686
GAS,BAD,UCB_WITHOUT_VAE_UNCERTAINTY,49,Q loss,606,0.0022231885232031345
GAS,BAD,UCB_WITHOUT_VAE_UNCERTAINTY,49,Q loss,607,0.0014162096194922924
GAS,BAD,UCB_WITHOUT_VAE_UNCERTAINTY,49,Q loss,608,0.0008896435610949993
GAS,BAD,UCB_WITHOUT_VAE_UNCERTAINTY,49,Q loss,609,0.0016384485643357038
GAS,BAD,UCB_WITHOUT_VAE_UNCERTAINTY,49,Q loss,610,0.0032870350405573845
GAS,BAD,UCB_WITHOUT_VAE_UNCERTAINTY,49,Q loss,611,0.0034671153407543898
GAS,BAD,UCB_WITHOUT_VAE_UNCERTAINTY,49,Q loss,612,0.001992868259549141
GAS,BAD,UCB_WITHOUT_VAE_UNCERTAINTY,49,Q loss,613,0.007903149351477623
GAS,BAD,UCB_WITHOUT_VAE_UNCERTAINTY,49,Q loss,614,0.00465488713234663
GAS,BAD,UCB_WITHOUT_VAE_UNCERTAINTY,49,Q loss,615,0.0047937729395926
GAS,BAD,UCB_WITHOUT_VAE_UNCERTAINTY,49,Q loss,616,0.0012556882575154305
GAS,BAD,UCB_WITHOUT_VAE_UNCERTAINTY,49,Q loss,617,0.0027427934110164642
GAS,BAD,UCB_WITHOUT_VAE_UNCERTAINTY,49,Q loss,618,0.007150978781282902
GAS,BAD,UCB_WITHOUT_VAE_UNCERTAINTY,49,Q loss,619,0.0019302358850836754
GAS,BAD,UCB_WITHOUT_VAE_UNCERTAINTY,49,Q loss,620,0.001963682472705841
GAS,BAD,UCB_WITHOUT_VAE_UNCERTAINTY,49,Q loss,621,0.005043677054345608
GAS,BAD,UCB_WITHOUT_VAE_UNCERTAINTY,49,Q loss,622,0.003612467087805271
GAS,BAD,UCB_WITHOUT_VAE_UNCERTAINTY,49,Q loss,623,0.0037564735393971205
GAS,BAD,UCB_WITHOUT_VAE_UNCERTAINTY,49,Q loss,624,0.002323663327842951
GAS,BAD,UCB_WITHOUT_VAE_UNCERTAINTY,49,Q loss,625,0.0018763856496661901
GAS,BAD,UCB_WITHOUT_VAE_UNCERTAINTY,49,Q loss,626,0.0019518962362781167
GAS,BAD,UCB_WITHOUT_VAE_UNCERTAINTY,49,Q loss,627,0.0030155708082020283
GAS,BAD,UCB_WITHOUT_VAE_UNCERTAINTY,49,Q loss,628,0.0013703705044463277
GAS,BAD,UCB_WITHOUT_VAE_UNCERTAINTY,49,Q loss,629,0.003495916724205017
GAS,BAD,UCB_WITHOUT_VAE_UNCERTAINTY,49,Q loss,630,0.0029298721347004175
GAS,BAD,UCB_WITHOUT_VAE_UNCERTAINTY,49,Q loss,631,0.003970872610807419
GAS,BAD,UCB_WITHOUT_VAE_UNCERTAINTY,49,Q loss,632,0.005224823951721191
GAS,BAD,UCB_WITHOUT_VAE_UNCERTAINTY,49,Q loss,633,0.003102807328104973
GAS,BAD,UCB_WITHOUT_VAE_UNCERTAINTY,49,Q loss,634,0.0017845137044787407
GAS,BAD,UCB_WITHOUT_VAE_UNCERTAINTY,49,Q loss,635,0.0016856638249009848
GAS,BAD,UCB_WITHOUT_VAE_UNCERTAINTY,49,Q loss,636,0.009269006550312042
GAS,BAD,UCB_WITHOUT_VAE_UNCERTAINTY,49,Q loss,637,0.0017550492193549871
GAS,BAD,UCB_WITHOUT_VAE_UNCERTAINTY,49,Q loss,638,0.002321501262485981
GAS,BAD,UCB_WITHOUT_VAE_UNCERTAINTY,49,Q loss,639,0.00989450141787529
GAS,BAD,UCB_WITHOUT_VAE_UNCERTAINTY,49,Q loss,640,0.0023660468868911266
GAS,BAD,UCB_WITHOUT_VAE_UNCERTAINTY,49,Q loss,641,0.0051064216531813145
GAS,BAD,UCB_WITHOUT_VAE_UNCERTAINTY,49,Q loss,642,0.002787988167256117
GAS,BAD,UCB_WITHOUT_VAE_UNCERTAINTY,49,Q loss,643,0.0025642607361078262
GAS,BAD,UCB_WITHOUT_VAE_UNCERTAINTY,49,Q loss,644,0.0024256540928035975
GAS,BAD,UCB_WITHOUT_VAE_UNCERTAINTY,49,Q loss,645,0.004541498143225908
GAS,BAD,UCB_WITHOUT_VAE_UNCERTAINTY,49,Q loss,646,0.003500132355839014
GAS,BAD,UCB_WITHOUT_VAE_UNCERTAINTY,49,Q loss,647,0.0035777755547314882
GAS,BAD,UCB_WITHOUT_VAE_UNCERTAINTY,49,Q loss,648,0.005381174385547638
GAS,BAD,UCB_WITHOUT_VAE_UNCERTAINTY,49,Q loss,649,0.003195537254214287
GAS,BAD,UCB_WITHOUT_VAE_UNCERTAINTY,49,Q loss,650,0.0036078584380447865
GAS,BAD,UCB_WITHOUT_VAE_UNCERTAINTY,49,Q loss,651,0.0012163750361651182
GAS,BAD,UCB_WITHOUT_VAE_UNCERTAINTY,49,Q loss,652,0.0007737081032246351
GAS,BAD,UCB_WITHOUT_VAE_UNCERTAINTY,49,Q loss,653,0.003999459557235241
GAS,BAD,UCB_WITHOUT_VAE_UNCERTAINTY,49,Q loss,654,0.007849271409213543
GAS,BAD,UCB_WITHOUT_VAE_UNCERTAINTY,49,Q loss,655,0.003480692859739065
GAS,BAD,UCB_WITHOUT_VAE_UNCERTAINTY,49,Q loss,656,0.004686738830059767
GAS,BAD,UCB_WITHOUT_VAE_UNCERTAINTY,49,Q loss,657,0.004543756600469351
GAS,BAD,UCB_WITHOUT_VAE_UNCERTAINTY,49,Q loss,658,0.002509837271645665
GAS,BAD,UCB_WITHOUT_VAE_UNCERTAINTY,49,Q loss,659,0.003682878101244569
GAS,BAD,UCB_WITHOUT_VAE_UNCERTAINTY,49,Q loss,660,0.0031166973058134317
GAS,BAD,UCB_WITHOUT_VAE_UNCERTAINTY,49,Q loss,661,0.0024714393075555563
GAS,BAD,UCB_WITHOUT_VAE_UNCERTAINTY,49,Q loss,662,0.0011397951748222113
GAS,BAD,UCB_WITHOUT_VAE_UNCERTAINTY,49,Q loss,663,0.00486391969025135
GAS,BAD,UCB_WITHOUT_VAE_UNCERTAINTY,49,Q loss,664,0.0017598704434931278
GAS,BAD,UCB_WITHOUT_VAE_UNCERTAINTY,49,Q loss,665,0.0063242497853934765
GAS,BAD,UCB_WITHOUT_VAE_UNCERTAINTY,49,Q loss,666,0.012525735422968864
GAS,BAD,UCB_WITHOUT_VAE_UNCERTAINTY,49,Q loss,667,0.004013784695416689
GAS,BAD,UCB_WITHOUT_VAE_UNCERTAINTY,49,Q loss,668,0.006279159337282181
GAS,BAD,UCB_WITHOUT_VAE_UNCERTAINTY,49,Q loss,669,0.0020316182635724545
GAS,BAD,UCB_WITHOUT_VAE_UNCERTAINTY,49,Q loss,670,0.0004939180798828602
GAS,BAD,UCB_WITHOUT_VAE_UNCERTAINTY,49,Q loss,671,0.0047661554999649525
GAS,BAD,UCB_WITHOUT_VAE_UNCERTAINTY,49,Q loss,672,0.005598319228738546
GAS,BAD,UCB_WITHOUT_VAE_UNCERTAINTY,49,Q loss,673,0.0012675996404141188
GAS,BAD,UCB_WITHOUT_VAE_UNCERTAINTY,49,Q loss,674,0.0038242714945226908
GAS,BAD,UCB_WITHOUT_VAE_UNCERTAINTY,49,Q loss,675,0.0141227338463068
GAS,BAD,UCB_WITHOUT_VAE_UNCERTAINTY,49,Q loss,676,0.0014226799830794334
GAS,BAD,UCB_WITHOUT_VAE_UNCERTAINTY,49,Q loss,677,0.0020891085732728243
GAS,BAD,UCB_WITHOUT_VAE_UNCERTAINTY,49,Q loss,678,0.0028990060091018677
GAS,BAD,UCB_WITHOUT_VAE_UNCERTAINTY,49,Q loss,679,0.002204200951382518
GAS,BAD,UCB_WITHOUT_VAE_UNCERTAINTY,49,Q loss,680,0.0013433757703751326
GAS,BAD,UCB_WITHOUT_VAE_UNCERTAINTY,49,Q loss,681,0.0020202870946377516
GAS,BAD,UCB_WITHOUT_VAE_UNCERTAINTY,49,Q loss,682,0.00316752796061337
GAS,BAD,UCB_WITHOUT_VAE_UNCERTAINTY,49,Q loss,683,0.007115266751497984
GAS,BAD,UCB_WITHOUT_VAE_UNCERTAINTY,49,Q loss,684,0.00681781442835927
GAS,BAD,UCB_WITHOUT_VAE_UNCERTAINTY,49,Q loss,685,0.005422457121312618
GAS,BAD,UCB_WITHOUT_VAE_UNCERTAINTY,49,Q loss,686,0.008191917091608047
GAS,BAD,UCB_WITHOUT_VAE_UNCERTAINTY,49,Q loss,687,0.0027385412249714136
GAS,BAD,UCB_WITHOUT_VAE_UNCERTAINTY,49,Q loss,688,0.0015598381869494915
GAS,BAD,UCB_WITHOUT_VAE_UNCERTAINTY,49,Q loss,689,0.0029920716769993305
GAS,BAD,UCB_WITHOUT_VAE_UNCERTAINTY,49,Q loss,690,0.004602893255650997
GAS,BAD,UCB_WITHOUT_VAE_UNCERTAINTY,49,Q loss,691,0.0011854320764541626
GAS,BAD,UCB_WITHOUT_VAE_UNCERTAINTY,49,Q loss,692,0.0029465695843100548
GAS,BAD,UCB_WITHOUT_VAE_UNCERTAINTY,49,Q loss,693,0.004346041940152645
GAS,BAD,UCB_WITHOUT_VAE_UNCERTAINTY,49,Q loss,694,0.0027568601071834564
GAS,BAD,UCB_WITHOUT_VAE_UNCERTAINTY,49,Q loss,695,0.00428385054692626
GAS,BAD,UCB_WITHOUT_VAE_UNCERTAINTY,49,Q loss,696,0.002780723385512829
GAS,BAD,UCB_WITHOUT_VAE_UNCERTAINTY,49,Q loss,697,0.0024122800678014755
GAS,BAD,UCB_WITHOUT_VAE_UNCERTAINTY,49,Q loss,698,0.003375476226210594
GAS,BAD,UCB_WITHOUT_VAE_UNCERTAINTY,49,Q loss,699,0.0036174487322568893
GAS,BAD,UCB_WITHOUT_VAE_UNCERTAINTY,49,Q loss,700,0.002550660166889429
GAS,BAD,UCB_WITHOUT_VAE_UNCERTAINTY,49,Q loss,701,0.004085120279341936
GAS,BAD,UCB_WITHOUT_VAE_UNCERTAINTY,49,Q loss,702,0.005095819942653179
GAS,BAD,UCB_WITHOUT_VAE_UNCERTAINTY,49,Q loss,703,0.003435051068663597
GAS,BAD,UCB_WITHOUT_VAE_UNCERTAINTY,49,Q loss,704,0.002724355086684227
GAS,BAD,UCB_WITHOUT_VAE_UNCERTAINTY,49,Q loss,705,0.0012589606922119856
GAS,BAD,UCB_WITHOUT_VAE_UNCERTAINTY,49,Q loss,706,0.002473661210387945
GAS,BAD,UCB_WITHOUT_VAE_UNCERTAINTY,49,Q loss,707,0.005556620191782713
GAS,BAD,UCB_WITHOUT_VAE_UNCERTAINTY,49,Q loss,708,0.004483140539377928
GAS,BAD,UCB_WITHOUT_VAE_UNCERTAINTY,49,Q loss,709,0.002548371907323599
GAS,BAD,UCB_WITHOUT_VAE_UNCERTAINTY,49,Q loss,710,0.0017185769975185394
GAS,BAD,UCB_WITHOUT_VAE_UNCERTAINTY,49,Q loss,711,0.004954290110617876
GAS,BAD,UCB_WITHOUT_VAE_UNCERTAINTY,49,Q loss,712,0.001784950029104948
GAS,BAD,UCB_WITHOUT_VAE_UNCERTAINTY,49,Q loss,713,0.002282190602272749
GAS,BAD,UCB_WITHOUT_VAE_UNCERTAINTY,49,Q loss,714,0.002234469633549452
GAS,BAD,UCB_WITHOUT_VAE_UNCERTAINTY,49,Q loss,715,0.003224686486646533
GAS,BAD,UCB_WITHOUT_VAE_UNCERTAINTY,49,Q loss,716,0.0015262439846992493
GAS,BAD,UCB_WITHOUT_VAE_UNCERTAINTY,49,Q loss,717,0.008354894816875458
GAS,BAD,UCB_WITHOUT_VAE_UNCERTAINTY,49,Q loss,718,0.0013367885258048773
GAS,BAD,UCB_WITHOUT_VAE_UNCERTAINTY,49,Q loss,719,0.003975376486778259
GAS,BAD,UCB_WITHOUT_VAE_UNCERTAINTY,49,Q loss,720,0.0009026399347931147
GAS,BAD,UCB_WITHOUT_VAE_UNCERTAINTY,49,Q loss,721,0.0027734064497053623
GAS,BAD,UCB_WITHOUT_VAE_UNCERTAINTY,49,Q loss,722,0.007285548374056816
GAS,BAD,UCB_WITHOUT_VAE_UNCERTAINTY,49,Q loss,723,0.0015850584022700787
GAS,BAD,UCB_WITHOUT_VAE_UNCERTAINTY,49,Q loss,724,0.0004035289166495204
GAS,BAD,UCB_WITHOUT_VAE_UNCERTAINTY,49,Q loss,725,0.0059317946434021
GAS,BAD,UCB_WITHOUT_VAE_UNCERTAINTY,49,Q loss,726,0.0016712858341634274
GAS,BAD,UCB_WITHOUT_VAE_UNCERTAINTY,49,Q loss,727,0.0008695684955455363
GAS,BAD,UCB_WITHOUT_VAE_UNCERTAINTY,49,Q loss,728,0.0017201241571456194
GAS,BAD,UCB_WITHOUT_VAE_UNCERTAINTY,49,Q loss,729,0.013568205758929253
GAS,BAD,UCB_WITHOUT_VAE_UNCERTAINTY,49,Q loss,730,0.002072265138849616
GAS,BAD,UCB_WITHOUT_VAE_UNCERTAINTY,49,Q loss,731,0.00498789269477129
GAS,BAD,UCB_WITHOUT_VAE_UNCERTAINTY,49,Q loss,732,0.0023023351095616817
GAS,BAD,UCB_WITHOUT_VAE_UNCERTAINTY,49,Q loss,733,0.0031394343823194504
GAS,BAD,UCB_WITHOUT_VAE_UNCERTAINTY,49,Q loss,734,0.0016650522593408823
GAS,BAD,UCB_WITHOUT_VAE_UNCERTAINTY,49,Q loss,735,0.004853298421949148
GAS,BAD,UCB_WITHOUT_VAE_UNCERTAINTY,49,Q loss,736,0.0018748340662568808
GAS,BAD,UCB_WITHOUT_VAE_UNCERTAINTY,49,Q loss,737,0.003944125026464462
GAS,BAD,UCB_WITHOUT_VAE_UNCERTAINTY,49,Q loss,738,0.004239693284034729
GAS,BAD,UCB_WITHOUT_VAE_UNCERTAINTY,49,Q loss,739,0.0018840956036001444
GAS,BAD,UCB_WITHOUT_VAE_UNCERTAINTY,49,Q loss,740,0.0038049735594540834
GAS,BAD,UCB_WITHOUT_VAE_UNCERTAINTY,49,Q loss,741,0.0014317792374640703
GAS,BAD,UCB_WITHOUT_VAE_UNCERTAINTY,49,Q loss,742,0.002871828619390726
GAS,BAD,UCB_WITHOUT_VAE_UNCERTAINTY,49,Q loss,743,0.004400163423269987
GAS,BAD,UCB_WITHOUT_VAE_UNCERTAINTY,49,Q loss,744,0.01252785325050354
GAS,BAD,UCB_WITHOUT_VAE_UNCERTAINTY,49,Q loss,745,0.0022141868248581886
GAS,BAD,UCB_WITHOUT_VAE_UNCERTAINTY,49,Q loss,746,0.0021480065770447254
GAS,BAD,UCB_WITHOUT_VAE_UNCERTAINTY,49,Q loss,747,0.009303675033152103
GAS,BAD,UCB_WITHOUT_VAE_UNCERTAINTY,49,Q loss,748,0.00253016734495759
GAS,BAD,UCB_WITHOUT_VAE_UNCERTAINTY,49,Q loss,749,0.0014816049952059984
GAS,BAD,UCB_WITHOUT_VAE_UNCERTAINTY,49,Q loss,750,0.0018897985573858023
GAS,BAD,UCB_WITHOUT_VAE_UNCERTAINTY,49,Q loss,751,0.001574596157297492
GAS,BAD,UCB_WITHOUT_VAE_UNCERTAINTY,49,Q loss,752,0.0019122748635709286
GAS,BAD,UCB_WITHOUT_VAE_UNCERTAINTY,49,Q loss,753,0.0026833252049982548
GAS,BAD,UCB_WITHOUT_VAE_UNCERTAINTY,49,Q loss,754,0.002626302419230342
GAS,BAD,UCB_WITHOUT_VAE_UNCERTAINTY,49,Q loss,755,0.0048969220370054245
GAS,BAD,UCB_WITHOUT_VAE_UNCERTAINTY,49,Q loss,756,0.0026406084652990103
GAS,BAD,UCB_WITHOUT_VAE_UNCERTAINTY,49,Q loss,757,0.0023089637979865074
GAS,BAD,UCB_WITHOUT_VAE_UNCERTAINTY,49,Q loss,758,0.0022945902310311794
GAS,BAD,UCB_WITHOUT_VAE_UNCERTAINTY,49,Q loss,759,0.0017347984248772264
GAS,BAD,UCB_WITHOUT_VAE_UNCERTAINTY,49,Q loss,760,0.0011175445979461074
GAS,BAD,UCB_WITHOUT_VAE_UNCERTAINTY,49,Q loss,761,0.002314541721716523
GAS,BAD,UCB_WITHOUT_VAE_UNCERTAINTY,49,Q loss,762,0.004489739425480366
GAS,BAD,UCB_WITHOUT_VAE_UNCERTAINTY,49,Q loss,763,0.005728011019527912
GAS,BAD,UCB_WITHOUT_VAE_UNCERTAINTY,49,Q loss,764,0.0037782248109579086
GAS,BAD,UCB_WITHOUT_VAE_UNCERTAINTY,49,Q loss,765,0.006528123281896114
GAS,BAD,UCB_WITHOUT_VAE_UNCERTAINTY,49,Q loss,766,0.0034667677246034145
GAS,BAD,UCB_WITHOUT_VAE_UNCERTAINTY,49,Q loss,767,0.0038771224208176136
GAS,BAD,UCB_WITHOUT_VAE_UNCERTAINTY,49,Q loss,768,0.0030703917145729065
GAS,BAD,UCB_WITHOUT_VAE_UNCERTAINTY,49,Q loss,769,0.0024295507464557886
GAS,BAD,UCB_WITHOUT_VAE_UNCERTAINTY,49,Q loss,770,0.002224401105195284
GAS,BAD,UCB_WITHOUT_VAE_UNCERTAINTY,49,Q loss,771,0.0012828828766942024
GAS,BAD,UCB_WITHOUT_VAE_UNCERTAINTY,49,Q loss,772,0.002287783194333315
GAS,BAD,UCB_WITHOUT_VAE_UNCERTAINTY,49,Q loss,773,0.0044818115420639515
GAS,BAD,UCB_WITHOUT_VAE_UNCERTAINTY,49,Q loss,774,0.002936209086328745
GAS,BAD,UCB_WITHOUT_VAE_UNCERTAINTY,49,Q loss,775,0.004330967552959919
GAS,BAD,UCB_WITHOUT_VAE_UNCERTAINTY,49,Q loss,776,0.0020638825371861458
GAS,BAD,UCB_WITHOUT_VAE_UNCERTAINTY,49,Q loss,777,0.0006653150776401162
GAS,BAD,UCB_WITHOUT_VAE_UNCERTAINTY,49,Q loss,778,0.0011831134324893355
GAS,BAD,UCB_WITHOUT_VAE_UNCERTAINTY,49,Q loss,779,0.004717562347650528
GAS,BAD,UCB_WITHOUT_VAE_UNCERTAINTY,49,Q loss,780,0.006725135259330273
GAS,BAD,UCB_WITHOUT_VAE_UNCERTAINTY,49,Q loss,781,0.002242660615593195
GAS,BAD,UCB_WITHOUT_VAE_UNCERTAINTY,49,Q loss,782,0.003098829183727503
GAS,BAD,UCB_WITHOUT_VAE_UNCERTAINTY,49,Q loss,783,0.012470887042582035
GAS,BAD,UCB_WITHOUT_VAE_UNCERTAINTY,49,Q loss,784,0.0006356200319714844
GAS,BAD,UCB_WITHOUT_VAE_UNCERTAINTY,49,Q loss,785,0.0010862603085115552
GAS,BAD,UCB_WITHOUT_VAE_UNCERTAINTY,49,Q loss,786,0.002036972437053919
GAS,BAD,UCB_WITHOUT_VAE_UNCERTAINTY,49,Q loss,787,0.00274189212359488
GAS,BAD,UCB_WITHOUT_VAE_UNCERTAINTY,49,Q loss,788,0.0008588882628828287
GAS,BAD,UCB_WITHOUT_VAE_UNCERTAINTY,49,Q loss,789,0.002787953708320856
GAS,BAD,UCB_WITHOUT_VAE_UNCERTAINTY,49,Q loss,790,0.0013560287188738585
GAS,BAD,UCB_WITHOUT_VAE_UNCERTAINTY,49,Q loss,791,0.00599735789000988
GAS,BAD,UCB_WITHOUT_VAE_UNCERTAINTY,49,Q loss,792,0.001757139223627746
GAS,BAD,UCB_WITHOUT_VAE_UNCERTAINTY,49,Q loss,793,0.0022614579647779465
GAS,BAD,UCB_WITHOUT_VAE_UNCERTAINTY,49,Q loss,794,0.00429748697206378
GAS,BAD,UCB_WITHOUT_VAE_UNCERTAINTY,49,Q loss,795,0.0022622840479016304
GAS,BAD,UCB_WITHOUT_VAE_UNCERTAINTY,49,Q loss,796,0.0014293473213911057
GAS,BAD,UCB_WITHOUT_VAE_UNCERTAINTY,49,Q loss,797,0.0017969940090551972
GAS,BAD,UCB_WITHOUT_VAE_UNCERTAINTY,49,Q loss,798,0.0025309938937425613
GAS,BAD,UCB_WITHOUT_VAE_UNCERTAINTY,49,Q loss,799,0.0024735729675740004
GAS,BAD,UCB_WITHOUT_VAE_UNCERTAINTY,49,Q loss,800,0.0014324986841529608
GAS,BAD,UCB_WITHOUT_VAE_UNCERTAINTY,49,Q loss,801,0.007764904294162989
GAS,BAD,UCB_WITHOUT_VAE_UNCERTAINTY,49,Q loss,802,0.004173170775175095
GAS,BAD,UCB_WITHOUT_VAE_UNCERTAINTY,49,Q loss,803,0.0014093206264078617
GAS,BAD,UCB_WITHOUT_VAE_UNCERTAINTY,49,Q loss,804,0.003017857437953353
GAS,BAD,UCB_WITHOUT_VAE_UNCERTAINTY,49,Q loss,805,0.0019032566342502832
GAS,BAD,UCB_WITHOUT_VAE_UNCERTAINTY,49,Q loss,806,0.0018879466224461794
GAS,BAD,UCB_WITHOUT_VAE_UNCERTAINTY,49,Q loss,807,0.0027878982946276665
GAS,BAD,UCB_WITHOUT_VAE_UNCERTAINTY,49,Q loss,808,0.002507831435650587
GAS,BAD,UCB_WITHOUT_VAE_UNCERTAINTY,49,Q loss,809,0.005247507244348526
GAS,BAD,UCB_WITHOUT_VAE_UNCERTAINTY,49,Cost loss,0,0.11698026955127716
GAS,BAD,UCB_WITHOUT_VAE_UNCERTAINTY,49,Cost loss,1,0.11515440046787262
GAS,BAD,UCB_WITHOUT_VAE_UNCERTAINTY,49,Cost loss,2,0.11526387184858322
GAS,BAD,UCB_WITHOUT_VAE_UNCERTAINTY,49,Cost loss,3,0.11327549815177917
GAS,BAD,UCB_WITHOUT_VAE_UNCERTAINTY,49,Cost loss,4,0.11139856278896332
GAS,BAD,UCB_WITHOUT_VAE_UNCERTAINTY,49,Cost loss,5,0.11172062903642654
GAS,BAD,UCB_WITHOUT_VAE_UNCERTAINTY,49,Cost loss,6,0.10920615494251251
GAS,BAD,UCB_WITHOUT_VAE_UNCERTAINTY,49,Cost loss,7,0.10893578827381134
GAS,BAD,UCB_WITHOUT_VAE_UNCERTAINTY,49,Cost loss,8,0.10744787752628326
GAS,BAD,UCB_WITHOUT_VAE_UNCERTAINTY,49,Cost loss,9,0.10463877022266388
GAS,BAD,UCB_WITHOUT_VAE_UNCERTAINTY,49,Cost loss,10,0.10473185777664185
GAS,BAD,UCB_WITHOUT_VAE_UNCERTAINTY,49,Cost loss,11,0.10388468950986862
GAS,BAD,UCB_WITHOUT_VAE_UNCERTAINTY,49,Cost loss,12,0.10038065165281296
GAS,BAD,UCB_WITHOUT_VAE_UNCERTAINTY,49,Cost loss,13,0.10009303689002991
GAS,BAD,UCB_WITHOUT_VAE_UNCERTAINTY,49,Cost loss,14,0.09839321672916412
GAS,BAD,UCB_WITHOUT_VAE_UNCERTAINTY,49,Cost loss,15,0.09645930677652359
GAS,BAD,UCB_WITHOUT_VAE_UNCERTAINTY,49,Cost loss,16,0.09718621522188187
GAS,BAD,UCB_WITHOUT_VAE_UNCERTAINTY,49,Cost loss,17,0.09493134915828705
GAS,BAD,UCB_WITHOUT_VAE_UNCERTAINTY,49,Cost loss,18,0.09428760409355164
GAS,BAD,UCB_WITHOUT_VAE_UNCERTAINTY,49,Cost loss,19,0.09248048067092896
GAS,BAD,UCB_WITHOUT_VAE_UNCERTAINTY,49,Cost loss,20,0.09206557273864746
GAS,BAD,UCB_WITHOUT_VAE_UNCERTAINTY,49,Cost loss,21,0.09115814417600632
GAS,BAD,UCB_WITHOUT_VAE_UNCERTAINTY,49,Cost loss,22,0.08911216259002686
GAS,BAD,UCB_WITHOUT_VAE_UNCERTAINTY,49,Cost loss,23,0.08799818158149719
GAS,BAD,UCB_WITHOUT_VAE_UNCERTAINTY,49,Cost loss,24,0.0869632363319397
GAS,BAD,UCB_WITHOUT_VAE_UNCERTAINTY,49,Cost loss,25,0.08347742259502411
GAS,BAD,UCB_WITHOUT_VAE_UNCERTAINTY,49,Cost loss,26,0.08342278003692627
GAS,BAD,UCB_WITHOUT_VAE_UNCERTAINTY,49,Cost loss,27,0.08057570457458496
GAS,BAD,UCB_WITHOUT_VAE_UNCERTAINTY,49,Cost loss,28,0.0818314403295517
GAS,BAD,UCB_WITHOUT_VAE_UNCERTAINTY,49,Cost loss,29,0.08007808029651642
GAS,BAD,UCB_WITHOUT_VAE_UNCERTAINTY,49,Cost loss,30,0.078232042491436
GAS,BAD,UCB_WITHOUT_VAE_UNCERTAINTY,49,Cost loss,31,0.07763320207595825
GAS,BAD,UCB_WITHOUT_VAE_UNCERTAINTY,49,Cost loss,32,0.07562205195426941
GAS,BAD,UCB_WITHOUT_VAE_UNCERTAINTY,49,Cost loss,33,0.07422841340303421
GAS,BAD,UCB_WITHOUT_VAE_UNCERTAINTY,49,Cost loss,34,0.07351917028427124
GAS,BAD,UCB_WITHOUT_VAE_UNCERTAINTY,49,Cost loss,35,0.07313676923513412
GAS,BAD,UCB_WITHOUT_VAE_UNCERTAINTY,49,Cost loss,36,0.07269173860549927
GAS,BAD,UCB_WITHOUT_VAE_UNCERTAINTY,49,Cost loss,37,0.07038993388414383
GAS,BAD,UCB_WITHOUT_VAE_UNCERTAINTY,49,Cost loss,38,0.06874468177556992
GAS,BAD,UCB_WITHOUT_VAE_UNCERTAINTY,49,Cost loss,39,0.06797085702419281
GAS,BAD,UCB_WITHOUT_VAE_UNCERTAINTY,49,Cost loss,40,0.06746689975261688
GAS,BAD,UCB_WITHOUT_VAE_UNCERTAINTY,49,Cost loss,41,0.06493757665157318
GAS,BAD,UCB_WITHOUT_VAE_UNCERTAINTY,49,Cost loss,42,0.06420409679412842
GAS,BAD,UCB_WITHOUT_VAE_UNCERTAINTY,49,Cost loss,43,0.062283165752887726
GAS,BAD,UCB_WITHOUT_VAE_UNCERTAINTY,49,Cost loss,44,0.06121402606368065
GAS,BAD,UCB_WITHOUT_VAE_UNCERTAINTY,49,Cost loss,45,0.06006574630737305
GAS,BAD,UCB_WITHOUT_VAE_UNCERTAINTY,49,Cost loss,46,0.059457287192344666
GAS,BAD,UCB_WITHOUT_VAE_UNCERTAINTY,49,Cost loss,47,0.059110768139362335
GAS,BAD,UCB_WITHOUT_VAE_UNCERTAINTY,49,Cost loss,48,0.05652869492769241
GAS,BAD,UCB_WITHOUT_VAE_UNCERTAINTY,49,Cost loss,49,0.055568672716617584
GAS,BAD,UCB_WITHOUT_VAE_UNCERTAINTY,49,Cost loss,50,0.05453550070524216
GAS,BAD,UCB_WITHOUT_VAE_UNCERTAINTY,49,Cost loss,51,0.053393423557281494
GAS,BAD,UCB_WITHOUT_VAE_UNCERTAINTY,49,Cost loss,52,0.05251135304570198
GAS,BAD,UCB_WITHOUT_VAE_UNCERTAINTY,49,Cost loss,53,0.05222403258085251
GAS,BAD,UCB_WITHOUT_VAE_UNCERTAINTY,49,Cost loss,54,0.05036793276667595
GAS,BAD,UCB_WITHOUT_VAE_UNCERTAINTY,49,Cost loss,55,0.05119822919368744
GAS,BAD,UCB_WITHOUT_VAE_UNCERTAINTY,49,Cost loss,56,0.048821475356817245
GAS,BAD,UCB_WITHOUT_VAE_UNCERTAINTY,49,Cost loss,57,0.049187012016773224
GAS,BAD,UCB_WITHOUT_VAE_UNCERTAINTY,49,Cost loss,58,0.04816363379359245
GAS,BAD,UCB_WITHOUT_VAE_UNCERTAINTY,49,Cost loss,59,0.04720338433980942
GAS,BAD,UCB_WITHOUT_VAE_UNCERTAINTY,49,Cost loss,60,0.043238565325737
GAS,BAD,UCB_WITHOUT_VAE_UNCERTAINTY,49,Cost loss,61,0.04413699358701706
GAS,BAD,UCB_WITHOUT_VAE_UNCERTAINTY,49,Cost loss,62,0.042642608284950256
GAS,BAD,UCB_WITHOUT_VAE_UNCERTAINTY,49,Cost loss,63,0.04292350262403488
GAS,BAD,UCB_WITHOUT_VAE_UNCERTAINTY,49,Cost loss,64,0.040749188512563705
GAS,BAD,UCB_WITHOUT_VAE_UNCERTAINTY,49,Cost loss,65,0.040904637426137924
GAS,BAD,UCB_WITHOUT_VAE_UNCERTAINTY,49,Cost loss,66,0.039460666477680206
GAS,BAD,UCB_WITHOUT_VAE_UNCERTAINTY,49,Cost loss,67,0.03797679394483566
GAS,BAD,UCB_WITHOUT_VAE_UNCERTAINTY,49,Cost loss,68,0.037154581397771835
GAS,BAD,UCB_WITHOUT_VAE_UNCERTAINTY,49,Cost loss,69,0.03660454601049423
GAS,BAD,UCB_WITHOUT_VAE_UNCERTAINTY,49,Cost loss,70,0.03680572286248207
GAS,BAD,UCB_WITHOUT_VAE_UNCERTAINTY,49,Cost loss,71,0.03725174441933632
GAS,BAD,UCB_WITHOUT_VAE_UNCERTAINTY,49,Cost loss,72,0.03688516095280647
GAS,BAD,UCB_WITHOUT_VAE_UNCERTAINTY,49,Cost loss,73,0.0327463299036026
GAS,BAD,UCB_WITHOUT_VAE_UNCERTAINTY,49,Cost loss,74,0.0329366996884346
GAS,BAD,UCB_WITHOUT_VAE_UNCERTAINTY,49,Cost loss,75,0.03256911784410477
GAS,BAD,UCB_WITHOUT_VAE_UNCERTAINTY,49,Cost loss,76,0.031839847564697266
GAS,BAD,UCB_WITHOUT_VAE_UNCERTAINTY,49,Cost loss,77,0.031078457832336426
GAS,BAD,UCB_WITHOUT_VAE_UNCERTAINTY,49,Cost loss,78,0.03142052888870239
GAS,BAD,UCB_WITHOUT_VAE_UNCERTAINTY,49,Cost loss,79,0.02957005240023136
GAS,BAD,UCB_WITHOUT_VAE_UNCERTAINTY,49,Cost loss,80,0.031220223754644394
GAS,BAD,UCB_WITHOUT_VAE_UNCERTAINTY,49,Cost loss,81,0.027461353689432144
GAS,BAD,UCB_WITHOUT_VAE_UNCERTAINTY,49,Cost loss,82,0.027992287650704384
GAS,BAD,UCB_WITHOUT_VAE_UNCERTAINTY,49,Cost loss,83,0.02636406198143959
GAS,BAD,UCB_WITHOUT_VAE_UNCERTAINTY,49,Cost loss,84,0.026683753356337547
GAS,BAD,UCB_WITHOUT_VAE_UNCERTAINTY,49,Cost loss,85,0.026253357529640198
GAS,BAD,UCB_WITHOUT_VAE_UNCERTAINTY,49,Cost loss,86,0.025164350867271423
GAS,BAD,UCB_WITHOUT_VAE_UNCERTAINTY,49,Cost loss,87,0.02519094944000244
GAS,BAD,UCB_WITHOUT_VAE_UNCERTAINTY,49,Cost loss,88,0.024909397587180138
GAS,BAD,UCB_WITHOUT_VAE_UNCERTAINTY,49,Cost loss,89,0.023701079189777374
GAS,BAD,UCB_WITHOUT_VAE_UNCERTAINTY,49,Cost loss,90,0.022680116817355156
GAS,BAD,UCB_WITHOUT_VAE_UNCERTAINTY,49,Cost loss,91,0.023020721971988678
GAS,BAD,UCB_WITHOUT_VAE_UNCERTAINTY,49,Cost loss,92,0.021600931882858276
GAS,BAD,UCB_WITHOUT_VAE_UNCERTAINTY,49,Cost loss,93,0.022201374173164368
GAS,BAD,UCB_WITHOUT_VAE_UNCERTAINTY,49,Cost loss,94,0.021194618195295334
GAS,BAD,UCB_WITHOUT_VAE_UNCERTAINTY,49,Cost loss,95,0.02008649706840515
GAS,BAD,UCB_WITHOUT_VAE_UNCERTAINTY,49,Cost loss,96,0.01999276503920555
GAS,BAD,UCB_WITHOUT_VAE_UNCERTAINTY,49,Cost loss,97,0.019583111628890038
GAS,BAD,UCB_WITHOUT_VAE_UNCERTAINTY,49,Cost loss,98,0.01987229473888874
GAS,BAD,UCB_WITHOUT_VAE_UNCERTAINTY,49,Cost loss,99,0.019025247544050217
GAS,BAD,UCB_WITHOUT_VAE_UNCERTAINTY,49,Cost loss,100,0.019465535879135132
GAS,BAD,UCB_WITHOUT_VAE_UNCERTAINTY,49,Cost loss,101,0.018791422247886658
GAS,BAD,UCB_WITHOUT_VAE_UNCERTAINTY,49,Cost loss,102,0.01779373735189438
GAS,BAD,UCB_WITHOUT_VAE_UNCERTAINTY,49,Cost loss,103,0.015577791258692741
GAS,BAD,UCB_WITHOUT_VAE_UNCERTAINTY,49,Cost loss,104,0.01615079492330551
GAS,BAD,UCB_WITHOUT_VAE_UNCERTAINTY,49,Cost loss,105,0.014920247718691826
GAS,BAD,UCB_WITHOUT_VAE_UNCERTAINTY,49,Cost loss,106,0.013805275782942772
GAS,BAD,UCB_WITHOUT_VAE_UNCERTAINTY,49,Cost loss,107,0.013264797627925873
GAS,BAD,UCB_WITHOUT_VAE_UNCERTAINTY,49,Cost loss,108,0.01273444015532732
GAS,BAD,UCB_WITHOUT_VAE_UNCERTAINTY,49,Cost loss,109,0.012485889717936516
GAS,BAD,UCB_WITHOUT_VAE_UNCERTAINTY,49,Cost loss,110,0.011701695621013641
GAS,BAD,UCB_WITHOUT_VAE_UNCERTAINTY,49,Cost loss,111,0.010903497226536274
GAS,BAD,UCB_WITHOUT_VAE_UNCERTAINTY,49,Cost loss,112,0.01211487501859665
GAS,BAD,UCB_WITHOUT_VAE_UNCERTAINTY,49,Cost loss,113,0.011537110432982445
GAS,BAD,UCB_WITHOUT_VAE_UNCERTAINTY,49,Cost loss,114,0.011330373585224152
GAS,BAD,UCB_WITHOUT_VAE_UNCERTAINTY,49,Cost loss,115,0.010792380198836327
GAS,BAD,UCB_WITHOUT_VAE_UNCERTAINTY,49,Cost loss,116,0.010410445742309093
GAS,BAD,UCB_WITHOUT_VAE_UNCERTAINTY,49,Cost loss,117,0.010436084121465683
GAS,BAD,UCB_WITHOUT_VAE_UNCERTAINTY,49,Cost loss,118,0.009823648259043694
GAS,BAD,UCB_WITHOUT_VAE_UNCERTAINTY,49,Cost loss,119,0.009297175332903862
GAS,BAD,UCB_WITHOUT_VAE_UNCERTAINTY,49,Cost loss,120,0.009144684299826622
GAS,BAD,UCB_WITHOUT_VAE_UNCERTAINTY,49,Cost loss,121,0.00893473532050848
GAS,BAD,UCB_WITHOUT_VAE_UNCERTAINTY,49,Cost loss,122,0.009206010028719902
GAS,BAD,UCB_WITHOUT_VAE_UNCERTAINTY,49,Cost loss,123,0.007797003258019686
GAS,BAD,UCB_WITHOUT_VAE_UNCERTAINTY,49,Cost loss,124,0.008295025676488876
GAS,BAD,UCB_WITHOUT_VAE_UNCERTAINTY,49,Cost loss,125,0.008953412994742393
GAS,BAD,UCB_WITHOUT_VAE_UNCERTAINTY,49,Cost loss,126,0.007790752220898867
GAS,BAD,UCB_WITHOUT_VAE_UNCERTAINTY,49,Cost loss,127,0.008725268766283989
GAS,BAD,UCB_WITHOUT_VAE_UNCERTAINTY,49,Cost loss,128,0.00798860378563404
GAS,BAD,UCB_WITHOUT_VAE_UNCERTAINTY,49,Cost loss,129,0.008046495728194714
GAS,BAD,UCB_WITHOUT_VAE_UNCERTAINTY,49,Cost loss,130,0.00846436619758606
GAS,BAD,UCB_WITHOUT_VAE_UNCERTAINTY,49,Cost loss,131,0.0087222158908844
GAS,BAD,UCB_WITHOUT_VAE_UNCERTAINTY,49,Cost loss,132,0.008064202964305878
GAS,BAD,UCB_WITHOUT_VAE_UNCERTAINTY,49,Cost loss,133,0.008155674673616886
GAS,BAD,UCB_WITHOUT_VAE_UNCERTAINTY,49,Cost loss,134,0.008153438568115234
GAS,BAD,UCB_WITHOUT_VAE_UNCERTAINTY,49,Cost loss,135,0.008724533021450043
GAS,BAD,UCB_WITHOUT_VAE_UNCERTAINTY,49,Cost loss,136,0.008513322100043297
GAS,BAD,UCB_WITHOUT_VAE_UNCERTAINTY,49,Cost loss,137,0.008192099630832672
GAS,BAD,UCB_WITHOUT_VAE_UNCERTAINTY,49,Cost loss,138,0.008279979228973389
GAS,BAD,UCB_WITHOUT_VAE_UNCERTAINTY,49,Cost loss,139,0.008357055485248566
GAS,BAD,UCB_WITHOUT_VAE_UNCERTAINTY,49,Cost loss,140,0.008184505626559258
GAS,BAD,UCB_WITHOUT_VAE_UNCERTAINTY,49,Cost loss,141,0.008527827449142933
GAS,BAD,UCB_WITHOUT_VAE_UNCERTAINTY,49,Cost loss,142,0.008135088719427586
GAS,BAD,UCB_WITHOUT_VAE_UNCERTAINTY,49,Cost loss,143,0.007627107203006744
GAS,BAD,UCB_WITHOUT_VAE_UNCERTAINTY,49,Cost loss,144,0.0077916765585541725
GAS,BAD,UCB_WITHOUT_VAE_UNCERTAINTY,50,Q loss,0,0.01051840279251337
GAS,BAD,UCB_WITHOUT_VAE_UNCERTAINTY,50,Q loss,1,0.015009280294179916
GAS,BAD,UCB_WITHOUT_VAE_UNCERTAINTY,50,Q loss,2,0.018371637910604477
GAS,BAD,UCB_WITHOUT_VAE_UNCERTAINTY,50,Q loss,3,0.03489053249359131
GAS,BAD,UCB_WITHOUT_VAE_UNCERTAINTY,50,Q loss,4,0.03754180669784546
GAS,BAD,UCB_WITHOUT_VAE_UNCERTAINTY,50,Q loss,5,0.04280504211783409
GAS,BAD,UCB_WITHOUT_VAE_UNCERTAINTY,50,Q loss,6,0.012263139709830284
GAS,BAD,UCB_WITHOUT_VAE_UNCERTAINTY,50,Q loss,7,0.021730642765760422
GAS,BAD,UCB_WITHOUT_VAE_UNCERTAINTY,50,Q loss,8,0.015850944444537163
GAS,BAD,UCB_WITHOUT_VAE_UNCERTAINTY,50,Q loss,9,0.020231381058692932
GAS,BAD,UCB_WITHOUT_VAE_UNCERTAINTY,50,Q loss,10,0.037026792764663696
GAS,BAD,UCB_WITHOUT_VAE_UNCERTAINTY,50,Q loss,11,0.033430781215429306
GAS,BAD,UCB_WITHOUT_VAE_UNCERTAINTY,50,Q loss,12,0.024262912571430206
GAS,BAD,UCB_WITHOUT_VAE_UNCERTAINTY,50,Q loss,13,0.04029855877161026
GAS,BAD,UCB_WITHOUT_VAE_UNCERTAINTY,50,Q loss,14,0.030687201768159866
GAS,BAD,UCB_WITHOUT_VAE_UNCERTAINTY,50,Q loss,15,0.021939970552921295
GAS,BAD,UCB_WITHOUT_VAE_UNCERTAINTY,50,Q loss,16,0.033294133841991425
GAS,BAD,UCB_WITHOUT_VAE_UNCERTAINTY,50,Q loss,17,0.027169499546289444
GAS,BAD,UCB_WITHOUT_VAE_UNCERTAINTY,50,Q loss,18,0.023493822664022446
GAS,BAD,UCB_WITHOUT_VAE_UNCERTAINTY,50,Q loss,19,0.019049618393182755
GAS,BAD,UCB_WITHOUT_VAE_UNCERTAINTY,50,Q loss,20,0.02439379319548607
GAS,BAD,UCB_WITHOUT_VAE_UNCERTAINTY,50,Q loss,21,0.03601403906941414
GAS,BAD,UCB_WITHOUT_VAE_UNCERTAINTY,50,Q loss,22,0.031596992164850235
GAS,BAD,UCB_WITHOUT_VAE_UNCERTAINTY,50,Q loss,23,0.03654174506664276
GAS,BAD,UCB_WITHOUT_VAE_UNCERTAINTY,50,Q loss,24,0.040157705545425415
GAS,BAD,UCB_WITHOUT_VAE_UNCERTAINTY,50,Q loss,25,0.02765360102057457
GAS,BAD,UCB_WITHOUT_VAE_UNCERTAINTY,50,Q loss,26,0.034433361142873764
GAS,BAD,UCB_WITHOUT_VAE_UNCERTAINTY,50,Q loss,27,0.05258221924304962
GAS,BAD,UCB_WITHOUT_VAE_UNCERTAINTY,50,Q loss,28,0.046719200909137726
GAS,BAD,UCB_WITHOUT_VAE_UNCERTAINTY,50,Q loss,29,0.04073787480592728
GAS,BAD,UCB_WITHOUT_VAE_UNCERTAINTY,50,Q loss,30,0.0341792032122612
GAS,BAD,UCB_WITHOUT_VAE_UNCERTAINTY,50,Q loss,31,0.030746499076485634
GAS,BAD,UCB_WITHOUT_VAE_UNCERTAINTY,50,Q loss,32,0.047672778367996216
GAS,BAD,UCB_WITHOUT_VAE_UNCERTAINTY,50,Q loss,33,0.03887619823217392
GAS,BAD,UCB_WITHOUT_VAE_UNCERTAINTY,50,Q loss,34,0.03453940898180008
GAS,BAD,UCB_WITHOUT_VAE_UNCERTAINTY,50,Q loss,35,0.052066076546907425
GAS,BAD,UCB_WITHOUT_VAE_UNCERTAINTY,50,Q loss,36,0.024939730763435364
GAS,BAD,UCB_WITHOUT_VAE_UNCERTAINTY,50,Q loss,37,0.018591314554214478
GAS,BAD,UCB_WITHOUT_VAE_UNCERTAINTY,50,Q loss,38,0.015750441700220108
GAS,BAD,UCB_WITHOUT_VAE_UNCERTAINTY,50,Q loss,39,0.04400491341948509
GAS,BAD,UCB_WITHOUT_VAE_UNCERTAINTY,50,Q loss,40,0.033030733466148376
GAS,BAD,UCB_WITHOUT_VAE_UNCERTAINTY,50,Q loss,41,0.04671952873468399
GAS,BAD,UCB_WITHOUT_VAE_UNCERTAINTY,50,Q loss,42,0.02196635492146015
GAS,BAD,UCB_WITHOUT_VAE_UNCERTAINTY,50,Q loss,43,0.015692221000790596
GAS,BAD,UCB_WITHOUT_VAE_UNCERTAINTY,50,Q loss,44,0.021766098216176033
GAS,BAD,UCB_WITHOUT_VAE_UNCERTAINTY,50,Q loss,45,0.03135187551379204
GAS,BAD,UCB_WITHOUT_VAE_UNCERTAINTY,50,Q loss,46,0.031332969665527344
GAS,BAD,UCB_WITHOUT_VAE_UNCERTAINTY,50,Q loss,47,0.038773275911808014
GAS,BAD,UCB_WITHOUT_VAE_UNCERTAINTY,50,Q loss,48,0.03512008860707283
GAS,BAD,UCB_WITHOUT_VAE_UNCERTAINTY,50,Q loss,49,0.043616943061351776
GAS,BAD,UCB_WITHOUT_VAE_UNCERTAINTY,50,Q loss,50,0.03746485710144043
GAS,BAD,UCB_WITHOUT_VAE_UNCERTAINTY,50,Q loss,51,0.028651947155594826
GAS,BAD,UCB_WITHOUT_VAE_UNCERTAINTY,50,Q loss,52,0.03370387852191925
GAS,BAD,UCB_WITHOUT_VAE_UNCERTAINTY,50,Q loss,53,0.04068009927868843
GAS,BAD,UCB_WITHOUT_VAE_UNCERTAINTY,50,Q loss,54,0.022712428122758865
GAS,BAD,UCB_WITHOUT_VAE_UNCERTAINTY,50,Q loss,55,0.01389286108314991
GAS,BAD,UCB_WITHOUT_VAE_UNCERTAINTY,50,Q loss,56,0.02059582620859146
GAS,BAD,UCB_WITHOUT_VAE_UNCERTAINTY,50,Q loss,57,0.04321616142988205
GAS,BAD,UCB_WITHOUT_VAE_UNCERTAINTY,50,Q loss,58,0.03248078376054764
GAS,BAD,UCB_WITHOUT_VAE_UNCERTAINTY,50,Q loss,59,0.038655973970890045
GAS,BAD,UCB_WITHOUT_VAE_UNCERTAINTY,50,Q loss,60,0.023453444242477417
GAS,BAD,UCB_WITHOUT_VAE_UNCERTAINTY,50,Q loss,61,0.017653200775384903
GAS,BAD,UCB_WITHOUT_VAE_UNCERTAINTY,50,Q loss,62,0.01860262081027031
GAS,BAD,UCB_WITHOUT_VAE_UNCERTAINTY,50,Q loss,63,0.03608307987451553
GAS,BAD,UCB_WITHOUT_VAE_UNCERTAINTY,50,Q loss,64,0.0446002297103405
GAS,BAD,UCB_WITHOUT_VAE_UNCERTAINTY,50,Q loss,65,0.05407186970114708
GAS,BAD,UCB_WITHOUT_VAE_UNCERTAINTY,50,Q loss,66,0.052843984216451645
GAS,BAD,UCB_WITHOUT_VAE_UNCERTAINTY,50,Q loss,67,0.06201586872339249
GAS,BAD,UCB_WITHOUT_VAE_UNCERTAINTY,50,Q loss,68,0.041480809450149536
GAS,BAD,UCB_WITHOUT_VAE_UNCERTAINTY,50,Q loss,69,0.042802102863788605
GAS,BAD,UCB_WITHOUT_VAE_UNCERTAINTY,50,Q loss,70,0.0388043113052845
GAS,BAD,UCB_WITHOUT_VAE_UNCERTAINTY,50,Q loss,71,0.045643895864486694
GAS,BAD,UCB_WITHOUT_VAE_UNCERTAINTY,50,Q loss,72,0.023440741002559662
GAS,BAD,UCB_WITHOUT_VAE_UNCERTAINTY,50,Q loss,73,0.02123839221894741
GAS,BAD,UCB_WITHOUT_VAE_UNCERTAINTY,50,Q loss,74,0.020027142018079758
GAS,BAD,UCB_WITHOUT_VAE_UNCERTAINTY,50,Q loss,75,0.03960851952433586
GAS,BAD,UCB_WITHOUT_VAE_UNCERTAINTY,50,Q loss,76,0.02679029107093811
GAS,BAD,UCB_WITHOUT_VAE_UNCERTAINTY,50,Q loss,77,0.03651164099574089
GAS,BAD,UCB_WITHOUT_VAE_UNCERTAINTY,50,Q loss,78,0.044450413435697556
GAS,BAD,UCB_WITHOUT_VAE_UNCERTAINTY,50,Q loss,79,0.025819260627031326
GAS,BAD,UCB_WITHOUT_VAE_UNCERTAINTY,50,Q loss,80,0.02228781208395958
GAS,BAD,UCB_WITHOUT_VAE_UNCERTAINTY,50,Q loss,81,0.012786123901605606
GAS,BAD,UCB_WITHOUT_VAE_UNCERTAINTY,50,Q loss,82,0.09258166700601578
GAS,BAD,UCB_WITHOUT_VAE_UNCERTAINTY,50,Q loss,83,0.09484822303056717
GAS,BAD,UCB_WITHOUT_VAE_UNCERTAINTY,50,Q loss,84,0.12371443957090378
GAS,BAD,UCB_WITHOUT_VAE_UNCERTAINTY,50,Q loss,85,0.1045384556055069
GAS,BAD,UCB_WITHOUT_VAE_UNCERTAINTY,50,Q loss,86,0.05732332170009613
GAS,BAD,UCB_WITHOUT_VAE_UNCERTAINTY,50,Q loss,87,0.06375915557146072
GAS,BAD,UCB_WITHOUT_VAE_UNCERTAINTY,50,Q loss,88,0.13366955518722534
GAS,BAD,UCB_WITHOUT_VAE_UNCERTAINTY,50,Q loss,89,0.07137278467416763
GAS,BAD,UCB_WITHOUT_VAE_UNCERTAINTY,50,Q loss,90,0.01645590178668499
GAS,BAD,UCB_WITHOUT_VAE_UNCERTAINTY,50,Q loss,91,0.01584036648273468
GAS,BAD,UCB_WITHOUT_VAE_UNCERTAINTY,50,Q loss,92,0.010627983137965202
GAS,BAD,UCB_WITHOUT_VAE_UNCERTAINTY,50,Q loss,93,0.02782328613102436
GAS,BAD,UCB_WITHOUT_VAE_UNCERTAINTY,50,Q loss,94,0.023465145379304886
GAS,BAD,UCB_WITHOUT_VAE_UNCERTAINTY,50,Q loss,95,0.029407283291220665
GAS,BAD,UCB_WITHOUT_VAE_UNCERTAINTY,50,Q loss,96,0.015480102971196175
GAS,BAD,UCB_WITHOUT_VAE_UNCERTAINTY,50,Q loss,97,0.01972438022494316
GAS,BAD,UCB_WITHOUT_VAE_UNCERTAINTY,50,Q loss,98,0.017762014642357826
GAS,BAD,UCB_WITHOUT_VAE_UNCERTAINTY,50,Q loss,99,0.03902950882911682
GAS,BAD,UCB_WITHOUT_VAE_UNCERTAINTY,50,Q loss,100,0.05628499388694763
GAS,BAD,UCB_WITHOUT_VAE_UNCERTAINTY,50,Q loss,101,0.04419055953621864
GAS,BAD,UCB_WITHOUT_VAE_UNCERTAINTY,50,Q loss,102,0.05526823177933693
GAS,BAD,UCB_WITHOUT_VAE_UNCERTAINTY,50,Q loss,103,0.06257621198892593
GAS,BAD,UCB_WITHOUT_VAE_UNCERTAINTY,50,Q loss,104,0.044903695583343506
GAS,BAD,UCB_WITHOUT_VAE_UNCERTAINTY,50,Q loss,105,0.04602302610874176
GAS,BAD,UCB_WITHOUT_VAE_UNCERTAINTY,50,Q loss,106,0.07715760171413422
GAS,BAD,UCB_WITHOUT_VAE_UNCERTAINTY,50,Q loss,107,0.06648389995098114
GAS,BAD,UCB_WITHOUT_VAE_UNCERTAINTY,50,Q loss,108,0.015804005786776543
GAS,BAD,UCB_WITHOUT_VAE_UNCERTAINTY,50,Q loss,109,0.009232544340193272
GAS,BAD,UCB_WITHOUT_VAE_UNCERTAINTY,50,Q loss,110,0.012201924808323383
GAS,BAD,UCB_WITHOUT_VAE_UNCERTAINTY,50,Q loss,111,0.026665098965168
GAS,BAD,UCB_WITHOUT_VAE_UNCERTAINTY,50,Q loss,112,0.015592655166983604
GAS,BAD,UCB_WITHOUT_VAE_UNCERTAINTY,50,Q loss,113,0.021889017894864082
GAS,BAD,UCB_WITHOUT_VAE_UNCERTAINTY,50,Q loss,114,0.03168248385190964
GAS,BAD,UCB_WITHOUT_VAE_UNCERTAINTY,50,Q loss,115,0.018778730183839798
GAS,BAD,UCB_WITHOUT_VAE_UNCERTAINTY,50,Q loss,116,0.017421867698431015
GAS,BAD,UCB_WITHOUT_VAE_UNCERTAINTY,50,Q loss,117,0.03804227337241173
GAS,BAD,UCB_WITHOUT_VAE_UNCERTAINTY,50,Q loss,118,0.051027826964855194
GAS,BAD,UCB_WITHOUT_VAE_UNCERTAINTY,50,Q loss,119,0.06313662230968475
GAS,BAD,UCB_WITHOUT_VAE_UNCERTAINTY,50,Q loss,120,0.0762486457824707
GAS,BAD,UCB_WITHOUT_VAE_UNCERTAINTY,50,Q loss,121,0.07442809641361237
GAS,BAD,UCB_WITHOUT_VAE_UNCERTAINTY,50,Q loss,122,0.03896716237068176
GAS,BAD,UCB_WITHOUT_VAE_UNCERTAINTY,50,Q loss,123,0.05465488135814667
GAS,BAD,UCB_WITHOUT_VAE_UNCERTAINTY,50,Q loss,124,0.057234764099121094
GAS,BAD,UCB_WITHOUT_VAE_UNCERTAINTY,50,Q loss,125,0.03686929866671562
GAS,BAD,UCB_WITHOUT_VAE_UNCERTAINTY,50,Q loss,126,0.012215997092425823
GAS,BAD,UCB_WITHOUT_VAE_UNCERTAINTY,50,Q loss,127,0.012197697535157204
GAS,BAD,UCB_WITHOUT_VAE_UNCERTAINTY,50,Q loss,128,0.016220005229115486
GAS,BAD,UCB_WITHOUT_VAE_UNCERTAINTY,50,Q loss,129,0.027519725263118744
GAS,BAD,UCB_WITHOUT_VAE_UNCERTAINTY,50,Q loss,130,0.012617872096598148
GAS,BAD,UCB_WITHOUT_VAE_UNCERTAINTY,50,Q loss,131,0.013684970326721668
GAS,BAD,UCB_WITHOUT_VAE_UNCERTAINTY,50,Q loss,132,0.024306803941726685
GAS,BAD,UCB_WITHOUT_VAE_UNCERTAINTY,50,Q loss,133,0.008378170430660248
GAS,BAD,UCB_WITHOUT_VAE_UNCERTAINTY,50,Q loss,134,0.008916051127016544
GAS,BAD,UCB_WITHOUT_VAE_UNCERTAINTY,50,Q loss,135,0.029944922775030136
GAS,BAD,UCB_WITHOUT_VAE_UNCERTAINTY,50,Q loss,136,0.0361536405980587
GAS,BAD,UCB_WITHOUT_VAE_UNCERTAINTY,50,Q loss,137,0.03559510037302971
GAS,BAD,UCB_WITHOUT_VAE_UNCERTAINTY,50,Q loss,138,0.05775183439254761
GAS,BAD,UCB_WITHOUT_VAE_UNCERTAINTY,50,Q loss,139,0.051318444311618805
GAS,BAD,UCB_WITHOUT_VAE_UNCERTAINTY,50,Q loss,140,0.03232865780591965
GAS,BAD,UCB_WITHOUT_VAE_UNCERTAINTY,50,Q loss,141,0.03277980163693428
GAS,BAD,UCB_WITHOUT_VAE_UNCERTAINTY,50,Q loss,142,0.04915211349725723
GAS,BAD,UCB_WITHOUT_VAE_UNCERTAINTY,50,Q loss,143,0.06256484985351562
GAS,BAD,UCB_WITHOUT_VAE_UNCERTAINTY,50,Q loss,144,0.006922466680407524
GAS,BAD,UCB_WITHOUT_VAE_UNCERTAINTY,50,Q loss,145,0.004445541650056839
GAS,BAD,UCB_WITHOUT_VAE_UNCERTAINTY,50,Q loss,146,0.007828619331121445
GAS,BAD,UCB_WITHOUT_VAE_UNCERTAINTY,50,Q loss,147,0.017513444647192955
GAS,BAD,UCB_WITHOUT_VAE_UNCERTAINTY,50,Q loss,148,0.009288857690989971
GAS,BAD,UCB_WITHOUT_VAE_UNCERTAINTY,50,Q loss,149,0.016547905281186104
GAS,BAD,UCB_WITHOUT_VAE_UNCERTAINTY,50,Q loss,150,0.024435043334960938
GAS,BAD,UCB_WITHOUT_VAE_UNCERTAINTY,50,Q loss,151,0.007789410650730133
GAS,BAD,UCB_WITHOUT_VAE_UNCERTAINTY,50,Q loss,152,0.01418020948767662
GAS,BAD,UCB_WITHOUT_VAE_UNCERTAINTY,50,Q loss,153,0.02645004540681839
GAS,BAD,UCB_WITHOUT_VAE_UNCERTAINTY,50,Q loss,154,0.06341312825679779
GAS,BAD,UCB_WITHOUT_VAE_UNCERTAINTY,50,Q loss,155,0.054308224469423294
GAS,BAD,UCB_WITHOUT_VAE_UNCERTAINTY,50,Q loss,156,0.06813159584999084
GAS,BAD,UCB_WITHOUT_VAE_UNCERTAINTY,50,Q loss,157,0.04228494316339493
GAS,BAD,UCB_WITHOUT_VAE_UNCERTAINTY,50,Q loss,158,0.036781810224056244
GAS,BAD,UCB_WITHOUT_VAE_UNCERTAINTY,50,Q loss,159,0.059216734021902084
GAS,BAD,UCB_WITHOUT_VAE_UNCERTAINTY,50,Q loss,160,0.058453187346458435
GAS,BAD,UCB_WITHOUT_VAE_UNCERTAINTY,50,Q loss,161,0.043950583785772324
GAS,BAD,UCB_WITHOUT_VAE_UNCERTAINTY,50,Q loss,162,0.007611951325088739
GAS,BAD,UCB_WITHOUT_VAE_UNCERTAINTY,50,Q loss,163,0.006765556521713734
GAS,BAD,UCB_WITHOUT_VAE_UNCERTAINTY,50,Q loss,164,0.01375845167785883
GAS,BAD,UCB_WITHOUT_VAE_UNCERTAINTY,50,Q loss,165,0.014047587290406227
GAS,BAD,UCB_WITHOUT_VAE_UNCERTAINTY,50,Q loss,166,0.007980413734912872
GAS,BAD,UCB_WITHOUT_VAE_UNCERTAINTY,50,Q loss,167,0.01904316432774067
GAS,BAD,UCB_WITHOUT_VAE_UNCERTAINTY,50,Q loss,168,0.01799466460943222
GAS,BAD,UCB_WITHOUT_VAE_UNCERTAINTY,50,Q loss,169,0.0025390719529241323
GAS,BAD,UCB_WITHOUT_VAE_UNCERTAINTY,50,Q loss,170,0.009381787851452827
GAS,BAD,UCB_WITHOUT_VAE_UNCERTAINTY,50,Q loss,171,0.013904789462685585
GAS,BAD,UCB_WITHOUT_VAE_UNCERTAINTY,50,Q loss,172,0.032161325216293335
GAS,BAD,UCB_WITHOUT_VAE_UNCERTAINTY,50,Q loss,173,0.019406240433454514
GAS,BAD,UCB_WITHOUT_VAE_UNCERTAINTY,50,Q loss,174,0.036031246185302734
GAS,BAD,UCB_WITHOUT_VAE_UNCERTAINTY,50,Q loss,175,0.0377240814268589
GAS,BAD,UCB_WITHOUT_VAE_UNCERTAINTY,50,Q loss,176,0.030079051852226257
GAS,BAD,UCB_WITHOUT_VAE_UNCERTAINTY,50,Q loss,177,0.04047415405511856
GAS,BAD,UCB_WITHOUT_VAE_UNCERTAINTY,50,Q loss,178,0.046242471784353256
GAS,BAD,UCB_WITHOUT_VAE_UNCERTAINTY,50,Q loss,179,0.04397615045309067
GAS,BAD,UCB_WITHOUT_VAE_UNCERTAINTY,50,Q loss,180,0.00895034521818161
GAS,BAD,UCB_WITHOUT_VAE_UNCERTAINTY,50,Q loss,181,0.005221597850322723
GAS,BAD,UCB_WITHOUT_VAE_UNCERTAINTY,50,Q loss,182,0.006043646484613419
GAS,BAD,UCB_WITHOUT_VAE_UNCERTAINTY,50,Q loss,183,0.016448263078927994
GAS,BAD,UCB_WITHOUT_VAE_UNCERTAINTY,50,Q loss,184,0.009002558887004852
GAS,BAD,UCB_WITHOUT_VAE_UNCERTAINTY,50,Q loss,185,0.014777729287743568
GAS,BAD,UCB_WITHOUT_VAE_UNCERTAINTY,50,Q loss,186,0.009948879480361938
GAS,BAD,UCB_WITHOUT_VAE_UNCERTAINTY,50,Q loss,187,0.007272627204656601
GAS,BAD,UCB_WITHOUT_VAE_UNCERTAINTY,50,Q loss,188,0.009426256641745567
GAS,BAD,UCB_WITHOUT_VAE_UNCERTAINTY,50,Q loss,189,0.013953329995274544
GAS,BAD,UCB_WITHOUT_VAE_UNCERTAINTY,50,Q loss,190,0.021560631692409515
GAS,BAD,UCB_WITHOUT_VAE_UNCERTAINTY,50,Q loss,191,0.013794452883303165
GAS,BAD,UCB_WITHOUT_VAE_UNCERTAINTY,50,Q loss,192,0.028699330985546112
GAS,BAD,UCB_WITHOUT_VAE_UNCERTAINTY,50,Q loss,193,0.04342466592788696
GAS,BAD,UCB_WITHOUT_VAE_UNCERTAINTY,50,Q loss,194,0.022775012999773026
GAS,BAD,UCB_WITHOUT_VAE_UNCERTAINTY,50,Q loss,195,0.03478270024061203
GAS,BAD,UCB_WITHOUT_VAE_UNCERTAINTY,50,Q loss,196,0.02894831821322441
GAS,BAD,UCB_WITHOUT_VAE_UNCERTAINTY,50,Q loss,197,0.027643918991088867
GAS,BAD,UCB_WITHOUT_VAE_UNCERTAINTY,50,Q loss,198,0.00646137073636055
GAS,BAD,UCB_WITHOUT_VAE_UNCERTAINTY,50,Q loss,199,0.0033219694159924984
GAS,BAD,UCB_WITHOUT_VAE_UNCERTAINTY,50,Q loss,200,0.008680492639541626
GAS,BAD,UCB_WITHOUT_VAE_UNCERTAINTY,50,Q loss,201,0.010644881054759026
GAS,BAD,UCB_WITHOUT_VAE_UNCERTAINTY,50,Q loss,202,0.007178450934588909
GAS,BAD,UCB_WITHOUT_VAE_UNCERTAINTY,50,Q loss,203,0.00581864221021533
GAS,BAD,UCB_WITHOUT_VAE_UNCERTAINTY,50,Q loss,204,0.008889921009540558
GAS,BAD,UCB_WITHOUT_VAE_UNCERTAINTY,50,Q loss,205,0.004628655966371298
GAS,BAD,UCB_WITHOUT_VAE_UNCERTAINTY,50,Q loss,206,0.004343040287494659
GAS,BAD,UCB_WITHOUT_VAE_UNCERTAINTY,50,Q loss,207,0.013642948120832443
GAS,BAD,UCB_WITHOUT_VAE_UNCERTAINTY,50,Q loss,208,0.026108868420124054
GAS,BAD,UCB_WITHOUT_VAE_UNCERTAINTY,50,Q loss,209,0.015577947720885277
GAS,BAD,UCB_WITHOUT_VAE_UNCERTAINTY,50,Q loss,210,0.01924448274075985
GAS,BAD,UCB_WITHOUT_VAE_UNCERTAINTY,50,Q loss,211,0.025012806057929993
GAS,BAD,UCB_WITHOUT_VAE_UNCERTAINTY,50,Q loss,212,0.025655725970864296
GAS,BAD,UCB_WITHOUT_VAE_UNCERTAINTY,50,Q loss,213,0.030156070366501808
GAS,BAD,UCB_WITHOUT_VAE_UNCERTAINTY,50,Q loss,214,0.032130785286426544
GAS,BAD,UCB_WITHOUT_VAE_UNCERTAINTY,50,Q loss,215,0.016985826194286346
GAS,BAD,UCB_WITHOUT_VAE_UNCERTAINTY,50,Q loss,216,0.0078078508377075195
GAS,BAD,UCB_WITHOUT_VAE_UNCERTAINTY,50,Q loss,217,0.0031081801280379295
GAS,BAD,UCB_WITHOUT_VAE_UNCERTAINTY,50,Q loss,218,0.008787620812654495
GAS,BAD,UCB_WITHOUT_VAE_UNCERTAINTY,50,Q loss,219,0.012611810117959976
GAS,BAD,UCB_WITHOUT_VAE_UNCERTAINTY,50,Q loss,220,0.0040097772143781185
GAS,BAD,UCB_WITHOUT_VAE_UNCERTAINTY,50,Q loss,221,0.007508914452046156
GAS,BAD,UCB_WITHOUT_VAE_UNCERTAINTY,50,Q loss,222,0.02174382656812668
GAS,BAD,UCB_WITHOUT_VAE_UNCERTAINTY,50,Q loss,223,0.001138978055678308
GAS,BAD,UCB_WITHOUT_VAE_UNCERTAINTY,50,Q loss,224,0.0023602377623319626
GAS,BAD,UCB_WITHOUT_VAE_UNCERTAINTY,50,Q loss,225,0.011765949428081512
GAS,BAD,UCB_WITHOUT_VAE_UNCERTAINTY,50,Q loss,226,0.010274427011609077
GAS,BAD,UCB_WITHOUT_VAE_UNCERTAINTY,50,Q loss,227,0.019786037504673004
GAS,BAD,UCB_WITHOUT_VAE_UNCERTAINTY,50,Q loss,228,0.022505424916744232
GAS,BAD,UCB_WITHOUT_VAE_UNCERTAINTY,50,Q loss,229,0.018119610846042633
GAS,BAD,UCB_WITHOUT_VAE_UNCERTAINTY,50,Q loss,230,0.011218895204365253
GAS,BAD,UCB_WITHOUT_VAE_UNCERTAINTY,50,Q loss,231,0.014756190590560436
GAS,BAD,UCB_WITHOUT_VAE_UNCERTAINTY,50,Q loss,232,0.028119836002588272
GAS,BAD,UCB_WITHOUT_VAE_UNCERTAINTY,50,Q loss,233,0.016820982098579407
GAS,BAD,UCB_WITHOUT_VAE_UNCERTAINTY,50,Q loss,234,0.004988439381122589
GAS,BAD,UCB_WITHOUT_VAE_UNCERTAINTY,50,Q loss,235,0.002729401458054781
GAS,BAD,UCB_WITHOUT_VAE_UNCERTAINTY,50,Q loss,236,0.005389482714235783
GAS,BAD,UCB_WITHOUT_VAE_UNCERTAINTY,50,Q loss,237,0.009378044866025448
GAS,BAD,UCB_WITHOUT_VAE_UNCERTAINTY,50,Q loss,238,0.0043716817162930965
GAS,BAD,UCB_WITHOUT_VAE_UNCERTAINTY,50,Q loss,239,0.0064253173768520355
GAS,BAD,UCB_WITHOUT_VAE_UNCERTAINTY,50,Q loss,240,0.01291360892355442
GAS,BAD,UCB_WITHOUT_VAE_UNCERTAINTY,50,Q loss,241,0.0033799647353589535
GAS,BAD,UCB_WITHOUT_VAE_UNCERTAINTY,50,Q loss,242,0.004267422016710043
GAS,BAD,UCB_WITHOUT_VAE_UNCERTAINTY,50,Q loss,243,0.012941643595695496
GAS,BAD,UCB_WITHOUT_VAE_UNCERTAINTY,50,Q loss,244,0.012749183923006058
GAS,BAD,UCB_WITHOUT_VAE_UNCERTAINTY,50,Q loss,245,0.016240036115050316
GAS,BAD,UCB_WITHOUT_VAE_UNCERTAINTY,50,Q loss,246,0.01747576706111431
GAS,BAD,UCB_WITHOUT_VAE_UNCERTAINTY,50,Q loss,247,0.016182884573936462
GAS,BAD,UCB_WITHOUT_VAE_UNCERTAINTY,50,Q loss,248,0.013140100985765457
GAS,BAD,UCB_WITHOUT_VAE_UNCERTAINTY,50,Q loss,249,0.01638244092464447
GAS,BAD,UCB_WITHOUT_VAE_UNCERTAINTY,50,Q loss,250,0.013620683923363686
GAS,BAD,UCB_WITHOUT_VAE_UNCERTAINTY,50,Q loss,251,0.010920585133135319
GAS,BAD,UCB_WITHOUT_VAE_UNCERTAINTY,50,Q loss,252,0.002771212952211499
GAS,BAD,UCB_WITHOUT_VAE_UNCERTAINTY,50,Q loss,253,0.003334126900881529
GAS,BAD,UCB_WITHOUT_VAE_UNCERTAINTY,50,Q loss,254,0.003239331068471074
GAS,BAD,UCB_WITHOUT_VAE_UNCERTAINTY,50,Q loss,255,0.009764906950294971
GAS,BAD,UCB_WITHOUT_VAE_UNCERTAINTY,50,Q loss,256,0.003869707928970456
GAS,BAD,UCB_WITHOUT_VAE_UNCERTAINTY,50,Q loss,257,0.0048723481595516205
GAS,BAD,UCB_WITHOUT_VAE_UNCERTAINTY,50,Q loss,258,0.008979499340057373
GAS,BAD,UCB_WITHOUT_VAE_UNCERTAINTY,50,Q loss,259,0.0034483412746340036
GAS,BAD,UCB_WITHOUT_VAE_UNCERTAINTY,50,Q loss,260,0.005262034013867378
GAS,BAD,UCB_WITHOUT_VAE_UNCERTAINTY,50,Q loss,261,0.0022362819872796535
GAS,BAD,UCB_WITHOUT_VAE_UNCERTAINTY,50,Q loss,262,0.02652362361550331
GAS,BAD,UCB_WITHOUT_VAE_UNCERTAINTY,50,Q loss,263,0.010041516274213791
GAS,BAD,UCB_WITHOUT_VAE_UNCERTAINTY,50,Q loss,264,0.007962292060256004
GAS,BAD,UCB_WITHOUT_VAE_UNCERTAINTY,50,Q loss,265,0.013567237183451653
GAS,BAD,UCB_WITHOUT_VAE_UNCERTAINTY,50,Q loss,266,0.012351702898740768
GAS,BAD,UCB_WITHOUT_VAE_UNCERTAINTY,50,Q loss,267,0.010305015370249748
GAS,BAD,UCB_WITHOUT_VAE_UNCERTAINTY,50,Q loss,268,0.014213078655302525
GAS,BAD,UCB_WITHOUT_VAE_UNCERTAINTY,50,Q loss,269,0.024645177647471428
GAS,BAD,UCB_WITHOUT_VAE_UNCERTAINTY,50,Q loss,270,0.0037611867301166058
GAS,BAD,UCB_WITHOUT_VAE_UNCERTAINTY,50,Q loss,271,0.003450742457062006
GAS,BAD,UCB_WITHOUT_VAE_UNCERTAINTY,50,Q loss,272,0.004956434480845928
GAS,BAD,UCB_WITHOUT_VAE_UNCERTAINTY,50,Q loss,273,0.01056746393442154
GAS,BAD,UCB_WITHOUT_VAE_UNCERTAINTY,50,Q loss,274,0.007481456734240055
GAS,BAD,UCB_WITHOUT_VAE_UNCERTAINTY,50,Q loss,275,0.008353255689144135
GAS,BAD,UCB_WITHOUT_VAE_UNCERTAINTY,50,Q loss,276,0.0013457457534968853
GAS,BAD,UCB_WITHOUT_VAE_UNCERTAINTY,50,Q loss,277,0.004750856664031744
GAS,BAD,UCB_WITHOUT_VAE_UNCERTAINTY,50,Q loss,278,0.003554979572072625
GAS,BAD,UCB_WITHOUT_VAE_UNCERTAINTY,50,Q loss,279,0.0064914170652627945
GAS,BAD,UCB_WITHOUT_VAE_UNCERTAINTY,50,Q loss,280,0.014657650142908096
GAS,BAD,UCB_WITHOUT_VAE_UNCERTAINTY,50,Q loss,281,0.005818965379148722
GAS,BAD,UCB_WITHOUT_VAE_UNCERTAINTY,50,Q loss,282,0.01889306679368019
GAS,BAD,UCB_WITHOUT_VAE_UNCERTAINTY,50,Q loss,283,0.017860781401395798
GAS,BAD,UCB_WITHOUT_VAE_UNCERTAINTY,50,Q loss,284,0.02233596332371235
GAS,BAD,UCB_WITHOUT_VAE_UNCERTAINTY,50,Q loss,285,0.005938423797488213
GAS,BAD,UCB_WITHOUT_VAE_UNCERTAINTY,50,Q loss,286,0.00805080309510231
GAS,BAD,UCB_WITHOUT_VAE_UNCERTAINTY,50,Q loss,287,0.022714905440807343
GAS,BAD,UCB_WITHOUT_VAE_UNCERTAINTY,50,Q loss,288,0.005491463467478752
GAS,BAD,UCB_WITHOUT_VAE_UNCERTAINTY,50,Q loss,289,0.0028013165574520826
GAS,BAD,UCB_WITHOUT_VAE_UNCERTAINTY,50,Q loss,290,0.005678677931427956
GAS,BAD,UCB_WITHOUT_VAE_UNCERTAINTY,50,Q loss,291,0.010333032347261906
GAS,BAD,UCB_WITHOUT_VAE_UNCERTAINTY,50,Q loss,292,0.0036680621560662985
GAS,BAD,UCB_WITHOUT_VAE_UNCERTAINTY,50,Q loss,293,0.004795420914888382
GAS,BAD,UCB_WITHOUT_VAE_UNCERTAINTY,50,Q loss,294,0.009035687893629074
GAS,BAD,UCB_WITHOUT_VAE_UNCERTAINTY,50,Q loss,295,0.004050183109939098
GAS,BAD,UCB_WITHOUT_VAE_UNCERTAINTY,50,Q loss,296,0.002096492564305663
GAS,BAD,UCB_WITHOUT_VAE_UNCERTAINTY,50,Q loss,297,0.0020863076206296682
GAS,BAD,UCB_WITHOUT_VAE_UNCERTAINTY,50,Q loss,298,0.008913015946745872
GAS,BAD,UCB_WITHOUT_VAE_UNCERTAINTY,50,Q loss,299,0.014545002952218056
GAS,BAD,UCB_WITHOUT_VAE_UNCERTAINTY,50,Q loss,300,0.017317209392786026
GAS,BAD,UCB_WITHOUT_VAE_UNCERTAINTY,50,Q loss,301,0.009494304656982422
GAS,BAD,UCB_WITHOUT_VAE_UNCERTAINTY,50,Q loss,302,0.010694765485823154
GAS,BAD,UCB_WITHOUT_VAE_UNCERTAINTY,50,Q loss,303,0.006321578752249479
GAS,BAD,UCB_WITHOUT_VAE_UNCERTAINTY,50,Q loss,304,0.01974629983305931
GAS,BAD,UCB_WITHOUT_VAE_UNCERTAINTY,50,Q loss,305,0.010626375675201416
GAS,BAD,UCB_WITHOUT_VAE_UNCERTAINTY,50,Q loss,306,0.003168499795719981
GAS,BAD,UCB_WITHOUT_VAE_UNCERTAINTY,50,Q loss,307,0.0026063178665935993
GAS,BAD,UCB_WITHOUT_VAE_UNCERTAINTY,50,Q loss,308,0.0025903847999870777
GAS,BAD,UCB_WITHOUT_VAE_UNCERTAINTY,50,Q loss,309,0.005522772204130888
GAS,BAD,UCB_WITHOUT_VAE_UNCERTAINTY,50,Q loss,310,0.005234025418758392
GAS,BAD,UCB_WITHOUT_VAE_UNCERTAINTY,50,Q loss,311,0.006808272562921047
GAS,BAD,UCB_WITHOUT_VAE_UNCERTAINTY,50,Q loss,312,0.009089063853025436
GAS,BAD,UCB_WITHOUT_VAE_UNCERTAINTY,50,Q loss,313,0.004116833675652742
GAS,BAD,UCB_WITHOUT_VAE_UNCERTAINTY,50,Q loss,314,0.0039841895923018456
GAS,BAD,UCB_WITHOUT_VAE_UNCERTAINTY,50,Q loss,315,0.010816715657711029
GAS,BAD,UCB_WITHOUT_VAE_UNCERTAINTY,50,Q loss,316,0.006819268688559532
GAS,BAD,UCB_WITHOUT_VAE_UNCERTAINTY,50,Q loss,317,0.0024016457609832287
GAS,BAD,UCB_WITHOUT_VAE_UNCERTAINTY,50,Q loss,318,0.016713276505470276
GAS,BAD,UCB_WITHOUT_VAE_UNCERTAINTY,50,Q loss,319,0.01486807782202959
GAS,BAD,UCB_WITHOUT_VAE_UNCERTAINTY,50,Q loss,320,0.005000776145607233
GAS,BAD,UCB_WITHOUT_VAE_UNCERTAINTY,50,Q loss,321,0.009659742005169392
GAS,BAD,UCB_WITHOUT_VAE_UNCERTAINTY,50,Q loss,322,0.010312969796359539
GAS,BAD,UCB_WITHOUT_VAE_UNCERTAINTY,50,Q loss,323,0.023748235777020454
GAS,BAD,UCB_WITHOUT_VAE_UNCERTAINTY,50,Q loss,324,0.004434449598193169
GAS,BAD,UCB_WITHOUT_VAE_UNCERTAINTY,50,Q loss,325,0.0037199705839157104
GAS,BAD,UCB_WITHOUT_VAE_UNCERTAINTY,50,Q loss,326,0.004881452769041061
GAS,BAD,UCB_WITHOUT_VAE_UNCERTAINTY,50,Q loss,327,0.0047660451382398605
GAS,BAD,UCB_WITHOUT_VAE_UNCERTAINTY,50,Q loss,328,0.0029838618356734514
GAS,BAD,UCB_WITHOUT_VAE_UNCERTAINTY,50,Q loss,329,0.006263328716158867
GAS,BAD,UCB_WITHOUT_VAE_UNCERTAINTY,50,Q loss,330,0.012172000482678413
GAS,BAD,UCB_WITHOUT_VAE_UNCERTAINTY,50,Q loss,331,0.00642471294850111
GAS,BAD,UCB_WITHOUT_VAE_UNCERTAINTY,50,Q loss,332,0.0077802930027246475
GAS,BAD,UCB_WITHOUT_VAE_UNCERTAINTY,50,Q loss,333,0.0024127920623868704
GAS,BAD,UCB_WITHOUT_VAE_UNCERTAINTY,50,Q loss,334,0.012346114963293076
GAS,BAD,UCB_WITHOUT_VAE_UNCERTAINTY,50,Q loss,335,0.008780278265476227
GAS,BAD,UCB_WITHOUT_VAE_UNCERTAINTY,50,Q loss,336,0.013394391164183617
GAS,BAD,UCB_WITHOUT_VAE_UNCERTAINTY,50,Q loss,337,0.009874667972326279
GAS,BAD,UCB_WITHOUT_VAE_UNCERTAINTY,50,Q loss,338,0.011879876255989075
GAS,BAD,UCB_WITHOUT_VAE_UNCERTAINTY,50,Q loss,339,0.009898293763399124
GAS,BAD,UCB_WITHOUT_VAE_UNCERTAINTY,50,Q loss,340,0.005489443428814411
GAS,BAD,UCB_WITHOUT_VAE_UNCERTAINTY,50,Q loss,341,0.007832429371774197
GAS,BAD,UCB_WITHOUT_VAE_UNCERTAINTY,50,Q loss,342,0.00260380981490016
GAS,BAD,UCB_WITHOUT_VAE_UNCERTAINTY,50,Q loss,343,0.002559250220656395
GAS,BAD,UCB_WITHOUT_VAE_UNCERTAINTY,50,Q loss,344,0.002475711517035961
GAS,BAD,UCB_WITHOUT_VAE_UNCERTAINTY,50,Q loss,345,0.00632867868989706
GAS,BAD,UCB_WITHOUT_VAE_UNCERTAINTY,50,Q loss,346,0.0031085461378097534
GAS,BAD,UCB_WITHOUT_VAE_UNCERTAINTY,50,Q loss,347,0.004257511347532272
GAS,BAD,UCB_WITHOUT_VAE_UNCERTAINTY,50,Q loss,348,0.006075981073081493
GAS,BAD,UCB_WITHOUT_VAE_UNCERTAINTY,50,Q loss,349,0.007079417817294598
GAS,BAD,UCB_WITHOUT_VAE_UNCERTAINTY,50,Q loss,350,0.002362932078540325
GAS,BAD,UCB_WITHOUT_VAE_UNCERTAINTY,50,Q loss,351,0.010406910441815853
GAS,BAD,UCB_WITHOUT_VAE_UNCERTAINTY,50,Q loss,352,0.007338462397456169
GAS,BAD,UCB_WITHOUT_VAE_UNCERTAINTY,50,Q loss,353,0.004514514934271574
GAS,BAD,UCB_WITHOUT_VAE_UNCERTAINTY,50,Q loss,354,0.014540182426571846
GAS,BAD,UCB_WITHOUT_VAE_UNCERTAINTY,50,Q loss,355,0.00966674368828535
GAS,BAD,UCB_WITHOUT_VAE_UNCERTAINTY,50,Q loss,356,0.011770607903599739
GAS,BAD,UCB_WITHOUT_VAE_UNCERTAINTY,50,Q loss,357,0.011280094273388386
GAS,BAD,UCB_WITHOUT_VAE_UNCERTAINTY,50,Q loss,358,0.00765227060765028
GAS,BAD,UCB_WITHOUT_VAE_UNCERTAINTY,50,Q loss,359,0.011517783626914024
GAS,BAD,UCB_WITHOUT_VAE_UNCERTAINTY,50,Q loss,360,0.0042780800722539425
GAS,BAD,UCB_WITHOUT_VAE_UNCERTAINTY,50,Q loss,361,0.0009156136075034738
GAS,BAD,UCB_WITHOUT_VAE_UNCERTAINTY,50,Q loss,362,0.004061413928866386
GAS,BAD,UCB_WITHOUT_VAE_UNCERTAINTY,50,Q loss,363,0.005717140156775713
GAS,BAD,UCB_WITHOUT_VAE_UNCERTAINTY,50,Q loss,364,0.005334857851266861
GAS,BAD,UCB_WITHOUT_VAE_UNCERTAINTY,50,Q loss,365,0.0082984808832407
GAS,BAD,UCB_WITHOUT_VAE_UNCERTAINTY,50,Q loss,366,0.00932689942419529
GAS,BAD,UCB_WITHOUT_VAE_UNCERTAINTY,50,Q loss,367,0.004819080233573914
GAS,BAD,UCB_WITHOUT_VAE_UNCERTAINTY,50,Q loss,368,0.007351737469434738
GAS,BAD,UCB_WITHOUT_VAE_UNCERTAINTY,50,Q loss,369,0.011088395491242409
GAS,BAD,UCB_WITHOUT_VAE_UNCERTAINTY,50,Q loss,370,0.01319137029349804
GAS,BAD,UCB_WITHOUT_VAE_UNCERTAINTY,50,Q loss,371,0.006601652596145868
GAS,BAD,UCB_WITHOUT_VAE_UNCERTAINTY,50,Q loss,372,0.01687217876315117
GAS,BAD,UCB_WITHOUT_VAE_UNCERTAINTY,50,Q loss,373,0.006718461401760578
GAS,BAD,UCB_WITHOUT_VAE_UNCERTAINTY,50,Q loss,374,0.0073097385466098785
GAS,BAD,UCB_WITHOUT_VAE_UNCERTAINTY,50,Q loss,375,0.01493770256638527
GAS,BAD,UCB_WITHOUT_VAE_UNCERTAINTY,50,Q loss,376,0.013366024941205978
GAS,BAD,UCB_WITHOUT_VAE_UNCERTAINTY,50,Q loss,377,0.004902619402855635
GAS,BAD,UCB_WITHOUT_VAE_UNCERTAINTY,50,Q loss,378,0.0032091992907226086
GAS,BAD,UCB_WITHOUT_VAE_UNCERTAINTY,50,Q loss,379,0.002724352292716503
GAS,BAD,UCB_WITHOUT_VAE_UNCERTAINTY,50,Q loss,380,0.002131459768861532
GAS,BAD,UCB_WITHOUT_VAE_UNCERTAINTY,50,Q loss,381,0.006845610216259956
GAS,BAD,UCB_WITHOUT_VAE_UNCERTAINTY,50,Q loss,382,0.002369486726820469
GAS,BAD,UCB_WITHOUT_VAE_UNCERTAINTY,50,Q loss,383,0.004510947503149509
GAS,BAD,UCB_WITHOUT_VAE_UNCERTAINTY,50,Q loss,384,0.009232190437614918
GAS,BAD,UCB_WITHOUT_VAE_UNCERTAINTY,50,Q loss,385,0.0030816122889518738
GAS,BAD,UCB_WITHOUT_VAE_UNCERTAINTY,50,Q loss,386,0.002149658277630806
GAS,BAD,UCB_WITHOUT_VAE_UNCERTAINTY,50,Q loss,387,0.002416659379377961
GAS,BAD,UCB_WITHOUT_VAE_UNCERTAINTY,50,Q loss,388,0.0029120182152837515
GAS,BAD,UCB_WITHOUT_VAE_UNCERTAINTY,50,Q loss,389,0.012438465841114521
GAS,BAD,UCB_WITHOUT_VAE_UNCERTAINTY,50,Q loss,390,0.005542732309550047
GAS,BAD,UCB_WITHOUT_VAE_UNCERTAINTY,50,Q loss,391,0.0047090500593185425
GAS,BAD,UCB_WITHOUT_VAE_UNCERTAINTY,50,Q loss,392,0.008902853354811668
GAS,BAD,UCB_WITHOUT_VAE_UNCERTAINTY,50,Q loss,393,0.003520649392157793
GAS,BAD,UCB_WITHOUT_VAE_UNCERTAINTY,50,Q loss,394,0.013315179385244846
GAS,BAD,UCB_WITHOUT_VAE_UNCERTAINTY,50,Q loss,395,0.00625203363597393
GAS,BAD,UCB_WITHOUT_VAE_UNCERTAINTY,50,Q loss,396,0.0025099741760641336
GAS,BAD,UCB_WITHOUT_VAE_UNCERTAINTY,50,Q loss,397,0.0018695155158638954
GAS,BAD,UCB_WITHOUT_VAE_UNCERTAINTY,50,Q loss,398,0.006971941329538822
GAS,BAD,UCB_WITHOUT_VAE_UNCERTAINTY,50,Q loss,399,0.004865922965109348
GAS,BAD,UCB_WITHOUT_VAE_UNCERTAINTY,50,Q loss,400,0.001799037796445191
GAS,BAD,UCB_WITHOUT_VAE_UNCERTAINTY,50,Q loss,401,0.003597510978579521
GAS,BAD,UCB_WITHOUT_VAE_UNCERTAINTY,50,Q loss,402,0.008959277532994747
GAS,BAD,UCB_WITHOUT_VAE_UNCERTAINTY,50,Q loss,403,0.0019435362191870809
GAS,BAD,UCB_WITHOUT_VAE_UNCERTAINTY,50,Q loss,404,0.0031259965617209673
GAS,BAD,UCB_WITHOUT_VAE_UNCERTAINTY,50,Q loss,405,0.013991197571158409
GAS,BAD,UCB_WITHOUT_VAE_UNCERTAINTY,50,Q loss,406,0.003003515535965562
GAS,BAD,UCB_WITHOUT_VAE_UNCERTAINTY,50,Q loss,407,0.007520757615566254
GAS,BAD,UCB_WITHOUT_VAE_UNCERTAINTY,50,Q loss,408,0.009534111246466637
GAS,BAD,UCB_WITHOUT_VAE_UNCERTAINTY,50,Q loss,409,0.0093209408223629
GAS,BAD,UCB_WITHOUT_VAE_UNCERTAINTY,50,Q loss,410,0.008410411886870861
GAS,BAD,UCB_WITHOUT_VAE_UNCERTAINTY,50,Q loss,411,0.007841122336685658
GAS,BAD,UCB_WITHOUT_VAE_UNCERTAINTY,50,Q loss,412,0.015592114999890327
GAS,BAD,UCB_WITHOUT_VAE_UNCERTAINTY,50,Q loss,413,0.00711266091093421
GAS,BAD,UCB_WITHOUT_VAE_UNCERTAINTY,50,Q loss,414,0.003929080907255411
GAS,BAD,UCB_WITHOUT_VAE_UNCERTAINTY,50,Q loss,415,0.0012617392931133509
GAS,BAD,UCB_WITHOUT_VAE_UNCERTAINTY,50,Q loss,416,0.003035652916878462
GAS,BAD,UCB_WITHOUT_VAE_UNCERTAINTY,50,Q loss,417,0.006244184449315071
GAS,BAD,UCB_WITHOUT_VAE_UNCERTAINTY,50,Q loss,418,0.004120816010981798
GAS,BAD,UCB_WITHOUT_VAE_UNCERTAINTY,50,Q loss,419,0.0052949534729123116
GAS,BAD,UCB_WITHOUT_VAE_UNCERTAINTY,50,Q loss,420,0.0013529304414987564
GAS,BAD,UCB_WITHOUT_VAE_UNCERTAINTY,50,Q loss,421,0.006102229002863169
GAS,BAD,UCB_WITHOUT_VAE_UNCERTAINTY,50,Q loss,422,0.0011123087024316192
GAS,BAD,UCB_WITHOUT_VAE_UNCERTAINTY,50,Q loss,423,0.004980727098882198
GAS,BAD,UCB_WITHOUT_VAE_UNCERTAINTY,50,Q loss,424,0.005649668164551258
GAS,BAD,UCB_WITHOUT_VAE_UNCERTAINTY,50,Q loss,425,0.010338840074837208
GAS,BAD,UCB_WITHOUT_VAE_UNCERTAINTY,50,Q loss,426,0.010902168229222298
GAS,BAD,UCB_WITHOUT_VAE_UNCERTAINTY,50,Q loss,427,0.0068359412252902985
GAS,BAD,UCB_WITHOUT_VAE_UNCERTAINTY,50,Q loss,428,0.010369986295700073
GAS,BAD,UCB_WITHOUT_VAE_UNCERTAINTY,50,Q loss,429,0.00847097672522068
GAS,BAD,UCB_WITHOUT_VAE_UNCERTAINTY,50,Q loss,430,0.0026083621196448803
GAS,BAD,UCB_WITHOUT_VAE_UNCERTAINTY,50,Q loss,431,0.016180571168661118
GAS,BAD,UCB_WITHOUT_VAE_UNCERTAINTY,50,Q loss,432,0.005072517786175013
GAS,BAD,UCB_WITHOUT_VAE_UNCERTAINTY,50,Q loss,433,0.0025331664364784956
GAS,BAD,UCB_WITHOUT_VAE_UNCERTAINTY,50,Q loss,434,0.002450929256156087
GAS,BAD,UCB_WITHOUT_VAE_UNCERTAINTY,50,Q loss,435,0.007172867190092802
GAS,BAD,UCB_WITHOUT_VAE_UNCERTAINTY,50,Q loss,436,0.001307655475102365
GAS,BAD,UCB_WITHOUT_VAE_UNCERTAINTY,50,Q loss,437,0.005305187311023474
GAS,BAD,UCB_WITHOUT_VAE_UNCERTAINTY,50,Q loss,438,0.004175275098532438
GAS,BAD,UCB_WITHOUT_VAE_UNCERTAINTY,50,Q loss,439,0.003855039132758975
GAS,BAD,UCB_WITHOUT_VAE_UNCERTAINTY,50,Q loss,440,0.006575404200702906
GAS,BAD,UCB_WITHOUT_VAE_UNCERTAINTY,50,Q loss,441,0.015158838592469692
GAS,BAD,UCB_WITHOUT_VAE_UNCERTAINTY,50,Q loss,442,0.017674336209893227
GAS,BAD,UCB_WITHOUT_VAE_UNCERTAINTY,50,Q loss,443,0.003721225541085005
GAS,BAD,UCB_WITHOUT_VAE_UNCERTAINTY,50,Q loss,444,0.006574038416147232
GAS,BAD,UCB_WITHOUT_VAE_UNCERTAINTY,50,Q loss,445,0.005770474672317505
GAS,BAD,UCB_WITHOUT_VAE_UNCERTAINTY,50,Q loss,446,0.020436886698007584
GAS,BAD,UCB_WITHOUT_VAE_UNCERTAINTY,50,Q loss,447,0.030790181830525398
GAS,BAD,UCB_WITHOUT_VAE_UNCERTAINTY,50,Q loss,448,0.010216810740530491
GAS,BAD,UCB_WITHOUT_VAE_UNCERTAINTY,50,Q loss,449,0.00841711275279522
GAS,BAD,UCB_WITHOUT_VAE_UNCERTAINTY,50,Q loss,450,0.0029637913685292006
GAS,BAD,UCB_WITHOUT_VAE_UNCERTAINTY,50,Q loss,451,0.0011590577196329832
GAS,BAD,UCB_WITHOUT_VAE_UNCERTAINTY,50,Q loss,452,0.0033799302764236927
GAS,BAD,UCB_WITHOUT_VAE_UNCERTAINTY,50,Q loss,453,0.004260704852640629
GAS,BAD,UCB_WITHOUT_VAE_UNCERTAINTY,50,Q loss,454,0.006132838316261768
GAS,BAD,UCB_WITHOUT_VAE_UNCERTAINTY,50,Q loss,455,0.0014270222745835781
GAS,BAD,UCB_WITHOUT_VAE_UNCERTAINTY,50,Q loss,456,0.00644396897405386
GAS,BAD,UCB_WITHOUT_VAE_UNCERTAINTY,50,Q loss,457,0.003932858817279339
GAS,BAD,UCB_WITHOUT_VAE_UNCERTAINTY,50,Q loss,458,0.0038894368335604668
GAS,BAD,UCB_WITHOUT_VAE_UNCERTAINTY,50,Q loss,459,0.007039665710180998
GAS,BAD,UCB_WITHOUT_VAE_UNCERTAINTY,50,Q loss,460,0.005299758166074753
GAS,BAD,UCB_WITHOUT_VAE_UNCERTAINTY,50,Q loss,461,0.005515266675502062
GAS,BAD,UCB_WITHOUT_VAE_UNCERTAINTY,50,Q loss,462,0.019374869763851166
GAS,BAD,UCB_WITHOUT_VAE_UNCERTAINTY,50,Q loss,463,0.006837486755102873
GAS,BAD,UCB_WITHOUT_VAE_UNCERTAINTY,50,Q loss,464,0.006383022293448448
GAS,BAD,UCB_WITHOUT_VAE_UNCERTAINTY,50,Q loss,465,0.011955751106142998
GAS,BAD,UCB_WITHOUT_VAE_UNCERTAINTY,50,Q loss,466,0.014620354399085045
GAS,BAD,UCB_WITHOUT_VAE_UNCERTAINTY,50,Q loss,467,0.026550069451332092
GAS,BAD,UCB_WITHOUT_VAE_UNCERTAINTY,50,Q loss,468,0.005806751549243927
GAS,BAD,UCB_WITHOUT_VAE_UNCERTAINTY,50,Q loss,469,0.0011335735907778144
GAS,BAD,UCB_WITHOUT_VAE_UNCERTAINTY,50,Q loss,470,0.0031905383802950382
GAS,BAD,UCB_WITHOUT_VAE_UNCERTAINTY,50,Q loss,471,0.005200597923249006
GAS,BAD,UCB_WITHOUT_VAE_UNCERTAINTY,50,Q loss,472,0.0027475031092762947
GAS,BAD,UCB_WITHOUT_VAE_UNCERTAINTY,50,Q loss,473,0.00185422133654356
GAS,BAD,UCB_WITHOUT_VAE_UNCERTAINTY,50,Q loss,474,0.005289523862302303
GAS,BAD,UCB_WITHOUT_VAE_UNCERTAINTY,50,Q loss,475,0.007267211098223925
GAS,BAD,UCB_WITHOUT_VAE_UNCERTAINTY,50,Q loss,476,0.0023022019304335117
GAS,BAD,UCB_WITHOUT_VAE_UNCERTAINTY,50,Q loss,477,0.007287836633622646
GAS,BAD,UCB_WITHOUT_VAE_UNCERTAINTY,50,Q loss,478,0.0013978775823488832
GAS,BAD,UCB_WITHOUT_VAE_UNCERTAINTY,50,Q loss,479,0.007445853669196367
GAS,BAD,UCB_WITHOUT_VAE_UNCERTAINTY,50,Q loss,480,0.0071104587987065315
GAS,BAD,UCB_WITHOUT_VAE_UNCERTAINTY,50,Q loss,481,0.014663677662611008
GAS,BAD,UCB_WITHOUT_VAE_UNCERTAINTY,50,Q loss,482,0.0016450876137241721
GAS,BAD,UCB_WITHOUT_VAE_UNCERTAINTY,50,Q loss,483,0.008885309100151062
GAS,BAD,UCB_WITHOUT_VAE_UNCERTAINTY,50,Q loss,484,0.004746934864670038
GAS,BAD,UCB_WITHOUT_VAE_UNCERTAINTY,50,Q loss,485,0.002174225402995944
GAS,BAD,UCB_WITHOUT_VAE_UNCERTAINTY,50,Q loss,486,0.001854001428000629
GAS,BAD,UCB_WITHOUT_VAE_UNCERTAINTY,50,Q loss,487,0.0028885970823466778
GAS,BAD,UCB_WITHOUT_VAE_UNCERTAINTY,50,Q loss,488,0.0029160245321691036
GAS,BAD,UCB_WITHOUT_VAE_UNCERTAINTY,50,Q loss,489,0.007632090710103512
GAS,BAD,UCB_WITHOUT_VAE_UNCERTAINTY,50,Q loss,490,0.004475440364331007
GAS,BAD,UCB_WITHOUT_VAE_UNCERTAINTY,50,Q loss,491,0.0052198865450918674
GAS,BAD,UCB_WITHOUT_VAE_UNCERTAINTY,50,Q loss,492,0.005957324057817459
GAS,BAD,UCB_WITHOUT_VAE_UNCERTAINTY,50,Q loss,493,0.005516544915735722
GAS,BAD,UCB_WITHOUT_VAE_UNCERTAINTY,50,Q loss,494,0.0056731984950602055
GAS,BAD,UCB_WITHOUT_VAE_UNCERTAINTY,50,Q loss,495,0.002202218398451805
GAS,BAD,UCB_WITHOUT_VAE_UNCERTAINTY,50,Q loss,496,0.013928890228271484
GAS,BAD,UCB_WITHOUT_VAE_UNCERTAINTY,50,Q loss,497,0.004601334221661091
GAS,BAD,UCB_WITHOUT_VAE_UNCERTAINTY,50,Q loss,498,0.013178544119000435
GAS,BAD,UCB_WITHOUT_VAE_UNCERTAINTY,50,Q loss,499,0.006636090110987425
GAS,BAD,UCB_WITHOUT_VAE_UNCERTAINTY,50,Q loss,500,0.00401705875992775
GAS,BAD,UCB_WITHOUT_VAE_UNCERTAINTY,50,Q loss,501,0.008250346407294273
GAS,BAD,UCB_WITHOUT_VAE_UNCERTAINTY,50,Q loss,502,0.011867598630487919
GAS,BAD,UCB_WITHOUT_VAE_UNCERTAINTY,50,Q loss,503,0.007975146174430847
GAS,BAD,UCB_WITHOUT_VAE_UNCERTAINTY,50,Q loss,504,0.0034487824887037277
GAS,BAD,UCB_WITHOUT_VAE_UNCERTAINTY,50,Q loss,505,0.0007669177721254528
GAS,BAD,UCB_WITHOUT_VAE_UNCERTAINTY,50,Q loss,506,0.0032602259889245033
GAS,BAD,UCB_WITHOUT_VAE_UNCERTAINTY,50,Q loss,507,0.0062857638113200665
GAS,BAD,UCB_WITHOUT_VAE_UNCERTAINTY,50,Q loss,508,0.0012324359267950058
GAS,BAD,UCB_WITHOUT_VAE_UNCERTAINTY,50,Q loss,509,0.005758871324360371
GAS,BAD,UCB_WITHOUT_VAE_UNCERTAINTY,50,Q loss,510,0.00626691710203886
GAS,BAD,UCB_WITHOUT_VAE_UNCERTAINTY,50,Q loss,511,0.002097163815051317
GAS,BAD,UCB_WITHOUT_VAE_UNCERTAINTY,50,Q loss,512,0.0008261678158305585
GAS,BAD,UCB_WITHOUT_VAE_UNCERTAINTY,50,Q loss,513,0.006053277291357517
GAS,BAD,UCB_WITHOUT_VAE_UNCERTAINTY,50,Q loss,514,0.007266895845532417
GAS,BAD,UCB_WITHOUT_VAE_UNCERTAINTY,50,Q loss,515,0.009003812447190285
GAS,BAD,UCB_WITHOUT_VAE_UNCERTAINTY,50,Q loss,516,0.0032057035714387894
GAS,BAD,UCB_WITHOUT_VAE_UNCERTAINTY,50,Q loss,517,0.009755028411746025
GAS,BAD,UCB_WITHOUT_VAE_UNCERTAINTY,50,Q loss,518,0.010559930466115475
GAS,BAD,UCB_WITHOUT_VAE_UNCERTAINTY,50,Q loss,519,0.006954220123589039
GAS,BAD,UCB_WITHOUT_VAE_UNCERTAINTY,50,Q loss,520,0.010192926973104477
GAS,BAD,UCB_WITHOUT_VAE_UNCERTAINTY,50,Q loss,521,0.017482180148363113
GAS,BAD,UCB_WITHOUT_VAE_UNCERTAINTY,50,Q loss,522,0.0023881264496594667
GAS,BAD,UCB_WITHOUT_VAE_UNCERTAINTY,50,Q loss,523,0.0024492801167070866
GAS,BAD,UCB_WITHOUT_VAE_UNCERTAINTY,50,Q loss,524,0.0040434482507407665
GAS,BAD,UCB_WITHOUT_VAE_UNCERTAINTY,50,Q loss,525,0.005779981147497892
GAS,BAD,UCB_WITHOUT_VAE_UNCERTAINTY,50,Q loss,526,0.002724213059991598
GAS,BAD,UCB_WITHOUT_VAE_UNCERTAINTY,50,Q loss,527,0.0037316554225981236
GAS,BAD,UCB_WITHOUT_VAE_UNCERTAINTY,50,Q loss,528,0.005199834238737822
GAS,BAD,UCB_WITHOUT_VAE_UNCERTAINTY,50,Q loss,529,0.0011903968406841159
GAS,BAD,UCB_WITHOUT_VAE_UNCERTAINTY,50,Q loss,530,0.0023906216956675053
GAS,BAD,UCB_WITHOUT_VAE_UNCERTAINTY,50,Q loss,531,0.0010235088411718607
GAS,BAD,UCB_WITHOUT_VAE_UNCERTAINTY,50,Q loss,532,0.0026037581264972687
GAS,BAD,UCB_WITHOUT_VAE_UNCERTAINTY,50,Q loss,533,0.00405951077118516
GAS,BAD,UCB_WITHOUT_VAE_UNCERTAINTY,50,Q loss,534,0.009023421443998814
GAS,BAD,UCB_WITHOUT_VAE_UNCERTAINTY,50,Q loss,535,0.005273828748613596
GAS,BAD,UCB_WITHOUT_VAE_UNCERTAINTY,50,Q loss,536,0.010147280991077423
GAS,BAD,UCB_WITHOUT_VAE_UNCERTAINTY,50,Q loss,537,0.005087174009531736
GAS,BAD,UCB_WITHOUT_VAE_UNCERTAINTY,50,Q loss,538,0.01659020595252514
GAS,BAD,UCB_WITHOUT_VAE_UNCERTAINTY,50,Q loss,539,0.012504632584750652
GAS,BAD,UCB_WITHOUT_VAE_UNCERTAINTY,50,Q loss,540,0.0019848248921334743
GAS,BAD,UCB_WITHOUT_VAE_UNCERTAINTY,50,Q loss,541,0.001564138918183744
GAS,BAD,UCB_WITHOUT_VAE_UNCERTAINTY,50,Q loss,542,0.004908501170575619
GAS,BAD,UCB_WITHOUT_VAE_UNCERTAINTY,50,Q loss,543,0.005601125303655863
GAS,BAD,UCB_WITHOUT_VAE_UNCERTAINTY,50,Q loss,544,0.003366948803886771
GAS,BAD,UCB_WITHOUT_VAE_UNCERTAINTY,50,Q loss,545,0.0036241484340280294
GAS,BAD,UCB_WITHOUT_VAE_UNCERTAINTY,50,Q loss,546,0.005654801148921251
GAS,BAD,UCB_WITHOUT_VAE_UNCERTAINTY,50,Q loss,547,0.004971454385668039
GAS,BAD,UCB_WITHOUT_VAE_UNCERTAINTY,50,Q loss,548,0.0011675548739731312
GAS,BAD,UCB_WITHOUT_VAE_UNCERTAINTY,50,Q loss,549,0.003936126362532377
GAS,BAD,UCB_WITHOUT_VAE_UNCERTAINTY,50,Q loss,550,0.0049789901822805405
GAS,BAD,UCB_WITHOUT_VAE_UNCERTAINTY,50,Q loss,551,0.004563102498650551
GAS,BAD,UCB_WITHOUT_VAE_UNCERTAINTY,50,Q loss,552,0.00890367105603218
GAS,BAD,UCB_WITHOUT_VAE_UNCERTAINTY,50,Q loss,553,0.015547888353466988
GAS,BAD,UCB_WITHOUT_VAE_UNCERTAINTY,50,Q loss,554,0.008846931159496307
GAS,BAD,UCB_WITHOUT_VAE_UNCERTAINTY,50,Q loss,555,0.010953595861792564
GAS,BAD,UCB_WITHOUT_VAE_UNCERTAINTY,50,Q loss,556,0.001979297958314419
GAS,BAD,UCB_WITHOUT_VAE_UNCERTAINTY,50,Q loss,557,0.020924068987369537
GAS,BAD,UCB_WITHOUT_VAE_UNCERTAINTY,50,Q loss,558,0.0038777105510234833
GAS,BAD,UCB_WITHOUT_VAE_UNCERTAINTY,50,Q loss,559,0.002884543500840664
GAS,BAD,UCB_WITHOUT_VAE_UNCERTAINTY,50,Q loss,560,0.005777866113930941
GAS,BAD,UCB_WITHOUT_VAE_UNCERTAINTY,50,Q loss,561,0.005459399428218603
GAS,BAD,UCB_WITHOUT_VAE_UNCERTAINTY,50,Q loss,562,0.0014347124379128218
GAS,BAD,UCB_WITHOUT_VAE_UNCERTAINTY,50,Q loss,563,0.0038174400106072426
GAS,BAD,UCB_WITHOUT_VAE_UNCERTAINTY,50,Q loss,564,0.0029075592756271362
GAS,BAD,UCB_WITHOUT_VAE_UNCERTAINTY,50,Q loss,565,0.0005401493399403989
GAS,BAD,UCB_WITHOUT_VAE_UNCERTAINTY,50,Q loss,566,0.0009010315407067537
GAS,BAD,UCB_WITHOUT_VAE_UNCERTAINTY,50,Q loss,567,0.003987564705312252
GAS,BAD,UCB_WITHOUT_VAE_UNCERTAINTY,50,Q loss,568,0.003691623918712139
GAS,BAD,UCB_WITHOUT_VAE_UNCERTAINTY,50,Q loss,569,0.008986135013401508
GAS,BAD,UCB_WITHOUT_VAE_UNCERTAINTY,50,Q loss,570,0.009922509081661701
GAS,BAD,UCB_WITHOUT_VAE_UNCERTAINTY,50,Q loss,571,0.008196893148124218
GAS,BAD,UCB_WITHOUT_VAE_UNCERTAINTY,50,Q loss,572,0.004664791747927666
GAS,BAD,UCB_WITHOUT_VAE_UNCERTAINTY,50,Q loss,573,0.009130233898758888
GAS,BAD,UCB_WITHOUT_VAE_UNCERTAINTY,50,Q loss,574,0.006864881608635187
GAS,BAD,UCB_WITHOUT_VAE_UNCERTAINTY,50,Q loss,575,0.013540472835302353
GAS,BAD,UCB_WITHOUT_VAE_UNCERTAINTY,50,Q loss,576,0.0030391993932425976
GAS,BAD,UCB_WITHOUT_VAE_UNCERTAINTY,50,Q loss,577,0.003865581937134266
GAS,BAD,UCB_WITHOUT_VAE_UNCERTAINTY,50,Q loss,578,0.003533301642164588
GAS,BAD,UCB_WITHOUT_VAE_UNCERTAINTY,50,Q loss,579,0.00579457264393568
GAS,BAD,UCB_WITHOUT_VAE_UNCERTAINTY,50,Q loss,580,0.0026753719430416822
GAS,BAD,UCB_WITHOUT_VAE_UNCERTAINTY,50,Q loss,581,0.006846203468739986
GAS,BAD,UCB_WITHOUT_VAE_UNCERTAINTY,50,Q loss,582,0.004741569980978966
GAS,BAD,UCB_WITHOUT_VAE_UNCERTAINTY,50,Q loss,583,0.0032445662654936314
GAS,BAD,UCB_WITHOUT_VAE_UNCERTAINTY,50,Q loss,584,0.0007638080278411508
GAS,BAD,UCB_WITHOUT_VAE_UNCERTAINTY,50,Q loss,585,0.004598147701472044
GAS,BAD,UCB_WITHOUT_VAE_UNCERTAINTY,50,Q loss,586,0.006406157743185759
GAS,BAD,UCB_WITHOUT_VAE_UNCERTAINTY,50,Q loss,587,0.007276566699147224
GAS,BAD,UCB_WITHOUT_VAE_UNCERTAINTY,50,Q loss,588,0.007122445851564407
GAS,BAD,UCB_WITHOUT_VAE_UNCERTAINTY,50,Q loss,589,0.008873460814356804
GAS,BAD,UCB_WITHOUT_VAE_UNCERTAINTY,50,Q loss,590,0.011606734246015549
GAS,BAD,UCB_WITHOUT_VAE_UNCERTAINTY,50,Q loss,591,0.012202104553580284
GAS,BAD,UCB_WITHOUT_VAE_UNCERTAINTY,50,Q loss,592,0.004791187588125467
GAS,BAD,UCB_WITHOUT_VAE_UNCERTAINTY,50,Q loss,593,0.018264323472976685
GAS,BAD,UCB_WITHOUT_VAE_UNCERTAINTY,50,Q loss,594,0.0027829993050545454
GAS,BAD,UCB_WITHOUT_VAE_UNCERTAINTY,50,Q loss,595,0.0010372668039053679
GAS,BAD,UCB_WITHOUT_VAE_UNCERTAINTY,50,Q loss,596,0.0026542849373072386
GAS,BAD,UCB_WITHOUT_VAE_UNCERTAINTY,50,Q loss,597,0.00569726899266243
GAS,BAD,UCB_WITHOUT_VAE_UNCERTAINTY,50,Q loss,598,0.00221813190728426
GAS,BAD,UCB_WITHOUT_VAE_UNCERTAINTY,50,Q loss,599,0.004564289469271898
GAS,BAD,UCB_WITHOUT_VAE_UNCERTAINTY,50,Q loss,600,0.004366169683635235
GAS,BAD,UCB_WITHOUT_VAE_UNCERTAINTY,50,Q loss,601,0.003468691138550639
GAS,BAD,UCB_WITHOUT_VAE_UNCERTAINTY,50,Q loss,602,0.004106583539396524
GAS,BAD,UCB_WITHOUT_VAE_UNCERTAINTY,50,Q loss,603,0.002158641815185547
GAS,BAD,UCB_WITHOUT_VAE_UNCERTAINTY,50,Q loss,604,0.007030848879367113
GAS,BAD,UCB_WITHOUT_VAE_UNCERTAINTY,50,Q loss,605,0.0066289640963077545
GAS,BAD,UCB_WITHOUT_VAE_UNCERTAINTY,50,Q loss,606,0.004717223811894655
GAS,BAD,UCB_WITHOUT_VAE_UNCERTAINTY,50,Q loss,607,0.0029745735228061676
GAS,BAD,UCB_WITHOUT_VAE_UNCERTAINTY,50,Q loss,608,0.021066470071673393
GAS,BAD,UCB_WITHOUT_VAE_UNCERTAINTY,50,Q loss,609,0.004331203643232584
GAS,BAD,UCB_WITHOUT_VAE_UNCERTAINTY,50,Q loss,610,0.02871173620223999
GAS,BAD,UCB_WITHOUT_VAE_UNCERTAINTY,50,Q loss,611,0.0038490730803459883
GAS,BAD,UCB_WITHOUT_VAE_UNCERTAINTY,50,Q loss,612,0.0018340053502470255
GAS,BAD,UCB_WITHOUT_VAE_UNCERTAINTY,50,Q loss,613,0.0027227059472352266
GAS,BAD,UCB_WITHOUT_VAE_UNCERTAINTY,50,Q loss,614,0.0023987689055502415
GAS,BAD,UCB_WITHOUT_VAE_UNCERTAINTY,50,Q loss,615,0.004413924179971218
GAS,BAD,UCB_WITHOUT_VAE_UNCERTAINTY,50,Q loss,616,0.0041220723651349545
GAS,BAD,UCB_WITHOUT_VAE_UNCERTAINTY,50,Q loss,617,0.0024930043146014214
GAS,BAD,UCB_WITHOUT_VAE_UNCERTAINTY,50,Q loss,618,0.011143454350531101
GAS,BAD,UCB_WITHOUT_VAE_UNCERTAINTY,50,Q loss,619,0.004520044662058353
GAS,BAD,UCB_WITHOUT_VAE_UNCERTAINTY,50,Q loss,620,0.0008597038686275482
GAS,BAD,UCB_WITHOUT_VAE_UNCERTAINTY,50,Q loss,621,0.010908281430602074
GAS,BAD,UCB_WITHOUT_VAE_UNCERTAINTY,50,Q loss,622,0.0053223175927996635
GAS,BAD,UCB_WITHOUT_VAE_UNCERTAINTY,50,Q loss,623,0.004713738802820444
GAS,BAD,UCB_WITHOUT_VAE_UNCERTAINTY,50,Q loss,624,0.005418343003839254
GAS,BAD,UCB_WITHOUT_VAE_UNCERTAINTY,50,Q loss,625,0.007709855679422617
GAS,BAD,UCB_WITHOUT_VAE_UNCERTAINTY,50,Q loss,626,0.005916726775467396
GAS,BAD,UCB_WITHOUT_VAE_UNCERTAINTY,50,Q loss,627,0.005470540374517441
GAS,BAD,UCB_WITHOUT_VAE_UNCERTAINTY,50,Q loss,628,0.016246551647782326
GAS,BAD,UCB_WITHOUT_VAE_UNCERTAINTY,50,Q loss,629,0.00700315460562706
GAS,BAD,UCB_WITHOUT_VAE_UNCERTAINTY,50,Q loss,630,0.0032738232985138893
GAS,BAD,UCB_WITHOUT_VAE_UNCERTAINTY,50,Q loss,631,0.004140887409448624
GAS,BAD,UCB_WITHOUT_VAE_UNCERTAINTY,50,Q loss,632,0.004174168221652508
GAS,BAD,UCB_WITHOUT_VAE_UNCERTAINTY,50,Q loss,633,0.0035955363418906927
GAS,BAD,UCB_WITHOUT_VAE_UNCERTAINTY,50,Q loss,634,0.0018691865261644125
GAS,BAD,UCB_WITHOUT_VAE_UNCERTAINTY,50,Q loss,635,0.0016522340010851622
GAS,BAD,UCB_WITHOUT_VAE_UNCERTAINTY,50,Q loss,636,0.01162751391530037
GAS,BAD,UCB_WITHOUT_VAE_UNCERTAINTY,50,Q loss,637,0.0017595062963664532
GAS,BAD,UCB_WITHOUT_VAE_UNCERTAINTY,50,Q loss,638,0.0015010476345196366
GAS,BAD,UCB_WITHOUT_VAE_UNCERTAINTY,50,Q loss,639,0.007858275435864925
GAS,BAD,UCB_WITHOUT_VAE_UNCERTAINTY,50,Q loss,640,0.0054550934582948685
GAS,BAD,UCB_WITHOUT_VAE_UNCERTAINTY,50,Q loss,641,0.0034031132236123085
GAS,BAD,UCB_WITHOUT_VAE_UNCERTAINTY,50,Q loss,642,0.0025208191946148872
GAS,BAD,UCB_WITHOUT_VAE_UNCERTAINTY,50,Q loss,643,0.010007495060563087
GAS,BAD,UCB_WITHOUT_VAE_UNCERTAINTY,50,Q loss,644,0.002575801219791174
GAS,BAD,UCB_WITHOUT_VAE_UNCERTAINTY,50,Q loss,645,0.00785924308001995
GAS,BAD,UCB_WITHOUT_VAE_UNCERTAINTY,50,Q loss,646,0.004189344123005867
GAS,BAD,UCB_WITHOUT_VAE_UNCERTAINTY,50,Q loss,647,0.004142338410019875
GAS,BAD,UCB_WITHOUT_VAE_UNCERTAINTY,50,Q loss,648,0.0027519548311829567
GAS,BAD,UCB_WITHOUT_VAE_UNCERTAINTY,50,Q loss,649,0.0018982465844601393
GAS,BAD,UCB_WITHOUT_VAE_UNCERTAINTY,50,Q loss,650,0.003956719767302275
GAS,BAD,UCB_WITHOUT_VAE_UNCERTAINTY,50,Q loss,651,0.005548536311835051
GAS,BAD,UCB_WITHOUT_VAE_UNCERTAINTY,50,Q loss,652,0.0023715512361377478
GAS,BAD,UCB_WITHOUT_VAE_UNCERTAINTY,50,Q loss,653,0.005064056720584631
GAS,BAD,UCB_WITHOUT_VAE_UNCERTAINTY,50,Q loss,654,0.0034340964630246162
GAS,BAD,UCB_WITHOUT_VAE_UNCERTAINTY,50,Q loss,655,0.003437331411987543
GAS,BAD,UCB_WITHOUT_VAE_UNCERTAINTY,50,Q loss,656,0.006552628707140684
GAS,BAD,UCB_WITHOUT_VAE_UNCERTAINTY,50,Q loss,657,0.0058452049270272255
GAS,BAD,UCB_WITHOUT_VAE_UNCERTAINTY,50,Q loss,658,0.012117884121835232
GAS,BAD,UCB_WITHOUT_VAE_UNCERTAINTY,50,Q loss,659,0.005721977446228266
GAS,BAD,UCB_WITHOUT_VAE_UNCERTAINTY,50,Q loss,660,0.011266356334090233
GAS,BAD,UCB_WITHOUT_VAE_UNCERTAINTY,50,Q loss,661,0.004154728725552559
GAS,BAD,UCB_WITHOUT_VAE_UNCERTAINTY,50,Q loss,662,0.012970052659511566
GAS,BAD,UCB_WITHOUT_VAE_UNCERTAINTY,50,Q loss,663,0.02547297067940235
GAS,BAD,UCB_WITHOUT_VAE_UNCERTAINTY,50,Q loss,664,0.03793315961956978
GAS,BAD,UCB_WITHOUT_VAE_UNCERTAINTY,50,Q loss,665,0.002405372681096196
GAS,BAD,UCB_WITHOUT_VAE_UNCERTAINTY,50,Q loss,666,0.003699845401570201
GAS,BAD,UCB_WITHOUT_VAE_UNCERTAINTY,50,Q loss,667,0.0018298439681529999
GAS,BAD,UCB_WITHOUT_VAE_UNCERTAINTY,50,Q loss,668,0.003911941312253475
GAS,BAD,UCB_WITHOUT_VAE_UNCERTAINTY,50,Q loss,669,0.005168416537344456
GAS,BAD,UCB_WITHOUT_VAE_UNCERTAINTY,50,Q loss,670,0.0028942732606083155
GAS,BAD,UCB_WITHOUT_VAE_UNCERTAINTY,50,Q loss,671,0.001234513008967042
GAS,BAD,UCB_WITHOUT_VAE_UNCERTAINTY,50,Q loss,672,0.0014432603493332863
GAS,BAD,UCB_WITHOUT_VAE_UNCERTAINTY,50,Q loss,673,0.0019653779454529285
GAS,BAD,UCB_WITHOUT_VAE_UNCERTAINTY,50,Q loss,674,0.00246895058080554
GAS,BAD,UCB_WITHOUT_VAE_UNCERTAINTY,50,Q loss,675,0.006064985878765583
GAS,BAD,UCB_WITHOUT_VAE_UNCERTAINTY,50,Q loss,676,0.006774064153432846
GAS,BAD,UCB_WITHOUT_VAE_UNCERTAINTY,50,Q loss,677,0.00123093172442168
GAS,BAD,UCB_WITHOUT_VAE_UNCERTAINTY,50,Q loss,678,0.005174955353140831
GAS,BAD,UCB_WITHOUT_VAE_UNCERTAINTY,50,Q loss,679,0.005346684716641903
GAS,BAD,UCB_WITHOUT_VAE_UNCERTAINTY,50,Q loss,680,0.004524994641542435
GAS,BAD,UCB_WITHOUT_VAE_UNCERTAINTY,50,Q loss,681,0.0059467279352247715
GAS,BAD,UCB_WITHOUT_VAE_UNCERTAINTY,50,Q loss,682,0.00358860963024199
GAS,BAD,UCB_WITHOUT_VAE_UNCERTAINTY,50,Q loss,683,0.014134629629552364
GAS,BAD,UCB_WITHOUT_VAE_UNCERTAINTY,50,Q loss,684,0.002633065916597843
GAS,BAD,UCB_WITHOUT_VAE_UNCERTAINTY,50,Q loss,685,0.00113742146641016
GAS,BAD,UCB_WITHOUT_VAE_UNCERTAINTY,50,Q loss,686,0.004545741714537144
GAS,BAD,UCB_WITHOUT_VAE_UNCERTAINTY,50,Q loss,687,0.0038117272779345512
GAS,BAD,UCB_WITHOUT_VAE_UNCERTAINTY,50,Q loss,688,0.003730771131813526
GAS,BAD,UCB_WITHOUT_VAE_UNCERTAINTY,50,Q loss,689,0.0021547970827668905
GAS,BAD,UCB_WITHOUT_VAE_UNCERTAINTY,50,Q loss,690,0.006283053662627935
GAS,BAD,UCB_WITHOUT_VAE_UNCERTAINTY,50,Q loss,691,0.001880468800663948
GAS,BAD,UCB_WITHOUT_VAE_UNCERTAINTY,50,Q loss,692,0.0021004059817641973
GAS,BAD,UCB_WITHOUT_VAE_UNCERTAINTY,50,Q loss,693,0.003983284812420607
GAS,BAD,UCB_WITHOUT_VAE_UNCERTAINTY,50,Q loss,694,0.0030588838271796703
GAS,BAD,UCB_WITHOUT_VAE_UNCERTAINTY,50,Q loss,695,0.001879221759736538
GAS,BAD,UCB_WITHOUT_VAE_UNCERTAINTY,50,Q loss,696,0.004497945308685303
GAS,BAD,UCB_WITHOUT_VAE_UNCERTAINTY,50,Q loss,697,0.010274115018546581
GAS,BAD,UCB_WITHOUT_VAE_UNCERTAINTY,50,Q loss,698,0.00645841658115387
GAS,BAD,UCB_WITHOUT_VAE_UNCERTAINTY,50,Q loss,699,0.0053917840123176575
GAS,BAD,UCB_WITHOUT_VAE_UNCERTAINTY,50,Q loss,700,0.0041294097900390625
GAS,BAD,UCB_WITHOUT_VAE_UNCERTAINTY,50,Q loss,701,0.0028373003005981445
GAS,BAD,UCB_WITHOUT_VAE_UNCERTAINTY,50,Q loss,702,0.005849313922226429
GAS,BAD,UCB_WITHOUT_VAE_UNCERTAINTY,50,Q loss,703,0.0008720859186723828
GAS,BAD,UCB_WITHOUT_VAE_UNCERTAINTY,50,Q loss,704,0.005004288628697395
GAS,BAD,UCB_WITHOUT_VAE_UNCERTAINTY,50,Q loss,705,0.003911971114575863
GAS,BAD,UCB_WITHOUT_VAE_UNCERTAINTY,50,Q loss,706,0.0031284154392778873
GAS,BAD,UCB_WITHOUT_VAE_UNCERTAINTY,50,Q loss,707,0.003260825527831912
GAS,BAD,UCB_WITHOUT_VAE_UNCERTAINTY,50,Q loss,708,0.0033214790746569633
GAS,BAD,UCB_WITHOUT_VAE_UNCERTAINTY,50,Q loss,709,0.0014756066957488656
GAS,BAD,UCB_WITHOUT_VAE_UNCERTAINTY,50,Q loss,710,0.0013129411963745952
GAS,BAD,UCB_WITHOUT_VAE_UNCERTAINTY,50,Q loss,711,0.00697501003742218
GAS,BAD,UCB_WITHOUT_VAE_UNCERTAINTY,50,Q loss,712,0.004681143909692764
GAS,BAD,UCB_WITHOUT_VAE_UNCERTAINTY,50,Q loss,713,0.0036906516179442406
GAS,BAD,UCB_WITHOUT_VAE_UNCERTAINTY,50,Q loss,714,0.011592371389269829
GAS,BAD,UCB_WITHOUT_VAE_UNCERTAINTY,50,Q loss,715,0.003407224779948592
GAS,BAD,UCB_WITHOUT_VAE_UNCERTAINTY,50,Q loss,716,0.001817487645894289
GAS,BAD,UCB_WITHOUT_VAE_UNCERTAINTY,50,Q loss,717,0.0019571371376514435
GAS,BAD,UCB_WITHOUT_VAE_UNCERTAINTY,50,Q loss,718,0.00328905344940722
GAS,BAD,UCB_WITHOUT_VAE_UNCERTAINTY,50,Q loss,719,0.005148142576217651
GAS,BAD,UCB_WITHOUT_VAE_UNCERTAINTY,50,Q loss,720,0.0030493256635963917
GAS,BAD,UCB_WITHOUT_VAE_UNCERTAINTY,50,Q loss,721,0.003474364522844553
GAS,BAD,UCB_WITHOUT_VAE_UNCERTAINTY,50,Q loss,722,0.005702389404177666
GAS,BAD,UCB_WITHOUT_VAE_UNCERTAINTY,50,Q loss,723,0.003804226405918598
GAS,BAD,UCB_WITHOUT_VAE_UNCERTAINTY,50,Q loss,724,0.0018631527200341225
GAS,BAD,UCB_WITHOUT_VAE_UNCERTAINTY,50,Q loss,725,0.0021745942067354918
GAS,BAD,UCB_WITHOUT_VAE_UNCERTAINTY,50,Q loss,726,0.004331306554377079
GAS,BAD,UCB_WITHOUT_VAE_UNCERTAINTY,50,Q loss,727,0.0011067911982536316
GAS,BAD,UCB_WITHOUT_VAE_UNCERTAINTY,50,Q loss,728,0.004248791374266148
GAS,BAD,UCB_WITHOUT_VAE_UNCERTAINTY,50,Q loss,729,0.003025879617780447
GAS,BAD,UCB_WITHOUT_VAE_UNCERTAINTY,50,Q loss,730,0.003935106098651886
GAS,BAD,UCB_WITHOUT_VAE_UNCERTAINTY,50,Q loss,731,0.004074173513799906
GAS,BAD,UCB_WITHOUT_VAE_UNCERTAINTY,50,Q loss,732,0.0019069660920649767
GAS,BAD,UCB_WITHOUT_VAE_UNCERTAINTY,50,Q loss,733,0.008088553324341774
GAS,BAD,UCB_WITHOUT_VAE_UNCERTAINTY,50,Q loss,734,0.005579470656812191
GAS,BAD,UCB_WITHOUT_VAE_UNCERTAINTY,50,Q loss,735,0.004688217304646969
GAS,BAD,UCB_WITHOUT_VAE_UNCERTAINTY,50,Q loss,736,0.003910994157195091
GAS,BAD,UCB_WITHOUT_VAE_UNCERTAINTY,50,Q loss,737,0.0037982212379574776
GAS,BAD,UCB_WITHOUT_VAE_UNCERTAINTY,50,Q loss,738,0.00361890671774745
GAS,BAD,UCB_WITHOUT_VAE_UNCERTAINTY,50,Q loss,739,0.002050601877272129
GAS,BAD,UCB_WITHOUT_VAE_UNCERTAINTY,50,Q loss,740,0.0042282710783183575
GAS,BAD,UCB_WITHOUT_VAE_UNCERTAINTY,50,Q loss,741,0.003909929655492306
GAS,BAD,UCB_WITHOUT_VAE_UNCERTAINTY,50,Q loss,742,0.0012144410284236073
GAS,BAD,UCB_WITHOUT_VAE_UNCERTAINTY,50,Q loss,743,0.0024423575960099697
GAS,BAD,UCB_WITHOUT_VAE_UNCERTAINTY,50,Q loss,744,0.0008696158183738589
GAS,BAD,UCB_WITHOUT_VAE_UNCERTAINTY,50,Q loss,745,0.001186087029054761
GAS,BAD,UCB_WITHOUT_VAE_UNCERTAINTY,50,Q loss,746,0.001765246270224452
GAS,BAD,UCB_WITHOUT_VAE_UNCERTAINTY,50,Q loss,747,0.006519142538309097
GAS,BAD,UCB_WITHOUT_VAE_UNCERTAINTY,50,Q loss,748,0.0017998702824115753
GAS,BAD,UCB_WITHOUT_VAE_UNCERTAINTY,50,Q loss,749,0.001385433366522193
GAS,BAD,UCB_WITHOUT_VAE_UNCERTAINTY,50,Q loss,750,0.003171816933900118
GAS,BAD,UCB_WITHOUT_VAE_UNCERTAINTY,50,Q loss,751,0.0075346194207668304
GAS,BAD,UCB_WITHOUT_VAE_UNCERTAINTY,50,Q loss,752,0.008067567832767963
GAS,BAD,UCB_WITHOUT_VAE_UNCERTAINTY,50,Q loss,753,0.004925938788801432
GAS,BAD,UCB_WITHOUT_VAE_UNCERTAINTY,50,Q loss,754,0.0032405583187937737
GAS,BAD,UCB_WITHOUT_VAE_UNCERTAINTY,50,Q loss,755,0.004170435480773449
GAS,BAD,UCB_WITHOUT_VAE_UNCERTAINTY,50,Q loss,756,0.002190707717090845
GAS,BAD,UCB_WITHOUT_VAE_UNCERTAINTY,50,Q loss,757,0.0024440439883619547
GAS,BAD,UCB_WITHOUT_VAE_UNCERTAINTY,50,Q loss,758,0.00186523562297225
GAS,BAD,UCB_WITHOUT_VAE_UNCERTAINTY,50,Q loss,759,0.004010368138551712
GAS,BAD,UCB_WITHOUT_VAE_UNCERTAINTY,50,Q loss,760,0.003754864912480116
GAS,BAD,UCB_WITHOUT_VAE_UNCERTAINTY,50,Q loss,761,0.008003276772797108
GAS,BAD,UCB_WITHOUT_VAE_UNCERTAINTY,50,Q loss,762,0.0021273933816701174
GAS,BAD,UCB_WITHOUT_VAE_UNCERTAINTY,50,Q loss,763,0.0029413437005132437
GAS,BAD,UCB_WITHOUT_VAE_UNCERTAINTY,50,Q loss,764,0.0008839424699544907
GAS,BAD,UCB_WITHOUT_VAE_UNCERTAINTY,50,Q loss,765,0.0015161603223532438
GAS,BAD,UCB_WITHOUT_VAE_UNCERTAINTY,50,Q loss,766,0.0023550395853817463
GAS,BAD,UCB_WITHOUT_VAE_UNCERTAINTY,50,Q loss,767,0.003149157389998436
GAS,BAD,UCB_WITHOUT_VAE_UNCERTAINTY,50,Q loss,768,0.005968053359538317
GAS,BAD,UCB_WITHOUT_VAE_UNCERTAINTY,50,Q loss,769,0.003961654845625162
GAS,BAD,UCB_WITHOUT_VAE_UNCERTAINTY,50,Q loss,770,0.0025847277138382196
GAS,BAD,UCB_WITHOUT_VAE_UNCERTAINTY,50,Q loss,771,0.00313687976449728
GAS,BAD,UCB_WITHOUT_VAE_UNCERTAINTY,50,Q loss,772,0.008492647670209408
GAS,BAD,UCB_WITHOUT_VAE_UNCERTAINTY,50,Q loss,773,0.0038051092997193336
GAS,BAD,UCB_WITHOUT_VAE_UNCERTAINTY,50,Q loss,774,0.001641896553337574
GAS,BAD,UCB_WITHOUT_VAE_UNCERTAINTY,50,Q loss,775,0.00270605506375432
GAS,BAD,UCB_WITHOUT_VAE_UNCERTAINTY,50,Q loss,776,0.00359859736636281
GAS,BAD,UCB_WITHOUT_VAE_UNCERTAINTY,50,Q loss,777,0.004959258250892162
GAS,BAD,UCB_WITHOUT_VAE_UNCERTAINTY,50,Q loss,778,0.002212820341810584
GAS,BAD,UCB_WITHOUT_VAE_UNCERTAINTY,50,Q loss,779,0.0036025382578372955
GAS,BAD,UCB_WITHOUT_VAE_UNCERTAINTY,50,Q loss,780,0.0005615793634206057
GAS,BAD,UCB_WITHOUT_VAE_UNCERTAINTY,50,Q loss,781,0.0018808292225003242
GAS,BAD,UCB_WITHOUT_VAE_UNCERTAINTY,50,Q loss,782,0.0030740515794605017
GAS,BAD,UCB_WITHOUT_VAE_UNCERTAINTY,50,Q loss,783,0.006453804671764374
GAS,BAD,UCB_WITHOUT_VAE_UNCERTAINTY,50,Q loss,784,0.004326815716922283
GAS,BAD,UCB_WITHOUT_VAE_UNCERTAINTY,50,Q loss,785,0.003741287626326084
GAS,BAD,UCB_WITHOUT_VAE_UNCERTAINTY,50,Q loss,786,0.005115204025059938
GAS,BAD,UCB_WITHOUT_VAE_UNCERTAINTY,50,Q loss,787,0.003269640728831291
GAS,BAD,UCB_WITHOUT_VAE_UNCERTAINTY,50,Q loss,788,0.005596144124865532
GAS,BAD,UCB_WITHOUT_VAE_UNCERTAINTY,50,Q loss,789,0.002343155909329653
GAS,BAD,UCB_WITHOUT_VAE_UNCERTAINTY,50,Q loss,790,0.006237748544663191
GAS,BAD,UCB_WITHOUT_VAE_UNCERTAINTY,50,Q loss,791,0.008348952978849411
GAS,BAD,UCB_WITHOUT_VAE_UNCERTAINTY,50,Q loss,792,0.0017221394227817655
GAS,BAD,UCB_WITHOUT_VAE_UNCERTAINTY,50,Q loss,793,0.0021118144504725933
GAS,BAD,UCB_WITHOUT_VAE_UNCERTAINTY,50,Q loss,794,0.0032396544702351093
GAS,BAD,UCB_WITHOUT_VAE_UNCERTAINTY,50,Q loss,795,0.003884707111865282
GAS,BAD,UCB_WITHOUT_VAE_UNCERTAINTY,50,Q loss,796,0.0017476326320320368
GAS,BAD,UCB_WITHOUT_VAE_UNCERTAINTY,50,Q loss,797,0.005165481939911842
GAS,BAD,UCB_WITHOUT_VAE_UNCERTAINTY,50,Q loss,798,0.0015223847003653646
GAS,BAD,UCB_WITHOUT_VAE_UNCERTAINTY,50,Q loss,799,0.0016349893994629383
GAS,BAD,UCB_WITHOUT_VAE_UNCERTAINTY,50,Q loss,800,0.0022047555539757013
GAS,BAD,UCB_WITHOUT_VAE_UNCERTAINTY,50,Q loss,801,0.002081905025988817
GAS,BAD,UCB_WITHOUT_VAE_UNCERTAINTY,50,Q loss,802,0.0020246063359081745
GAS,BAD,UCB_WITHOUT_VAE_UNCERTAINTY,50,Q loss,803,0.0037493491545319557
GAS,BAD,UCB_WITHOUT_VAE_UNCERTAINTY,50,Q loss,804,0.0029450661968439817
GAS,BAD,UCB_WITHOUT_VAE_UNCERTAINTY,50,Q loss,805,0.004376500844955444
GAS,BAD,UCB_WITHOUT_VAE_UNCERTAINTY,50,Q loss,806,0.006638862192630768
GAS,BAD,UCB_WITHOUT_VAE_UNCERTAINTY,50,Q loss,807,0.002778097754344344
GAS,BAD,UCB_WITHOUT_VAE_UNCERTAINTY,50,Q loss,808,0.006307580508291721
GAS,BAD,UCB_WITHOUT_VAE_UNCERTAINTY,50,Q loss,809,0.010570354759693146
GAS,BAD,UCB_WITHOUT_VAE_UNCERTAINTY,50,Cost loss,0,0.12990476191043854
GAS,BAD,UCB_WITHOUT_VAE_UNCERTAINTY,50,Cost loss,1,0.12880593538284302
GAS,BAD,UCB_WITHOUT_VAE_UNCERTAINTY,50,Cost loss,2,0.12735742330551147
GAS,BAD,UCB_WITHOUT_VAE_UNCERTAINTY,50,Cost loss,3,0.1264285147190094
GAS,BAD,UCB_WITHOUT_VAE_UNCERTAINTY,50,Cost loss,4,0.12376563251018524
GAS,BAD,UCB_WITHOUT_VAE_UNCERTAINTY,50,Cost loss,5,0.12282928824424744
GAS,BAD,UCB_WITHOUT_VAE_UNCERTAINTY,50,Cost loss,6,0.12196332216262817
GAS,BAD,UCB_WITHOUT_VAE_UNCERTAINTY,50,Cost loss,7,0.1201818659901619
GAS,BAD,UCB_WITHOUT_VAE_UNCERTAINTY,50,Cost loss,8,0.12069213390350342
GAS,BAD,UCB_WITHOUT_VAE_UNCERTAINTY,50,Cost loss,9,0.11642660945653915
GAS,BAD,UCB_WITHOUT_VAE_UNCERTAINTY,50,Cost loss,10,0.11604592204093933
GAS,BAD,UCB_WITHOUT_VAE_UNCERTAINTY,50,Cost loss,11,0.1133996993303299
GAS,BAD,UCB_WITHOUT_VAE_UNCERTAINTY,50,Cost loss,12,0.11477786302566528
GAS,BAD,UCB_WITHOUT_VAE_UNCERTAINTY,50,Cost loss,13,0.11226347088813782
GAS,BAD,UCB_WITHOUT_VAE_UNCERTAINTY,50,Cost loss,14,0.11014437675476074
GAS,BAD,UCB_WITHOUT_VAE_UNCERTAINTY,50,Cost loss,15,0.10895674675703049
GAS,BAD,UCB_WITHOUT_VAE_UNCERTAINTY,50,Cost loss,16,0.10822098702192307
GAS,BAD,UCB_WITHOUT_VAE_UNCERTAINTY,50,Cost loss,17,0.10650436580181122
GAS,BAD,UCB_WITHOUT_VAE_UNCERTAINTY,50,Cost loss,18,0.10628011077642441
GAS,BAD,UCB_WITHOUT_VAE_UNCERTAINTY,50,Cost loss,19,0.10456731915473938
GAS,BAD,UCB_WITHOUT_VAE_UNCERTAINTY,50,Cost loss,20,0.10311441123485565
GAS,BAD,UCB_WITHOUT_VAE_UNCERTAINTY,50,Cost loss,21,0.10289303958415985
GAS,BAD,UCB_WITHOUT_VAE_UNCERTAINTY,50,Cost loss,22,0.10142579674720764
GAS,BAD,UCB_WITHOUT_VAE_UNCERTAINTY,50,Cost loss,23,0.1001206561923027
GAS,BAD,UCB_WITHOUT_VAE_UNCERTAINTY,50,Cost loss,24,0.09773708134889603
GAS,BAD,UCB_WITHOUT_VAE_UNCERTAINTY,50,Cost loss,25,0.09665599465370178
GAS,BAD,UCB_WITHOUT_VAE_UNCERTAINTY,50,Cost loss,26,0.09536945074796677
GAS,BAD,UCB_WITHOUT_VAE_UNCERTAINTY,50,Cost loss,27,0.09607021510601044
GAS,BAD,UCB_WITHOUT_VAE_UNCERTAINTY,50,Cost loss,28,0.09310221672058105
GAS,BAD,UCB_WITHOUT_VAE_UNCERTAINTY,50,Cost loss,29,0.092246413230896
GAS,BAD,UCB_WITHOUT_VAE_UNCERTAINTY,50,Cost loss,30,0.09187281131744385
GAS,BAD,UCB_WITHOUT_VAE_UNCERTAINTY,50,Cost loss,31,0.09001579880714417
GAS,BAD,UCB_WITHOUT_VAE_UNCERTAINTY,50,Cost loss,32,0.08850589394569397
GAS,BAD,UCB_WITHOUT_VAE_UNCERTAINTY,50,Cost loss,33,0.08829253911972046
GAS,BAD,UCB_WITHOUT_VAE_UNCERTAINTY,50,Cost loss,34,0.0851057842373848
GAS,BAD,UCB_WITHOUT_VAE_UNCERTAINTY,50,Cost loss,35,0.08510984480381012
GAS,BAD,UCB_WITHOUT_VAE_UNCERTAINTY,50,Cost loss,36,0.08445774018764496
GAS,BAD,UCB_WITHOUT_VAE_UNCERTAINTY,50,Cost loss,37,0.08383111655712128
GAS,BAD,UCB_WITHOUT_VAE_UNCERTAINTY,50,Cost loss,38,0.082206591963768
GAS,BAD,UCB_WITHOUT_VAE_UNCERTAINTY,50,Cost loss,39,0.08024808019399643
GAS,BAD,UCB_WITHOUT_VAE_UNCERTAINTY,50,Cost loss,40,0.08017266541719437
GAS,BAD,UCB_WITHOUT_VAE_UNCERTAINTY,50,Cost loss,41,0.0809580385684967
GAS,BAD,UCB_WITHOUT_VAE_UNCERTAINTY,50,Cost loss,42,0.07647824287414551
GAS,BAD,UCB_WITHOUT_VAE_UNCERTAINTY,50,Cost loss,43,0.07456281036138535
GAS,BAD,UCB_WITHOUT_VAE_UNCERTAINTY,50,Cost loss,44,0.07445813715457916
GAS,BAD,UCB_WITHOUT_VAE_UNCERTAINTY,50,Cost loss,45,0.07529766857624054
GAS,BAD,UCB_WITHOUT_VAE_UNCERTAINTY,50,Cost loss,46,0.07576251029968262
GAS,BAD,UCB_WITHOUT_VAE_UNCERTAINTY,50,Cost loss,47,0.07202649116516113
GAS,BAD,UCB_WITHOUT_VAE_UNCERTAINTY,50,Cost loss,48,0.07100702822208405
GAS,BAD,UCB_WITHOUT_VAE_UNCERTAINTY,50,Cost loss,49,0.07267054915428162
GAS,BAD,UCB_WITHOUT_VAE_UNCERTAINTY,50,Cost loss,50,0.07046174257993698
GAS,BAD,UCB_WITHOUT_VAE_UNCERTAINTY,50,Cost loss,51,0.07038187980651855
GAS,BAD,UCB_WITHOUT_VAE_UNCERTAINTY,50,Cost loss,52,0.06848637014627457
GAS,BAD,UCB_WITHOUT_VAE_UNCERTAINTY,50,Cost loss,53,0.06815056502819061
GAS,BAD,UCB_WITHOUT_VAE_UNCERTAINTY,50,Cost loss,54,0.06593960523605347
GAS,BAD,UCB_WITHOUT_VAE_UNCERTAINTY,50,Cost loss,55,0.06574341654777527
GAS,BAD,UCB_WITHOUT_VAE_UNCERTAINTY,50,Cost loss,56,0.06508605182170868
GAS,BAD,UCB_WITHOUT_VAE_UNCERTAINTY,50,Cost loss,57,0.060462672263383865
GAS,BAD,UCB_WITHOUT_VAE_UNCERTAINTY,50,Cost loss,58,0.0634455606341362
GAS,BAD,UCB_WITHOUT_VAE_UNCERTAINTY,50,Cost loss,59,0.0631234422326088
GAS,BAD,UCB_WITHOUT_VAE_UNCERTAINTY,50,Cost loss,60,0.06022569164633751
GAS,BAD,UCB_WITHOUT_VAE_UNCERTAINTY,50,Cost loss,61,0.0618826225399971
GAS,BAD,UCB_WITHOUT_VAE_UNCERTAINTY,50,Cost loss,62,0.06052619591355324
GAS,BAD,UCB_WITHOUT_VAE_UNCERTAINTY,50,Cost loss,63,0.05808473378419876
GAS,BAD,UCB_WITHOUT_VAE_UNCERTAINTY,50,Cost loss,64,0.05734365060925484
GAS,BAD,UCB_WITHOUT_VAE_UNCERTAINTY,50,Cost loss,65,0.05614832416176796
GAS,BAD,UCB_WITHOUT_VAE_UNCERTAINTY,50,Cost loss,66,0.05535503476858139
GAS,BAD,UCB_WITHOUT_VAE_UNCERTAINTY,50,Cost loss,67,0.054179176688194275
GAS,BAD,UCB_WITHOUT_VAE_UNCERTAINTY,50,Cost loss,68,0.0540907047688961
GAS,BAD,UCB_WITHOUT_VAE_UNCERTAINTY,50,Cost loss,69,0.05293221399188042
GAS,BAD,UCB_WITHOUT_VAE_UNCERTAINTY,50,Cost loss,70,0.0540621355175972
GAS,BAD,UCB_WITHOUT_VAE_UNCERTAINTY,50,Cost loss,71,0.05074426531791687
GAS,BAD,UCB_WITHOUT_VAE_UNCERTAINTY,50,Cost loss,72,0.04993276298046112
GAS,BAD,UCB_WITHOUT_VAE_UNCERTAINTY,50,Cost loss,73,0.04887378215789795
GAS,BAD,UCB_WITHOUT_VAE_UNCERTAINTY,50,Cost loss,74,0.04965532571077347
GAS,BAD,UCB_WITHOUT_VAE_UNCERTAINTY,50,Cost loss,75,0.04716210067272186
GAS,BAD,UCB_WITHOUT_VAE_UNCERTAINTY,50,Cost loss,76,0.0498831570148468
GAS,BAD,UCB_WITHOUT_VAE_UNCERTAINTY,50,Cost loss,77,0.04543200135231018
GAS,BAD,UCB_WITHOUT_VAE_UNCERTAINTY,50,Cost loss,78,0.04606040567159653
GAS,BAD,UCB_WITHOUT_VAE_UNCERTAINTY,50,Cost loss,79,0.04662487283349037
GAS,BAD,UCB_WITHOUT_VAE_UNCERTAINTY,50,Cost loss,80,0.0440041646361351
GAS,BAD,UCB_WITHOUT_VAE_UNCERTAINTY,50,Cost loss,81,0.045703813433647156
GAS,BAD,UCB_WITHOUT_VAE_UNCERTAINTY,50,Cost loss,82,0.041916243731975555
GAS,BAD,UCB_WITHOUT_VAE_UNCERTAINTY,50,Cost loss,83,0.04232173413038254
GAS,BAD,UCB_WITHOUT_VAE_UNCERTAINTY,50,Cost loss,84,0.04151122272014618
GAS,BAD,UCB_WITHOUT_VAE_UNCERTAINTY,50,Cost loss,85,0.03933967649936676
GAS,BAD,UCB_WITHOUT_VAE_UNCERTAINTY,50,Cost loss,86,0.04154783487319946
GAS,BAD,UCB_WITHOUT_VAE_UNCERTAINTY,50,Cost loss,87,0.03951209783554077
GAS,BAD,UCB_WITHOUT_VAE_UNCERTAINTY,50,Cost loss,88,0.03862600401043892
GAS,BAD,UCB_WITHOUT_VAE_UNCERTAINTY,50,Cost loss,89,0.03738415986299515
GAS,BAD,UCB_WITHOUT_VAE_UNCERTAINTY,50,Cost loss,90,0.03768431022763252
GAS,BAD,UCB_WITHOUT_VAE_UNCERTAINTY,50,Cost loss,91,0.036731988191604614
GAS,BAD,UCB_WITHOUT_VAE_UNCERTAINTY,50,Cost loss,92,0.037775613367557526
GAS,BAD,UCB_WITHOUT_VAE_UNCERTAINTY,50,Cost loss,93,0.03681101277470589
GAS,BAD,UCB_WITHOUT_VAE_UNCERTAINTY,50,Cost loss,94,0.035191893577575684
GAS,BAD,UCB_WITHOUT_VAE_UNCERTAINTY,50,Cost loss,95,0.035228095948696136
GAS,BAD,UCB_WITHOUT_VAE_UNCERTAINTY,50,Cost loss,96,0.03471914678812027
GAS,BAD,UCB_WITHOUT_VAE_UNCERTAINTY,50,Cost loss,97,0.03442616015672684
GAS,BAD,UCB_WITHOUT_VAE_UNCERTAINTY,50,Cost loss,98,0.033205337822437286
GAS,BAD,UCB_WITHOUT_VAE_UNCERTAINTY,50,Cost loss,99,0.03237650915980339
GAS,BAD,UCB_WITHOUT_VAE_UNCERTAINTY,50,Cost loss,100,0.030612250789999962
GAS,BAD,UCB_WITHOUT_VAE_UNCERTAINTY,50,Cost loss,101,0.03150134161114693
GAS,BAD,UCB_WITHOUT_VAE_UNCERTAINTY,50,Cost loss,102,0.029964251443743706
GAS,BAD,UCB_WITHOUT_VAE_UNCERTAINTY,50,Cost loss,103,0.027252942323684692
GAS,BAD,UCB_WITHOUT_VAE_UNCERTAINTY,50,Cost loss,104,0.026388265192508698
GAS,BAD,UCB_WITHOUT_VAE_UNCERTAINTY,50,Cost loss,105,0.023806093260645866
GAS,BAD,UCB_WITHOUT_VAE_UNCERTAINTY,50,Cost loss,106,0.022535784170031548
GAS,BAD,UCB_WITHOUT_VAE_UNCERTAINTY,50,Cost loss,107,0.018787188455462456
GAS,BAD,UCB_WITHOUT_VAE_UNCERTAINTY,50,Cost loss,108,0.01755167730152607
GAS,BAD,UCB_WITHOUT_VAE_UNCERTAINTY,50,Cost loss,109,0.017045961692929268
GAS,BAD,UCB_WITHOUT_VAE_UNCERTAINTY,50,Cost loss,110,0.0169072225689888
GAS,BAD,UCB_WITHOUT_VAE_UNCERTAINTY,50,Cost loss,111,0.0163721963763237
GAS,BAD,UCB_WITHOUT_VAE_UNCERTAINTY,50,Cost loss,112,0.014502549543976784
GAS,BAD,UCB_WITHOUT_VAE_UNCERTAINTY,50,Cost loss,113,0.015607795678079128
GAS,BAD,UCB_WITHOUT_VAE_UNCERTAINTY,50,Cost loss,114,0.013347171247005463
GAS,BAD,UCB_WITHOUT_VAE_UNCERTAINTY,50,Cost loss,115,0.014269629493355751
GAS,BAD,UCB_WITHOUT_VAE_UNCERTAINTY,50,Cost loss,116,0.01408018171787262
GAS,BAD,UCB_WITHOUT_VAE_UNCERTAINTY,50,Cost loss,117,0.01155388168990612
GAS,BAD,UCB_WITHOUT_VAE_UNCERTAINTY,50,Cost loss,118,0.011750936508178711
GAS,BAD,UCB_WITHOUT_VAE_UNCERTAINTY,50,Cost loss,119,0.010728808119893074
GAS,BAD,UCB_WITHOUT_VAE_UNCERTAINTY,50,Cost loss,120,0.008734436705708504
GAS,BAD,UCB_WITHOUT_VAE_UNCERTAINTY,50,Cost loss,121,0.007304019760340452
GAS,BAD,UCB_WITHOUT_VAE_UNCERTAINTY,50,Cost loss,122,0.006612705998122692
GAS,BAD,UCB_WITHOUT_VAE_UNCERTAINTY,50,Cost loss,123,0.0061650145798921585
GAS,BAD,UCB_WITHOUT_VAE_UNCERTAINTY,50,Cost loss,124,0.005434597842395306
GAS,BAD,UCB_WITHOUT_VAE_UNCERTAINTY,50,Cost loss,125,0.005910906009376049
GAS,BAD,UCB_WITHOUT_VAE_UNCERTAINTY,50,Cost loss,126,0.005466182716190815
GAS,BAD,UCB_WITHOUT_VAE_UNCERTAINTY,50,Cost loss,127,0.004764015320688486
GAS,BAD,UCB_WITHOUT_VAE_UNCERTAINTY,50,Cost loss,128,0.0045446837320923805
GAS,BAD,UCB_WITHOUT_VAE_UNCERTAINTY,50,Cost loss,129,0.004911670461297035
GAS,BAD,UCB_WITHOUT_VAE_UNCERTAINTY,50,Cost loss,130,0.005088415462523699
GAS,BAD,UCB_WITHOUT_VAE_UNCERTAINTY,50,Cost loss,131,0.005096584092825651
GAS,BAD,UCB_WITHOUT_VAE_UNCERTAINTY,50,Cost loss,132,0.0043815625831484795
GAS,BAD,UCB_WITHOUT_VAE_UNCERTAINTY,50,Cost loss,133,0.004411512985825539
GAS,BAD,UCB_WITHOUT_VAE_UNCERTAINTY,50,Cost loss,134,0.004263048991560936
GAS,BAD,UCB_WITHOUT_VAE_UNCERTAINTY,50,Cost loss,135,0.003694757353514433
GAS,BAD,UCB_WITHOUT_VAE_UNCERTAINTY,50,Cost loss,136,0.0038741251919418573
GAS,BAD,UCB_WITHOUT_VAE_UNCERTAINTY,50,Cost loss,137,0.0034991223365068436
GAS,BAD,UCB_WITHOUT_VAE_UNCERTAINTY,50,Cost loss,138,0.003917323891073465
GAS,BAD,UCB_WITHOUT_VAE_UNCERTAINTY,50,Cost loss,139,0.0037676256615668535
GAS,BAD,UCB_WITHOUT_VAE_UNCERTAINTY,50,Cost loss,140,0.004070254974067211
GAS,BAD,UCB_WITHOUT_VAE_UNCERTAINTY,50,Cost loss,141,0.003913659602403641
GAS,BAD,UCB_WITHOUT_VAE_UNCERTAINTY,50,Cost loss,142,0.004022205248475075
GAS,BAD,UCB_WITHOUT_VAE_UNCERTAINTY,50,Cost loss,143,0.004081583581864834
GAS,BAD,UCB_WITHOUT_VAE_UNCERTAINTY,50,Cost loss,144,0.004444962367415428
GAS,BAD,UCB_WITHOUT_VAE_UNCERTAINTY,51,Q loss,0,0.01873808726668358
GAS,BAD,UCB_WITHOUT_VAE_UNCERTAINTY,51,Q loss,1,0.014220550656318665
GAS,BAD,UCB_WITHOUT_VAE_UNCERTAINTY,51,Q loss,2,0.02442234195768833
GAS,BAD,UCB_WITHOUT_VAE_UNCERTAINTY,51,Q loss,3,0.020663097500801086
GAS,BAD,UCB_WITHOUT_VAE_UNCERTAINTY,51,Q loss,4,0.01882888190448284
GAS,BAD,UCB_WITHOUT_VAE_UNCERTAINTY,51,Q loss,5,0.03016039915382862
GAS,BAD,UCB_WITHOUT_VAE_UNCERTAINTY,51,Q loss,6,0.01505504921078682
GAS,BAD,UCB_WITHOUT_VAE_UNCERTAINTY,51,Q loss,7,0.01111599337309599
GAS,BAD,UCB_WITHOUT_VAE_UNCERTAINTY,51,Q loss,8,0.012456970289349556
GAS,BAD,UCB_WITHOUT_VAE_UNCERTAINTY,51,Q loss,9,0.03331761062145233
GAS,BAD,UCB_WITHOUT_VAE_UNCERTAINTY,51,Q loss,10,0.03553662449121475
GAS,BAD,UCB_WITHOUT_VAE_UNCERTAINTY,51,Q loss,11,0.022291960194706917
GAS,BAD,UCB_WITHOUT_VAE_UNCERTAINTY,51,Q loss,12,0.020042836666107178
GAS,BAD,UCB_WITHOUT_VAE_UNCERTAINTY,51,Q loss,13,0.015947312116622925
GAS,BAD,UCB_WITHOUT_VAE_UNCERTAINTY,51,Q loss,14,0.015382376499474049
GAS,BAD,UCB_WITHOUT_VAE_UNCERTAINTY,51,Q loss,15,0.010839170776307583
GAS,BAD,UCB_WITHOUT_VAE_UNCERTAINTY,51,Q loss,16,0.013083549216389656
GAS,BAD,UCB_WITHOUT_VAE_UNCERTAINTY,51,Q loss,17,0.025142010301351547
GAS,BAD,UCB_WITHOUT_VAE_UNCERTAINTY,51,Q loss,18,0.024262746796011925
GAS,BAD,UCB_WITHOUT_VAE_UNCERTAINTY,51,Q loss,19,0.02043384313583374
GAS,BAD,UCB_WITHOUT_VAE_UNCERTAINTY,51,Q loss,20,0.025354480370879173
GAS,BAD,UCB_WITHOUT_VAE_UNCERTAINTY,51,Q loss,21,0.02249794453382492
GAS,BAD,UCB_WITHOUT_VAE_UNCERTAINTY,51,Q loss,22,0.02321372926235199
GAS,BAD,UCB_WITHOUT_VAE_UNCERTAINTY,51,Q loss,23,0.028371715918183327
GAS,BAD,UCB_WITHOUT_VAE_UNCERTAINTY,51,Q loss,24,0.0181284137070179
GAS,BAD,UCB_WITHOUT_VAE_UNCERTAINTY,51,Q loss,25,0.017310021445155144
GAS,BAD,UCB_WITHOUT_VAE_UNCERTAINTY,51,Q loss,26,0.011708348989486694
GAS,BAD,UCB_WITHOUT_VAE_UNCERTAINTY,51,Q loss,27,0.048005715012550354
GAS,BAD,UCB_WITHOUT_VAE_UNCERTAINTY,51,Q loss,28,0.02443953976035118
GAS,BAD,UCB_WITHOUT_VAE_UNCERTAINTY,51,Q loss,29,0.01667637564241886
GAS,BAD,UCB_WITHOUT_VAE_UNCERTAINTY,51,Q loss,30,0.020394092425704002
GAS,BAD,UCB_WITHOUT_VAE_UNCERTAINTY,51,Q loss,31,0.019558466970920563
GAS,BAD,UCB_WITHOUT_VAE_UNCERTAINTY,51,Q loss,32,0.01997547224164009
GAS,BAD,UCB_WITHOUT_VAE_UNCERTAINTY,51,Q loss,33,0.016171157360076904
GAS,BAD,UCB_WITHOUT_VAE_UNCERTAINTY,51,Q loss,34,0.01886821538209915
GAS,BAD,UCB_WITHOUT_VAE_UNCERTAINTY,51,Q loss,35,0.04400467872619629
GAS,BAD,UCB_WITHOUT_VAE_UNCERTAINTY,51,Q loss,36,0.029739638790488243
GAS,BAD,UCB_WITHOUT_VAE_UNCERTAINTY,51,Q loss,37,0.01888361945748329
GAS,BAD,UCB_WITHOUT_VAE_UNCERTAINTY,51,Q loss,38,0.028739143162965775
GAS,BAD,UCB_WITHOUT_VAE_UNCERTAINTY,51,Q loss,39,0.020098073408007622
GAS,BAD,UCB_WITHOUT_VAE_UNCERTAINTY,51,Q loss,40,0.018565915524959564
GAS,BAD,UCB_WITHOUT_VAE_UNCERTAINTY,51,Q loss,41,0.026792190968990326
GAS,BAD,UCB_WITHOUT_VAE_UNCERTAINTY,51,Q loss,42,0.020750243216753006
GAS,BAD,UCB_WITHOUT_VAE_UNCERTAINTY,51,Q loss,43,0.015840698033571243
GAS,BAD,UCB_WITHOUT_VAE_UNCERTAINTY,51,Q loss,44,0.014487375505268574
GAS,BAD,UCB_WITHOUT_VAE_UNCERTAINTY,51,Q loss,45,0.0298595130443573
GAS,BAD,UCB_WITHOUT_VAE_UNCERTAINTY,51,Q loss,46,0.028696712106466293
GAS,BAD,UCB_WITHOUT_VAE_UNCERTAINTY,51,Q loss,47,0.022643810138106346
GAS,BAD,UCB_WITHOUT_VAE_UNCERTAINTY,51,Q loss,48,0.017334647476673126
GAS,BAD,UCB_WITHOUT_VAE_UNCERTAINTY,51,Q loss,49,0.02150537818670273
GAS,BAD,UCB_WITHOUT_VAE_UNCERTAINTY,51,Q loss,50,0.015045497566461563
GAS,BAD,UCB_WITHOUT_VAE_UNCERTAINTY,51,Q loss,51,0.018945036455988884
GAS,BAD,UCB_WITHOUT_VAE_UNCERTAINTY,51,Q loss,52,0.018275897949934006
GAS,BAD,UCB_WITHOUT_VAE_UNCERTAINTY,51,Q loss,53,0.037336524575948715
GAS,BAD,UCB_WITHOUT_VAE_UNCERTAINTY,51,Q loss,54,0.025154151022434235
GAS,BAD,UCB_WITHOUT_VAE_UNCERTAINTY,51,Q loss,55,0.017624318599700928
GAS,BAD,UCB_WITHOUT_VAE_UNCERTAINTY,51,Q loss,56,0.026383481919765472
GAS,BAD,UCB_WITHOUT_VAE_UNCERTAINTY,51,Q loss,57,0.01996748521924019
GAS,BAD,UCB_WITHOUT_VAE_UNCERTAINTY,51,Q loss,58,0.015938416123390198
GAS,BAD,UCB_WITHOUT_VAE_UNCERTAINTY,51,Q loss,59,0.018729032948613167
GAS,BAD,UCB_WITHOUT_VAE_UNCERTAINTY,51,Q loss,60,0.01942848414182663
GAS,BAD,UCB_WITHOUT_VAE_UNCERTAINTY,51,Q loss,61,0.013401785865426064
GAS,BAD,UCB_WITHOUT_VAE_UNCERTAINTY,51,Q loss,62,0.017524536699056625
GAS,BAD,UCB_WITHOUT_VAE_UNCERTAINTY,51,Q loss,63,0.018543753772974014
GAS,BAD,UCB_WITHOUT_VAE_UNCERTAINTY,51,Q loss,64,0.021297048777341843
GAS,BAD,UCB_WITHOUT_VAE_UNCERTAINTY,51,Q loss,65,0.018729839473962784
GAS,BAD,UCB_WITHOUT_VAE_UNCERTAINTY,51,Q loss,66,0.020894110202789307
GAS,BAD,UCB_WITHOUT_VAE_UNCERTAINTY,51,Q loss,67,0.025774866342544556
GAS,BAD,UCB_WITHOUT_VAE_UNCERTAINTY,51,Q loss,68,0.018669936805963516
GAS,BAD,UCB_WITHOUT_VAE_UNCERTAINTY,51,Q loss,69,0.016099082306027412
GAS,BAD,UCB_WITHOUT_VAE_UNCERTAINTY,51,Q loss,70,0.015925727784633636
GAS,BAD,UCB_WITHOUT_VAE_UNCERTAINTY,51,Q loss,71,0.03032034821808338
GAS,BAD,UCB_WITHOUT_VAE_UNCERTAINTY,51,Q loss,72,0.023079756647348404
GAS,BAD,UCB_WITHOUT_VAE_UNCERTAINTY,51,Q loss,73,0.013304516673088074
GAS,BAD,UCB_WITHOUT_VAE_UNCERTAINTY,51,Q loss,74,0.023509323596954346
GAS,BAD,UCB_WITHOUT_VAE_UNCERTAINTY,51,Q loss,75,0.018968626856803894
GAS,BAD,UCB_WITHOUT_VAE_UNCERTAINTY,51,Q loss,76,0.009601175785064697
GAS,BAD,UCB_WITHOUT_VAE_UNCERTAINTY,51,Q loss,77,0.027772143483161926
GAS,BAD,UCB_WITHOUT_VAE_UNCERTAINTY,51,Q loss,78,0.01886589080095291
GAS,BAD,UCB_WITHOUT_VAE_UNCERTAINTY,51,Q loss,79,0.01663242280483246
GAS,BAD,UCB_WITHOUT_VAE_UNCERTAINTY,51,Q loss,80,0.013925234787166119
GAS,BAD,UCB_WITHOUT_VAE_UNCERTAINTY,51,Q loss,81,0.02239352837204933
GAS,BAD,UCB_WITHOUT_VAE_UNCERTAINTY,51,Q loss,82,0.016492869704961777
GAS,BAD,UCB_WITHOUT_VAE_UNCERTAINTY,51,Q loss,83,0.019843731075525284
GAS,BAD,UCB_WITHOUT_VAE_UNCERTAINTY,51,Q loss,84,0.013935359194874763
GAS,BAD,UCB_WITHOUT_VAE_UNCERTAINTY,51,Q loss,85,0.021697526797652245
GAS,BAD,UCB_WITHOUT_VAE_UNCERTAINTY,51,Q loss,86,0.02364945039153099
GAS,BAD,UCB_WITHOUT_VAE_UNCERTAINTY,51,Q loss,87,0.012904607690870762
GAS,BAD,UCB_WITHOUT_VAE_UNCERTAINTY,51,Q loss,88,0.018765833228826523
GAS,BAD,UCB_WITHOUT_VAE_UNCERTAINTY,51,Q loss,89,0.0420663058757782
GAS,BAD,UCB_WITHOUT_VAE_UNCERTAINTY,51,Q loss,90,0.02042500302195549
GAS,BAD,UCB_WITHOUT_VAE_UNCERTAINTY,51,Q loss,91,0.015847831964492798
GAS,BAD,UCB_WITHOUT_VAE_UNCERTAINTY,51,Q loss,92,0.02328404225409031
GAS,BAD,UCB_WITHOUT_VAE_UNCERTAINTY,51,Q loss,93,0.014671358279883862
GAS,BAD,UCB_WITHOUT_VAE_UNCERTAINTY,51,Q loss,94,0.00997905246913433
GAS,BAD,UCB_WITHOUT_VAE_UNCERTAINTY,51,Q loss,95,0.021258912980556488
GAS,BAD,UCB_WITHOUT_VAE_UNCERTAINTY,51,Q loss,96,0.019470220431685448
GAS,BAD,UCB_WITHOUT_VAE_UNCERTAINTY,51,Q loss,97,0.012962205335497856
GAS,BAD,UCB_WITHOUT_VAE_UNCERTAINTY,51,Q loss,98,0.008963912725448608
GAS,BAD,UCB_WITHOUT_VAE_UNCERTAINTY,51,Q loss,99,0.016719918698072433
GAS,BAD,UCB_WITHOUT_VAE_UNCERTAINTY,51,Q loss,100,0.01930806413292885
GAS,BAD,UCB_WITHOUT_VAE_UNCERTAINTY,51,Q loss,101,0.011347861960530281
GAS,BAD,UCB_WITHOUT_VAE_UNCERTAINTY,51,Q loss,102,0.01323456410318613
GAS,BAD,UCB_WITHOUT_VAE_UNCERTAINTY,51,Q loss,103,0.01388032827526331
GAS,BAD,UCB_WITHOUT_VAE_UNCERTAINTY,51,Q loss,104,0.011737283319234848
GAS,BAD,UCB_WITHOUT_VAE_UNCERTAINTY,51,Q loss,105,0.010076270438730717
GAS,BAD,UCB_WITHOUT_VAE_UNCERTAINTY,51,Q loss,106,0.017040837556123734
GAS,BAD,UCB_WITHOUT_VAE_UNCERTAINTY,51,Q loss,107,0.03194982185959816
GAS,BAD,UCB_WITHOUT_VAE_UNCERTAINTY,51,Q loss,108,0.024332929402589798
GAS,BAD,UCB_WITHOUT_VAE_UNCERTAINTY,51,Q loss,109,0.014690623618662357
GAS,BAD,UCB_WITHOUT_VAE_UNCERTAINTY,51,Q loss,110,0.012877147644758224
GAS,BAD,UCB_WITHOUT_VAE_UNCERTAINTY,51,Q loss,111,0.017268788069486618
GAS,BAD,UCB_WITHOUT_VAE_UNCERTAINTY,51,Q loss,112,0.01549668051302433
GAS,BAD,UCB_WITHOUT_VAE_UNCERTAINTY,51,Q loss,113,0.01956751197576523
GAS,BAD,UCB_WITHOUT_VAE_UNCERTAINTY,51,Q loss,114,0.012386965565383434
GAS,BAD,UCB_WITHOUT_VAE_UNCERTAINTY,51,Q loss,115,0.010644588619470596
GAS,BAD,UCB_WITHOUT_VAE_UNCERTAINTY,51,Q loss,116,0.006284462288022041
GAS,BAD,UCB_WITHOUT_VAE_UNCERTAINTY,51,Q loss,117,0.01999698206782341
GAS,BAD,UCB_WITHOUT_VAE_UNCERTAINTY,51,Q loss,118,0.009232709184288979
GAS,BAD,UCB_WITHOUT_VAE_UNCERTAINTY,51,Q loss,119,0.011933989822864532
GAS,BAD,UCB_WITHOUT_VAE_UNCERTAINTY,51,Q loss,120,0.007981880567967892
GAS,BAD,UCB_WITHOUT_VAE_UNCERTAINTY,51,Q loss,121,0.013160044327378273
GAS,BAD,UCB_WITHOUT_VAE_UNCERTAINTY,51,Q loss,122,0.014282608404755592
GAS,BAD,UCB_WITHOUT_VAE_UNCERTAINTY,51,Q loss,123,0.009218418970704079
GAS,BAD,UCB_WITHOUT_VAE_UNCERTAINTY,51,Q loss,124,0.008976016193628311
GAS,BAD,UCB_WITHOUT_VAE_UNCERTAINTY,51,Q loss,125,0.019649416208267212
GAS,BAD,UCB_WITHOUT_VAE_UNCERTAINTY,51,Q loss,126,0.012180149555206299
GAS,BAD,UCB_WITHOUT_VAE_UNCERTAINTY,51,Q loss,127,0.015264352783560753
GAS,BAD,UCB_WITHOUT_VAE_UNCERTAINTY,51,Q loss,128,0.010693694464862347
GAS,BAD,UCB_WITHOUT_VAE_UNCERTAINTY,51,Q loss,129,0.005269676446914673
GAS,BAD,UCB_WITHOUT_VAE_UNCERTAINTY,51,Q loss,130,0.010996364057064056
GAS,BAD,UCB_WITHOUT_VAE_UNCERTAINTY,51,Q loss,131,0.009629328735172749
GAS,BAD,UCB_WITHOUT_VAE_UNCERTAINTY,51,Q loss,132,0.012530043721199036
GAS,BAD,UCB_WITHOUT_VAE_UNCERTAINTY,51,Q loss,133,0.009746494702994823
GAS,BAD,UCB_WITHOUT_VAE_UNCERTAINTY,51,Q loss,134,0.008650329895317554
GAS,BAD,UCB_WITHOUT_VAE_UNCERTAINTY,51,Q loss,135,0.015073949471116066
GAS,BAD,UCB_WITHOUT_VAE_UNCERTAINTY,51,Q loss,136,0.008497537113726139
GAS,BAD,UCB_WITHOUT_VAE_UNCERTAINTY,51,Q loss,137,0.011703935451805592
GAS,BAD,UCB_WITHOUT_VAE_UNCERTAINTY,51,Q loss,138,0.008746188133955002
GAS,BAD,UCB_WITHOUT_VAE_UNCERTAINTY,51,Q loss,139,0.007886161096394062
GAS,BAD,UCB_WITHOUT_VAE_UNCERTAINTY,51,Q loss,140,0.008403848856687546
GAS,BAD,UCB_WITHOUT_VAE_UNCERTAINTY,51,Q loss,141,0.007786231581121683
GAS,BAD,UCB_WITHOUT_VAE_UNCERTAINTY,51,Q loss,142,0.005227048881351948
GAS,BAD,UCB_WITHOUT_VAE_UNCERTAINTY,51,Q loss,143,0.019329525530338287
GAS,BAD,UCB_WITHOUT_VAE_UNCERTAINTY,51,Q loss,144,0.015263878740370274
GAS,BAD,UCB_WITHOUT_VAE_UNCERTAINTY,51,Q loss,145,0.007937738671898842
GAS,BAD,UCB_WITHOUT_VAE_UNCERTAINTY,51,Q loss,146,0.008561595343053341
GAS,BAD,UCB_WITHOUT_VAE_UNCERTAINTY,51,Q loss,147,0.006307775154709816
GAS,BAD,UCB_WITHOUT_VAE_UNCERTAINTY,51,Q loss,148,0.007424039300531149
GAS,BAD,UCB_WITHOUT_VAE_UNCERTAINTY,51,Q loss,149,0.010016066953539848
GAS,BAD,UCB_WITHOUT_VAE_UNCERTAINTY,51,Q loss,150,0.008925884030759335
GAS,BAD,UCB_WITHOUT_VAE_UNCERTAINTY,51,Q loss,151,0.007721316069364548
GAS,BAD,UCB_WITHOUT_VAE_UNCERTAINTY,51,Q loss,152,0.007922932505607605
GAS,BAD,UCB_WITHOUT_VAE_UNCERTAINTY,51,Q loss,153,0.01511115301400423
GAS,BAD,UCB_WITHOUT_VAE_UNCERTAINTY,51,Q loss,154,0.014373157173395157
GAS,BAD,UCB_WITHOUT_VAE_UNCERTAINTY,51,Q loss,155,0.014339281246066093
GAS,BAD,UCB_WITHOUT_VAE_UNCERTAINTY,51,Q loss,156,0.00660047447308898
GAS,BAD,UCB_WITHOUT_VAE_UNCERTAINTY,51,Q loss,157,0.010185811668634415
GAS,BAD,UCB_WITHOUT_VAE_UNCERTAINTY,51,Q loss,158,0.005575742106884718
GAS,BAD,UCB_WITHOUT_VAE_UNCERTAINTY,51,Q loss,159,0.006748182699084282
GAS,BAD,UCB_WITHOUT_VAE_UNCERTAINTY,51,Q loss,160,0.005532070063054562
GAS,BAD,UCB_WITHOUT_VAE_UNCERTAINTY,51,Q loss,161,0.014386129565536976
GAS,BAD,UCB_WITHOUT_VAE_UNCERTAINTY,51,Q loss,162,0.00825660303235054
GAS,BAD,UCB_WITHOUT_VAE_UNCERTAINTY,51,Q loss,163,0.010066276416182518
GAS,BAD,UCB_WITHOUT_VAE_UNCERTAINTY,51,Q loss,164,0.005277083721011877
GAS,BAD,UCB_WITHOUT_VAE_UNCERTAINTY,51,Q loss,165,0.004892130382359028
GAS,BAD,UCB_WITHOUT_VAE_UNCERTAINTY,51,Q loss,166,0.006815279368311167
GAS,BAD,UCB_WITHOUT_VAE_UNCERTAINTY,51,Q loss,167,0.0098979277536273
GAS,BAD,UCB_WITHOUT_VAE_UNCERTAINTY,51,Q loss,168,0.006035055965185165
GAS,BAD,UCB_WITHOUT_VAE_UNCERTAINTY,51,Q loss,169,0.0033403178676962852
GAS,BAD,UCB_WITHOUT_VAE_UNCERTAINTY,51,Q loss,170,0.006060001440346241
GAS,BAD,UCB_WITHOUT_VAE_UNCERTAINTY,51,Q loss,171,0.009148557670414448
GAS,BAD,UCB_WITHOUT_VAE_UNCERTAINTY,51,Q loss,172,0.00863685179501772
GAS,BAD,UCB_WITHOUT_VAE_UNCERTAINTY,51,Q loss,173,0.004403799772262573
GAS,BAD,UCB_WITHOUT_VAE_UNCERTAINTY,51,Q loss,174,0.005373413674533367
GAS,BAD,UCB_WITHOUT_VAE_UNCERTAINTY,51,Q loss,175,0.007996978238224983
GAS,BAD,UCB_WITHOUT_VAE_UNCERTAINTY,51,Q loss,176,0.00270703318528831
GAS,BAD,UCB_WITHOUT_VAE_UNCERTAINTY,51,Q loss,177,0.003246880369260907
GAS,BAD,UCB_WITHOUT_VAE_UNCERTAINTY,51,Q loss,178,0.003766077570617199
GAS,BAD,UCB_WITHOUT_VAE_UNCERTAINTY,51,Q loss,179,0.009032920002937317
GAS,BAD,UCB_WITHOUT_VAE_UNCERTAINTY,51,Q loss,180,0.006318223662674427
GAS,BAD,UCB_WITHOUT_VAE_UNCERTAINTY,51,Q loss,181,0.005847408436238766
GAS,BAD,UCB_WITHOUT_VAE_UNCERTAINTY,51,Q loss,182,0.0048919618129730225
GAS,BAD,UCB_WITHOUT_VAE_UNCERTAINTY,51,Q loss,183,0.006290057674050331
GAS,BAD,UCB_WITHOUT_VAE_UNCERTAINTY,51,Q loss,184,0.006958306301385164
GAS,BAD,UCB_WITHOUT_VAE_UNCERTAINTY,51,Q loss,185,0.004342834930866957
GAS,BAD,UCB_WITHOUT_VAE_UNCERTAINTY,51,Q loss,186,0.008795659989118576
GAS,BAD,UCB_WITHOUT_VAE_UNCERTAINTY,51,Q loss,187,0.003952684812247753
GAS,BAD,UCB_WITHOUT_VAE_UNCERTAINTY,51,Q loss,188,0.005628281272947788
GAS,BAD,UCB_WITHOUT_VAE_UNCERTAINTY,51,Q loss,189,0.005913247354328632
GAS,BAD,UCB_WITHOUT_VAE_UNCERTAINTY,51,Q loss,190,0.004510137252509594
GAS,BAD,UCB_WITHOUT_VAE_UNCERTAINTY,51,Q loss,191,0.009064342826604843
GAS,BAD,UCB_WITHOUT_VAE_UNCERTAINTY,51,Q loss,192,0.0033547035418450832
GAS,BAD,UCB_WITHOUT_VAE_UNCERTAINTY,51,Q loss,193,0.005511115305125713
GAS,BAD,UCB_WITHOUT_VAE_UNCERTAINTY,51,Q loss,194,0.009258068166673183
GAS,BAD,UCB_WITHOUT_VAE_UNCERTAINTY,51,Q loss,195,0.0036428882740437984
GAS,BAD,UCB_WITHOUT_VAE_UNCERTAINTY,51,Q loss,196,0.0033522690646350384
GAS,BAD,UCB_WITHOUT_VAE_UNCERTAINTY,51,Q loss,197,0.01260800939053297
GAS,BAD,UCB_WITHOUT_VAE_UNCERTAINTY,51,Q loss,198,0.009659858420491219
GAS,BAD,UCB_WITHOUT_VAE_UNCERTAINTY,51,Q loss,199,0.005842557176947594
GAS,BAD,UCB_WITHOUT_VAE_UNCERTAINTY,51,Q loss,200,0.006714357994496822
GAS,BAD,UCB_WITHOUT_VAE_UNCERTAINTY,51,Q loss,201,0.005145966075360775
GAS,BAD,UCB_WITHOUT_VAE_UNCERTAINTY,51,Q loss,202,0.003188017988577485
GAS,BAD,UCB_WITHOUT_VAE_UNCERTAINTY,51,Q loss,203,0.0059632244519889355
GAS,BAD,UCB_WITHOUT_VAE_UNCERTAINTY,51,Q loss,204,0.008988844230771065
GAS,BAD,UCB_WITHOUT_VAE_UNCERTAINTY,51,Q loss,205,0.002399139106273651
GAS,BAD,UCB_WITHOUT_VAE_UNCERTAINTY,51,Q loss,206,0.004709910601377487
GAS,BAD,UCB_WITHOUT_VAE_UNCERTAINTY,51,Q loss,207,0.012661805376410484
GAS,BAD,UCB_WITHOUT_VAE_UNCERTAINTY,51,Q loss,208,0.005242524668574333
GAS,BAD,UCB_WITHOUT_VAE_UNCERTAINTY,51,Q loss,209,0.0044394442811608315
GAS,BAD,UCB_WITHOUT_VAE_UNCERTAINTY,51,Q loss,210,0.0022589589934796095
GAS,BAD,UCB_WITHOUT_VAE_UNCERTAINTY,51,Q loss,211,0.009344153106212616
GAS,BAD,UCB_WITHOUT_VAE_UNCERTAINTY,51,Q loss,212,0.004825495183467865
GAS,BAD,UCB_WITHOUT_VAE_UNCERTAINTY,51,Q loss,213,0.0035828358959406614
GAS,BAD,UCB_WITHOUT_VAE_UNCERTAINTY,51,Q loss,214,0.004010464996099472
GAS,BAD,UCB_WITHOUT_VAE_UNCERTAINTY,51,Q loss,215,0.004506649915128946
GAS,BAD,UCB_WITHOUT_VAE_UNCERTAINTY,51,Q loss,216,0.007291690446436405
GAS,BAD,UCB_WITHOUT_VAE_UNCERTAINTY,51,Q loss,217,0.009267980232834816
GAS,BAD,UCB_WITHOUT_VAE_UNCERTAINTY,51,Q loss,218,0.003377219196408987
GAS,BAD,UCB_WITHOUT_VAE_UNCERTAINTY,51,Q loss,219,0.0019636901561170816
GAS,BAD,UCB_WITHOUT_VAE_UNCERTAINTY,51,Q loss,220,0.0011025072308257222
GAS,BAD,UCB_WITHOUT_VAE_UNCERTAINTY,51,Q loss,221,0.003995043225586414
GAS,BAD,UCB_WITHOUT_VAE_UNCERTAINTY,51,Q loss,222,0.005726491566747427
GAS,BAD,UCB_WITHOUT_VAE_UNCERTAINTY,51,Q loss,223,0.0034720103722065687
GAS,BAD,UCB_WITHOUT_VAE_UNCERTAINTY,51,Q loss,224,0.0027329130098223686
GAS,BAD,UCB_WITHOUT_VAE_UNCERTAINTY,51,Q loss,225,0.007130185142159462
GAS,BAD,UCB_WITHOUT_VAE_UNCERTAINTY,51,Q loss,226,0.004749155603349209
GAS,BAD,UCB_WITHOUT_VAE_UNCERTAINTY,51,Q loss,227,0.0042757997289299965
GAS,BAD,UCB_WITHOUT_VAE_UNCERTAINTY,51,Q loss,228,0.0031844915356487036
GAS,BAD,UCB_WITHOUT_VAE_UNCERTAINTY,51,Q loss,229,0.0028885332867503166
GAS,BAD,UCB_WITHOUT_VAE_UNCERTAINTY,51,Q loss,230,0.004805246368050575
GAS,BAD,UCB_WITHOUT_VAE_UNCERTAINTY,51,Q loss,231,0.0030927201732993126
GAS,BAD,UCB_WITHOUT_VAE_UNCERTAINTY,51,Q loss,232,0.0029233223758637905
GAS,BAD,UCB_WITHOUT_VAE_UNCERTAINTY,51,Q loss,233,0.012058107182383537
GAS,BAD,UCB_WITHOUT_VAE_UNCERTAINTY,51,Q loss,234,0.0014773295260965824
GAS,BAD,UCB_WITHOUT_VAE_UNCERTAINTY,51,Q loss,235,0.002795661333948374
GAS,BAD,UCB_WITHOUT_VAE_UNCERTAINTY,51,Q loss,236,0.003920920193195343
GAS,BAD,UCB_WITHOUT_VAE_UNCERTAINTY,51,Q loss,237,0.0024357326328754425
GAS,BAD,UCB_WITHOUT_VAE_UNCERTAINTY,51,Q loss,238,0.003118556924164295
GAS,BAD,UCB_WITHOUT_VAE_UNCERTAINTY,51,Q loss,239,0.0006694488110952079
GAS,BAD,UCB_WITHOUT_VAE_UNCERTAINTY,51,Q loss,240,0.003632177831605077
GAS,BAD,UCB_WITHOUT_VAE_UNCERTAINTY,51,Q loss,241,0.002614556811749935
GAS,BAD,UCB_WITHOUT_VAE_UNCERTAINTY,51,Q loss,242,0.003841766621917486
GAS,BAD,UCB_WITHOUT_VAE_UNCERTAINTY,51,Q loss,243,0.004355211276561022
GAS,BAD,UCB_WITHOUT_VAE_UNCERTAINTY,51,Q loss,244,0.005718917120248079
GAS,BAD,UCB_WITHOUT_VAE_UNCERTAINTY,51,Q loss,245,0.00303039513528347
GAS,BAD,UCB_WITHOUT_VAE_UNCERTAINTY,51,Q loss,246,0.003856940194964409
GAS,BAD,UCB_WITHOUT_VAE_UNCERTAINTY,51,Q loss,247,0.0025827791541814804
GAS,BAD,UCB_WITHOUT_VAE_UNCERTAINTY,51,Q loss,248,0.0033696340397000313
GAS,BAD,UCB_WITHOUT_VAE_UNCERTAINTY,51,Q loss,249,0.0015269354917109013
GAS,BAD,UCB_WITHOUT_VAE_UNCERTAINTY,51,Q loss,250,0.0032225020695477724
GAS,BAD,UCB_WITHOUT_VAE_UNCERTAINTY,51,Q loss,251,0.004899087827652693
GAS,BAD,UCB_WITHOUT_VAE_UNCERTAINTY,51,Q loss,252,0.002993218135088682
GAS,BAD,UCB_WITHOUT_VAE_UNCERTAINTY,51,Q loss,253,0.0031913579441607
GAS,BAD,UCB_WITHOUT_VAE_UNCERTAINTY,51,Q loss,254,0.003617962822318077
GAS,BAD,UCB_WITHOUT_VAE_UNCERTAINTY,51,Q loss,255,0.004267309792339802
GAS,BAD,UCB_WITHOUT_VAE_UNCERTAINTY,51,Q loss,256,0.0023473361507058144
GAS,BAD,UCB_WITHOUT_VAE_UNCERTAINTY,51,Q loss,257,0.0033430270850658417
GAS,BAD,UCB_WITHOUT_VAE_UNCERTAINTY,51,Q loss,258,0.0028254040516912937
GAS,BAD,UCB_WITHOUT_VAE_UNCERTAINTY,51,Q loss,259,0.002126252744346857
GAS,BAD,UCB_WITHOUT_VAE_UNCERTAINTY,51,Q loss,260,0.0022380687296390533
GAS,BAD,UCB_WITHOUT_VAE_UNCERTAINTY,51,Q loss,261,0.007588856387883425
GAS,BAD,UCB_WITHOUT_VAE_UNCERTAINTY,51,Q loss,262,0.004143569152802229
GAS,BAD,UCB_WITHOUT_VAE_UNCERTAINTY,51,Q loss,263,0.006158976815640926
GAS,BAD,UCB_WITHOUT_VAE_UNCERTAINTY,51,Q loss,264,0.0033303957898169756
GAS,BAD,UCB_WITHOUT_VAE_UNCERTAINTY,51,Q loss,265,0.006133083254098892
GAS,BAD,UCB_WITHOUT_VAE_UNCERTAINTY,51,Q loss,266,0.002185870660468936
GAS,BAD,UCB_WITHOUT_VAE_UNCERTAINTY,51,Q loss,267,0.0030539673753082752
GAS,BAD,UCB_WITHOUT_VAE_UNCERTAINTY,51,Q loss,268,0.0031168214045464993
GAS,BAD,UCB_WITHOUT_VAE_UNCERTAINTY,51,Q loss,269,0.004174571484327316
GAS,BAD,UCB_WITHOUT_VAE_UNCERTAINTY,51,Q loss,270,0.004563776310533285
GAS,BAD,UCB_WITHOUT_VAE_UNCERTAINTY,51,Q loss,271,0.0036249496042728424
GAS,BAD,UCB_WITHOUT_VAE_UNCERTAINTY,51,Q loss,272,0.0031475757714360952
GAS,BAD,UCB_WITHOUT_VAE_UNCERTAINTY,51,Q loss,273,0.00464172288775444
GAS,BAD,UCB_WITHOUT_VAE_UNCERTAINTY,51,Q loss,274,0.0008622319437563419
GAS,BAD,UCB_WITHOUT_VAE_UNCERTAINTY,51,Q loss,275,0.0010999543592333794
GAS,BAD,UCB_WITHOUT_VAE_UNCERTAINTY,51,Q loss,276,0.002456734189763665
GAS,BAD,UCB_WITHOUT_VAE_UNCERTAINTY,51,Q loss,277,0.002569332253187895
GAS,BAD,UCB_WITHOUT_VAE_UNCERTAINTY,51,Q loss,278,0.0026509163435548544
GAS,BAD,UCB_WITHOUT_VAE_UNCERTAINTY,51,Q loss,279,0.008464829064905643
GAS,BAD,UCB_WITHOUT_VAE_UNCERTAINTY,51,Q loss,280,0.0025179553776979446
GAS,BAD,UCB_WITHOUT_VAE_UNCERTAINTY,51,Q loss,281,0.007110402919352055
GAS,BAD,UCB_WITHOUT_VAE_UNCERTAINTY,51,Q loss,282,0.0027961619198322296
GAS,BAD,UCB_WITHOUT_VAE_UNCERTAINTY,51,Q loss,283,0.0029857526533305645
GAS,BAD,UCB_WITHOUT_VAE_UNCERTAINTY,51,Q loss,284,0.001993907615542412
GAS,BAD,UCB_WITHOUT_VAE_UNCERTAINTY,51,Q loss,285,0.004510525614023209
GAS,BAD,UCB_WITHOUT_VAE_UNCERTAINTY,51,Q loss,286,0.0033380002714693546
GAS,BAD,UCB_WITHOUT_VAE_UNCERTAINTY,51,Q loss,287,0.003681748639792204
GAS,BAD,UCB_WITHOUT_VAE_UNCERTAINTY,51,Q loss,288,0.003687620162963867
GAS,BAD,UCB_WITHOUT_VAE_UNCERTAINTY,51,Q loss,289,0.0017301625339314342
GAS,BAD,UCB_WITHOUT_VAE_UNCERTAINTY,51,Q loss,290,0.002793362829834223
GAS,BAD,UCB_WITHOUT_VAE_UNCERTAINTY,51,Q loss,291,0.000971558503806591
GAS,BAD,UCB_WITHOUT_VAE_UNCERTAINTY,51,Q loss,292,0.0020256342831999063
GAS,BAD,UCB_WITHOUT_VAE_UNCERTAINTY,51,Q loss,293,0.002062935847789049
GAS,BAD,UCB_WITHOUT_VAE_UNCERTAINTY,51,Q loss,294,0.0029590288177132607
GAS,BAD,UCB_WITHOUT_VAE_UNCERTAINTY,51,Q loss,295,0.0015398453688248992
GAS,BAD,UCB_WITHOUT_VAE_UNCERTAINTY,51,Q loss,296,0.0014848997816443443
GAS,BAD,UCB_WITHOUT_VAE_UNCERTAINTY,51,Q loss,297,0.00770065002143383
GAS,BAD,UCB_WITHOUT_VAE_UNCERTAINTY,51,Q loss,298,0.0028857626020908356
GAS,BAD,UCB_WITHOUT_VAE_UNCERTAINTY,51,Q loss,299,0.0028462300542742014
GAS,BAD,UCB_WITHOUT_VAE_UNCERTAINTY,51,Q loss,300,0.00276574632152915
GAS,BAD,UCB_WITHOUT_VAE_UNCERTAINTY,51,Q loss,301,0.003420988330617547
GAS,BAD,UCB_WITHOUT_VAE_UNCERTAINTY,51,Q loss,302,0.0019467478850856423
GAS,BAD,UCB_WITHOUT_VAE_UNCERTAINTY,51,Q loss,303,0.003487116191536188
GAS,BAD,UCB_WITHOUT_VAE_UNCERTAINTY,51,Q loss,304,0.004742066841572523
GAS,BAD,UCB_WITHOUT_VAE_UNCERTAINTY,51,Q loss,305,0.011039193719625473
GAS,BAD,UCB_WITHOUT_VAE_UNCERTAINTY,51,Q loss,306,0.0033276595640927553
GAS,BAD,UCB_WITHOUT_VAE_UNCERTAINTY,51,Q loss,307,0.002856731414794922
GAS,BAD,UCB_WITHOUT_VAE_UNCERTAINTY,51,Q loss,308,0.0028650821186602116
GAS,BAD,UCB_WITHOUT_VAE_UNCERTAINTY,51,Q loss,309,0.0019306947942823172
GAS,BAD,UCB_WITHOUT_VAE_UNCERTAINTY,51,Q loss,310,0.0012975964928045869
GAS,BAD,UCB_WITHOUT_VAE_UNCERTAINTY,51,Q loss,311,0.003980739042162895
GAS,BAD,UCB_WITHOUT_VAE_UNCERTAINTY,51,Q loss,312,0.0031367638148367405
GAS,BAD,UCB_WITHOUT_VAE_UNCERTAINTY,51,Q loss,313,0.002612731419503689
GAS,BAD,UCB_WITHOUT_VAE_UNCERTAINTY,51,Q loss,314,0.003320959396660328
GAS,BAD,UCB_WITHOUT_VAE_UNCERTAINTY,51,Q loss,315,0.008289269171655178
GAS,BAD,UCB_WITHOUT_VAE_UNCERTAINTY,51,Q loss,316,0.0035412455908954144
GAS,BAD,UCB_WITHOUT_VAE_UNCERTAINTY,51,Q loss,317,0.0017962092533707619
GAS,BAD,UCB_WITHOUT_VAE_UNCERTAINTY,51,Q loss,318,0.0030163205228745937
GAS,BAD,UCB_WITHOUT_VAE_UNCERTAINTY,51,Q loss,319,0.002733326982706785
GAS,BAD,UCB_WITHOUT_VAE_UNCERTAINTY,51,Q loss,320,0.002200094051659107
GAS,BAD,UCB_WITHOUT_VAE_UNCERTAINTY,51,Q loss,321,0.0027574929408729076
GAS,BAD,UCB_WITHOUT_VAE_UNCERTAINTY,51,Q loss,322,0.00287229148671031
GAS,BAD,UCB_WITHOUT_VAE_UNCERTAINTY,51,Q loss,323,0.0035679726861417294
GAS,BAD,UCB_WITHOUT_VAE_UNCERTAINTY,51,Q loss,324,0.0025588113348931074
GAS,BAD,UCB_WITHOUT_VAE_UNCERTAINTY,51,Q loss,325,0.0034585921093821526
GAS,BAD,UCB_WITHOUT_VAE_UNCERTAINTY,51,Q loss,326,0.0029359813779592514
GAS,BAD,UCB_WITHOUT_VAE_UNCERTAINTY,51,Q loss,327,0.0011107629397884011
GAS,BAD,UCB_WITHOUT_VAE_UNCERTAINTY,51,Q loss,328,0.0014653280377388
GAS,BAD,UCB_WITHOUT_VAE_UNCERTAINTY,51,Q loss,329,0.006070714443922043
GAS,BAD,UCB_WITHOUT_VAE_UNCERTAINTY,51,Q loss,330,0.0020445436239242554
GAS,BAD,UCB_WITHOUT_VAE_UNCERTAINTY,51,Q loss,331,0.0032965969294309616
GAS,BAD,UCB_WITHOUT_VAE_UNCERTAINTY,51,Q loss,332,0.0038425615057349205
GAS,BAD,UCB_WITHOUT_VAE_UNCERTAINTY,51,Q loss,333,0.004719080403447151
GAS,BAD,UCB_WITHOUT_VAE_UNCERTAINTY,51,Q loss,334,0.007447079289704561
GAS,BAD,UCB_WITHOUT_VAE_UNCERTAINTY,51,Q loss,335,0.0030590665992349386
GAS,BAD,UCB_WITHOUT_VAE_UNCERTAINTY,51,Q loss,336,0.004505041055381298
GAS,BAD,UCB_WITHOUT_VAE_UNCERTAINTY,51,Q loss,337,0.0016421915497630835
GAS,BAD,UCB_WITHOUT_VAE_UNCERTAINTY,51,Q loss,338,0.002632987452670932
GAS,BAD,UCB_WITHOUT_VAE_UNCERTAINTY,51,Q loss,339,0.0034481948241591454
GAS,BAD,UCB_WITHOUT_VAE_UNCERTAINTY,51,Q loss,340,0.001587264472618699
GAS,BAD,UCB_WITHOUT_VAE_UNCERTAINTY,51,Q loss,341,0.004484939854592085
GAS,BAD,UCB_WITHOUT_VAE_UNCERTAINTY,51,Q loss,342,0.001503516687080264
GAS,BAD,UCB_WITHOUT_VAE_UNCERTAINTY,51,Q loss,343,0.002403640653938055
GAS,BAD,UCB_WITHOUT_VAE_UNCERTAINTY,51,Q loss,344,0.002642560051754117
GAS,BAD,UCB_WITHOUT_VAE_UNCERTAINTY,51,Q loss,345,0.0014749296242371202
GAS,BAD,UCB_WITHOUT_VAE_UNCERTAINTY,51,Q loss,346,0.0010659301187843084
GAS,BAD,UCB_WITHOUT_VAE_UNCERTAINTY,51,Q loss,347,0.003981135785579681
GAS,BAD,UCB_WITHOUT_VAE_UNCERTAINTY,51,Q loss,348,0.006536227650940418
GAS,BAD,UCB_WITHOUT_VAE_UNCERTAINTY,51,Q loss,349,0.002675398252904415
GAS,BAD,UCB_WITHOUT_VAE_UNCERTAINTY,51,Q loss,350,0.0013186358846724033
GAS,BAD,UCB_WITHOUT_VAE_UNCERTAINTY,51,Q loss,351,0.004908173345029354
GAS,BAD,UCB_WITHOUT_VAE_UNCERTAINTY,51,Q loss,352,0.002602646593004465
GAS,BAD,UCB_WITHOUT_VAE_UNCERTAINTY,51,Q loss,353,0.0029491118621081114
GAS,BAD,UCB_WITHOUT_VAE_UNCERTAINTY,51,Q loss,354,0.004288962110877037
GAS,BAD,UCB_WITHOUT_VAE_UNCERTAINTY,51,Q loss,355,0.0014062076807022095
GAS,BAD,UCB_WITHOUT_VAE_UNCERTAINTY,51,Q loss,356,0.005800347775220871
GAS,BAD,UCB_WITHOUT_VAE_UNCERTAINTY,51,Q loss,357,0.0021974006667733192
GAS,BAD,UCB_WITHOUT_VAE_UNCERTAINTY,51,Q loss,358,0.004178392700850964
GAS,BAD,UCB_WITHOUT_VAE_UNCERTAINTY,51,Q loss,359,0.007488475646823645
GAS,BAD,UCB_WITHOUT_VAE_UNCERTAINTY,51,Q loss,360,0.005348877981305122
GAS,BAD,UCB_WITHOUT_VAE_UNCERTAINTY,51,Q loss,361,0.0023524751886725426
GAS,BAD,UCB_WITHOUT_VAE_UNCERTAINTY,51,Q loss,362,0.0025291084311902523
GAS,BAD,UCB_WITHOUT_VAE_UNCERTAINTY,51,Q loss,363,0.0007149754092097282
GAS,BAD,UCB_WITHOUT_VAE_UNCERTAINTY,51,Q loss,364,0.00293873343616724
GAS,BAD,UCB_WITHOUT_VAE_UNCERTAINTY,51,Q loss,365,0.0029716265853494406
GAS,BAD,UCB_WITHOUT_VAE_UNCERTAINTY,51,Q loss,366,0.004046926274895668
GAS,BAD,UCB_WITHOUT_VAE_UNCERTAINTY,51,Q loss,367,0.0024473117664456367
GAS,BAD,UCB_WITHOUT_VAE_UNCERTAINTY,51,Q loss,368,0.001409245771355927
GAS,BAD,UCB_WITHOUT_VAE_UNCERTAINTY,51,Q loss,369,0.005864131264388561
GAS,BAD,UCB_WITHOUT_VAE_UNCERTAINTY,51,Q loss,370,0.003807289060205221
GAS,BAD,UCB_WITHOUT_VAE_UNCERTAINTY,51,Q loss,371,0.004969303030520678
GAS,BAD,UCB_WITHOUT_VAE_UNCERTAINTY,51,Q loss,372,0.0025543461088091135
GAS,BAD,UCB_WITHOUT_VAE_UNCERTAINTY,51,Q loss,373,0.0015326847787946463
GAS,BAD,UCB_WITHOUT_VAE_UNCERTAINTY,51,Q loss,374,0.0026175635866820812
GAS,BAD,UCB_WITHOUT_VAE_UNCERTAINTY,51,Q loss,375,0.003061724826693535
GAS,BAD,UCB_WITHOUT_VAE_UNCERTAINTY,51,Q loss,376,0.001828853040933609
GAS,BAD,UCB_WITHOUT_VAE_UNCERTAINTY,51,Q loss,377,0.005089287180453539
GAS,BAD,UCB_WITHOUT_VAE_UNCERTAINTY,51,Q loss,378,0.0034509485121816397
GAS,BAD,UCB_WITHOUT_VAE_UNCERTAINTY,51,Q loss,379,0.002823391929268837
GAS,BAD,UCB_WITHOUT_VAE_UNCERTAINTY,51,Q loss,380,0.003813766408711672
GAS,BAD,UCB_WITHOUT_VAE_UNCERTAINTY,51,Q loss,381,0.0016052329447120428
GAS,BAD,UCB_WITHOUT_VAE_UNCERTAINTY,51,Q loss,382,0.0027065351605415344
GAS,BAD,UCB_WITHOUT_VAE_UNCERTAINTY,51,Q loss,383,0.0037976098246872425
GAS,BAD,UCB_WITHOUT_VAE_UNCERTAINTY,51,Q loss,384,0.00561134610325098
GAS,BAD,UCB_WITHOUT_VAE_UNCERTAINTY,51,Q loss,385,0.0018076898995786905
GAS,BAD,UCB_WITHOUT_VAE_UNCERTAINTY,51,Q loss,386,0.0016267586033791304
GAS,BAD,UCB_WITHOUT_VAE_UNCERTAINTY,51,Q loss,387,0.0032138382084667683
GAS,BAD,UCB_WITHOUT_VAE_UNCERTAINTY,51,Q loss,388,0.0032351715490221977
GAS,BAD,UCB_WITHOUT_VAE_UNCERTAINTY,51,Q loss,389,0.0026387455873191357
GAS,BAD,UCB_WITHOUT_VAE_UNCERTAINTY,51,Q loss,390,0.0015724679687991738
GAS,BAD,UCB_WITHOUT_VAE_UNCERTAINTY,51,Q loss,391,0.0021553910337388515
GAS,BAD,UCB_WITHOUT_VAE_UNCERTAINTY,51,Q loss,392,0.0022439679596573114
GAS,BAD,UCB_WITHOUT_VAE_UNCERTAINTY,51,Q loss,393,0.0024929821956902742
GAS,BAD,UCB_WITHOUT_VAE_UNCERTAINTY,51,Q loss,394,0.0022339061833918095
GAS,BAD,UCB_WITHOUT_VAE_UNCERTAINTY,51,Q loss,395,0.0029931343160569668
GAS,BAD,UCB_WITHOUT_VAE_UNCERTAINTY,51,Q loss,396,0.0026656342670321465
GAS,BAD,UCB_WITHOUT_VAE_UNCERTAINTY,51,Q loss,397,0.003212708979845047
GAS,BAD,UCB_WITHOUT_VAE_UNCERTAINTY,51,Q loss,398,0.0025009294040501118
GAS,BAD,UCB_WITHOUT_VAE_UNCERTAINTY,51,Q loss,399,0.0008657419821247458
GAS,BAD,UCB_WITHOUT_VAE_UNCERTAINTY,51,Q loss,400,0.0033439970575273037
GAS,BAD,UCB_WITHOUT_VAE_UNCERTAINTY,51,Q loss,401,0.0024824540596455336
GAS,BAD,UCB_WITHOUT_VAE_UNCERTAINTY,51,Q loss,402,0.004272147081792355
GAS,BAD,UCB_WITHOUT_VAE_UNCERTAINTY,51,Q loss,403,0.0032666651532053947
GAS,BAD,UCB_WITHOUT_VAE_UNCERTAINTY,51,Q loss,404,0.0015258511994034052
GAS,BAD,UCB_WITHOUT_VAE_UNCERTAINTY,51,Q loss,405,0.0036112640518695116
GAS,BAD,UCB_WITHOUT_VAE_UNCERTAINTY,51,Q loss,406,0.003895052010193467
GAS,BAD,UCB_WITHOUT_VAE_UNCERTAINTY,51,Q loss,407,0.001486790832132101
GAS,BAD,UCB_WITHOUT_VAE_UNCERTAINTY,51,Q loss,408,0.0024790684692561626
GAS,BAD,UCB_WITHOUT_VAE_UNCERTAINTY,51,Q loss,409,0.001738494262099266
GAS,BAD,UCB_WITHOUT_VAE_UNCERTAINTY,51,Q loss,410,0.0017816399922594428
GAS,BAD,UCB_WITHOUT_VAE_UNCERTAINTY,51,Q loss,411,0.002072574570775032
GAS,BAD,UCB_WITHOUT_VAE_UNCERTAINTY,51,Q loss,412,0.0017801891081035137
GAS,BAD,UCB_WITHOUT_VAE_UNCERTAINTY,51,Q loss,413,0.0017114136135205626
GAS,BAD,UCB_WITHOUT_VAE_UNCERTAINTY,51,Q loss,414,0.003913187421858311
GAS,BAD,UCB_WITHOUT_VAE_UNCERTAINTY,51,Q loss,415,0.0030212902929633856
GAS,BAD,UCB_WITHOUT_VAE_UNCERTAINTY,51,Q loss,416,0.0046381158754229546
GAS,BAD,UCB_WITHOUT_VAE_UNCERTAINTY,51,Q loss,417,0.0023526246659457684
GAS,BAD,UCB_WITHOUT_VAE_UNCERTAINTY,51,Q loss,418,0.0067098201252520084
GAS,BAD,UCB_WITHOUT_VAE_UNCERTAINTY,51,Q loss,419,0.00487605482339859
GAS,BAD,UCB_WITHOUT_VAE_UNCERTAINTY,51,Q loss,420,0.0036133204121142626
GAS,BAD,UCB_WITHOUT_VAE_UNCERTAINTY,51,Q loss,421,0.003307680133730173
GAS,BAD,UCB_WITHOUT_VAE_UNCERTAINTY,51,Q loss,422,0.006754371337592602
GAS,BAD,UCB_WITHOUT_VAE_UNCERTAINTY,51,Q loss,423,0.005310227163136005
GAS,BAD,UCB_WITHOUT_VAE_UNCERTAINTY,51,Q loss,424,0.014633380807936192
GAS,BAD,UCB_WITHOUT_VAE_UNCERTAINTY,51,Q loss,425,0.014182200655341148
GAS,BAD,UCB_WITHOUT_VAE_UNCERTAINTY,51,Q loss,426,0.01129659079015255
GAS,BAD,UCB_WITHOUT_VAE_UNCERTAINTY,51,Q loss,427,0.004353206604719162
GAS,BAD,UCB_WITHOUT_VAE_UNCERTAINTY,51,Q loss,428,0.003158856648951769
GAS,BAD,UCB_WITHOUT_VAE_UNCERTAINTY,51,Q loss,429,0.00647681625559926
GAS,BAD,UCB_WITHOUT_VAE_UNCERTAINTY,51,Q loss,430,0.002625402994453907
GAS,BAD,UCB_WITHOUT_VAE_UNCERTAINTY,51,Q loss,431,0.024639440700411797
GAS,BAD,UCB_WITHOUT_VAE_UNCERTAINTY,51,Q loss,432,0.0030670480336993933
GAS,BAD,UCB_WITHOUT_VAE_UNCERTAINTY,51,Q loss,433,0.0019096378237009048
GAS,BAD,UCB_WITHOUT_VAE_UNCERTAINTY,51,Q loss,434,0.0018380243564024568
GAS,BAD,UCB_WITHOUT_VAE_UNCERTAINTY,51,Q loss,435,0.0025671659968793392
GAS,BAD,UCB_WITHOUT_VAE_UNCERTAINTY,51,Q loss,436,0.0021048577036708593
GAS,BAD,UCB_WITHOUT_VAE_UNCERTAINTY,51,Q loss,437,0.003787224180996418
GAS,BAD,UCB_WITHOUT_VAE_UNCERTAINTY,51,Q loss,438,0.005216136109083891
GAS,BAD,UCB_WITHOUT_VAE_UNCERTAINTY,51,Q loss,439,0.0024690364953130484
GAS,BAD,UCB_WITHOUT_VAE_UNCERTAINTY,51,Q loss,440,0.003304953221231699
GAS,BAD,UCB_WITHOUT_VAE_UNCERTAINTY,51,Q loss,441,0.003096789587289095
GAS,BAD,UCB_WITHOUT_VAE_UNCERTAINTY,51,Q loss,442,0.002445518970489502
GAS,BAD,UCB_WITHOUT_VAE_UNCERTAINTY,51,Q loss,443,0.002818719018250704
GAS,BAD,UCB_WITHOUT_VAE_UNCERTAINTY,51,Q loss,444,0.0016778060235083103
GAS,BAD,UCB_WITHOUT_VAE_UNCERTAINTY,51,Q loss,445,0.002105762716382742
GAS,BAD,UCB_WITHOUT_VAE_UNCERTAINTY,51,Q loss,446,0.0017012909520417452
GAS,BAD,UCB_WITHOUT_VAE_UNCERTAINTY,51,Q loss,447,0.0012546885991469026
GAS,BAD,UCB_WITHOUT_VAE_UNCERTAINTY,51,Q loss,448,0.0014015651540830731
GAS,BAD,UCB_WITHOUT_VAE_UNCERTAINTY,51,Q loss,449,0.005277599208056927
GAS,BAD,UCB_WITHOUT_VAE_UNCERTAINTY,51,Q loss,450,0.004244473297148943
GAS,BAD,UCB_WITHOUT_VAE_UNCERTAINTY,51,Q loss,451,0.0016513098962605
GAS,BAD,UCB_WITHOUT_VAE_UNCERTAINTY,51,Q loss,452,0.004191560670733452
GAS,BAD,UCB_WITHOUT_VAE_UNCERTAINTY,51,Q loss,453,0.002016754588112235
GAS,BAD,UCB_WITHOUT_VAE_UNCERTAINTY,51,Q loss,454,0.004507460631430149
GAS,BAD,UCB_WITHOUT_VAE_UNCERTAINTY,51,Q loss,455,0.002746510785073042
GAS,BAD,UCB_WITHOUT_VAE_UNCERTAINTY,51,Q loss,456,0.0012829583138227463
GAS,BAD,UCB_WITHOUT_VAE_UNCERTAINTY,51,Q loss,457,0.003758905455470085
GAS,BAD,UCB_WITHOUT_VAE_UNCERTAINTY,51,Q loss,458,0.003474170807749033
GAS,BAD,UCB_WITHOUT_VAE_UNCERTAINTY,51,Q loss,459,0.003969551529735327
GAS,BAD,UCB_WITHOUT_VAE_UNCERTAINTY,51,Q loss,460,0.0021048446651548147
GAS,BAD,UCB_WITHOUT_VAE_UNCERTAINTY,51,Q loss,461,0.0034384047612547874
GAS,BAD,UCB_WITHOUT_VAE_UNCERTAINTY,51,Q loss,462,0.0025236988440155983
GAS,BAD,UCB_WITHOUT_VAE_UNCERTAINTY,51,Q loss,463,0.0025127038825303316
GAS,BAD,UCB_WITHOUT_VAE_UNCERTAINTY,51,Q loss,464,0.0013001570478081703
GAS,BAD,UCB_WITHOUT_VAE_UNCERTAINTY,51,Q loss,465,0.0029947462026029825
GAS,BAD,UCB_WITHOUT_VAE_UNCERTAINTY,51,Q loss,466,0.0022259315010160208
GAS,BAD,UCB_WITHOUT_VAE_UNCERTAINTY,51,Q loss,467,0.002753153908997774
GAS,BAD,UCB_WITHOUT_VAE_UNCERTAINTY,51,Q loss,468,0.0033546306658536196
GAS,BAD,UCB_WITHOUT_VAE_UNCERTAINTY,51,Q loss,469,0.0014240656746551394
GAS,BAD,UCB_WITHOUT_VAE_UNCERTAINTY,51,Q loss,470,0.0014127205358818173
GAS,BAD,UCB_WITHOUT_VAE_UNCERTAINTY,51,Q loss,471,0.0020231709349900484
GAS,BAD,UCB_WITHOUT_VAE_UNCERTAINTY,51,Q loss,472,0.002087535336613655
GAS,BAD,UCB_WITHOUT_VAE_UNCERTAINTY,51,Q loss,473,0.0021325177513062954
GAS,BAD,UCB_WITHOUT_VAE_UNCERTAINTY,51,Q loss,474,0.0009998745517805219
GAS,BAD,UCB_WITHOUT_VAE_UNCERTAINTY,51,Q loss,475,0.0026800082996487617
GAS,BAD,UCB_WITHOUT_VAE_UNCERTAINTY,51,Q loss,476,0.0014877382200211287
GAS,BAD,UCB_WITHOUT_VAE_UNCERTAINTY,51,Q loss,477,0.005450114142149687
GAS,BAD,UCB_WITHOUT_VAE_UNCERTAINTY,51,Q loss,478,0.004628825932741165
GAS,BAD,UCB_WITHOUT_VAE_UNCERTAINTY,51,Q loss,479,0.002349643036723137
GAS,BAD,UCB_WITHOUT_VAE_UNCERTAINTY,51,Q loss,480,0.0021971589885652065
GAS,BAD,UCB_WITHOUT_VAE_UNCERTAINTY,51,Q loss,481,0.0037976731546223164
GAS,BAD,UCB_WITHOUT_VAE_UNCERTAINTY,51,Q loss,482,0.0032845609821379185
GAS,BAD,UCB_WITHOUT_VAE_UNCERTAINTY,51,Q loss,483,0.0019567215349525213
GAS,BAD,UCB_WITHOUT_VAE_UNCERTAINTY,51,Q loss,484,0.00162656104657799
GAS,BAD,UCB_WITHOUT_VAE_UNCERTAINTY,51,Q loss,485,0.012640224769711494
GAS,BAD,UCB_WITHOUT_VAE_UNCERTAINTY,51,Q loss,486,0.0024672544095665216
GAS,BAD,UCB_WITHOUT_VAE_UNCERTAINTY,51,Q loss,487,0.0035310997627675533
GAS,BAD,UCB_WITHOUT_VAE_UNCERTAINTY,51,Q loss,488,0.0012393529759719968
GAS,BAD,UCB_WITHOUT_VAE_UNCERTAINTY,51,Q loss,489,0.003183079417794943
GAS,BAD,UCB_WITHOUT_VAE_UNCERTAINTY,51,Q loss,490,0.0009506263886578381
GAS,BAD,UCB_WITHOUT_VAE_UNCERTAINTY,51,Q loss,491,0.0017442338867112994
GAS,BAD,UCB_WITHOUT_VAE_UNCERTAINTY,51,Q loss,492,0.0011786662507802248
GAS,BAD,UCB_WITHOUT_VAE_UNCERTAINTY,51,Q loss,493,0.002819015644490719
GAS,BAD,UCB_WITHOUT_VAE_UNCERTAINTY,51,Q loss,494,0.00280713546089828
GAS,BAD,UCB_WITHOUT_VAE_UNCERTAINTY,51,Q loss,495,0.0049317460507154465
GAS,BAD,UCB_WITHOUT_VAE_UNCERTAINTY,51,Q loss,496,0.001450366573408246
GAS,BAD,UCB_WITHOUT_VAE_UNCERTAINTY,51,Q loss,497,0.0015111907850950956
GAS,BAD,UCB_WITHOUT_VAE_UNCERTAINTY,51,Q loss,498,0.001646958407945931
GAS,BAD,UCB_WITHOUT_VAE_UNCERTAINTY,51,Q loss,499,0.0025706952437758446
GAS,BAD,UCB_WITHOUT_VAE_UNCERTAINTY,51,Q loss,500,0.001988821430131793
GAS,BAD,UCB_WITHOUT_VAE_UNCERTAINTY,51,Q loss,501,0.0022072948049753904
GAS,BAD,UCB_WITHOUT_VAE_UNCERTAINTY,51,Q loss,502,0.002122886711731553
GAS,BAD,UCB_WITHOUT_VAE_UNCERTAINTY,51,Q loss,503,0.0035170966293662786
GAS,BAD,UCB_WITHOUT_VAE_UNCERTAINTY,51,Q loss,504,0.002368100918829441
GAS,BAD,UCB_WITHOUT_VAE_UNCERTAINTY,51,Q loss,505,0.003058463102206588
GAS,BAD,UCB_WITHOUT_VAE_UNCERTAINTY,51,Q loss,506,0.002718387171626091
GAS,BAD,UCB_WITHOUT_VAE_UNCERTAINTY,51,Q loss,507,0.0006777325179427862
GAS,BAD,UCB_WITHOUT_VAE_UNCERTAINTY,51,Q loss,508,0.0019941218197345734
GAS,BAD,UCB_WITHOUT_VAE_UNCERTAINTY,51,Q loss,509,0.0012861136347055435
GAS,BAD,UCB_WITHOUT_VAE_UNCERTAINTY,51,Q loss,510,0.002838612999767065
GAS,BAD,UCB_WITHOUT_VAE_UNCERTAINTY,51,Q loss,511,0.0011069856118410826
GAS,BAD,UCB_WITHOUT_VAE_UNCERTAINTY,51,Q loss,512,0.0006178808398544788
GAS,BAD,UCB_WITHOUT_VAE_UNCERTAINTY,51,Q loss,513,0.0011821778025478125
GAS,BAD,UCB_WITHOUT_VAE_UNCERTAINTY,51,Q loss,514,0.004196228459477425
GAS,BAD,UCB_WITHOUT_VAE_UNCERTAINTY,51,Q loss,515,0.004927019122987986
GAS,BAD,UCB_WITHOUT_VAE_UNCERTAINTY,51,Q loss,516,0.0013575104530900717
GAS,BAD,UCB_WITHOUT_VAE_UNCERTAINTY,51,Q loss,517,0.0018931913655251265
GAS,BAD,UCB_WITHOUT_VAE_UNCERTAINTY,51,Q loss,518,0.004138086922466755
GAS,BAD,UCB_WITHOUT_VAE_UNCERTAINTY,51,Q loss,519,0.001961260801181197
GAS,BAD,UCB_WITHOUT_VAE_UNCERTAINTY,51,Q loss,520,0.0032150661572813988
GAS,BAD,UCB_WITHOUT_VAE_UNCERTAINTY,51,Q loss,521,0.009555826894938946
GAS,BAD,UCB_WITHOUT_VAE_UNCERTAINTY,51,Q loss,522,0.0027487194165587425
GAS,BAD,UCB_WITHOUT_VAE_UNCERTAINTY,51,Q loss,523,0.00118008884601295
GAS,BAD,UCB_WITHOUT_VAE_UNCERTAINTY,51,Q loss,524,0.004107020795345306
GAS,BAD,UCB_WITHOUT_VAE_UNCERTAINTY,51,Q loss,525,0.0025218199007213116
GAS,BAD,UCB_WITHOUT_VAE_UNCERTAINTY,51,Q loss,526,0.003219260834157467
GAS,BAD,UCB_WITHOUT_VAE_UNCERTAINTY,51,Q loss,527,0.004910414572805166
GAS,BAD,UCB_WITHOUT_VAE_UNCERTAINTY,51,Q loss,528,0.0042848181910812855
GAS,BAD,UCB_WITHOUT_VAE_UNCERTAINTY,51,Q loss,529,0.002139168558642268
GAS,BAD,UCB_WITHOUT_VAE_UNCERTAINTY,51,Q loss,530,0.0015546635258942842
GAS,BAD,UCB_WITHOUT_VAE_UNCERTAINTY,51,Q loss,531,0.004501166753470898
GAS,BAD,UCB_WITHOUT_VAE_UNCERTAINTY,51,Q loss,532,0.0008696834556758404
GAS,BAD,UCB_WITHOUT_VAE_UNCERTAINTY,51,Q loss,533,0.0029208194464445114
GAS,BAD,UCB_WITHOUT_VAE_UNCERTAINTY,51,Q loss,534,0.0022163833491504192
GAS,BAD,UCB_WITHOUT_VAE_UNCERTAINTY,51,Q loss,535,0.0027313437312841415
GAS,BAD,UCB_WITHOUT_VAE_UNCERTAINTY,51,Q loss,536,0.0021638439502567053
GAS,BAD,UCB_WITHOUT_VAE_UNCERTAINTY,51,Q loss,537,0.0021553291007876396
GAS,BAD,UCB_WITHOUT_VAE_UNCERTAINTY,51,Q loss,538,0.002439711708575487
GAS,BAD,UCB_WITHOUT_VAE_UNCERTAINTY,51,Q loss,539,0.005956170614808798
GAS,BAD,UCB_WITHOUT_VAE_UNCERTAINTY,51,Q loss,540,0.0026658172719180584
GAS,BAD,UCB_WITHOUT_VAE_UNCERTAINTY,51,Q loss,541,0.0006395031232386827
GAS,BAD,UCB_WITHOUT_VAE_UNCERTAINTY,51,Q loss,542,0.0026606519240885973
GAS,BAD,UCB_WITHOUT_VAE_UNCERTAINTY,51,Q loss,543,0.0050202650018036366
GAS,BAD,UCB_WITHOUT_VAE_UNCERTAINTY,51,Q loss,544,0.003639446571469307
GAS,BAD,UCB_WITHOUT_VAE_UNCERTAINTY,51,Q loss,545,0.0027398269157856703
GAS,BAD,UCB_WITHOUT_VAE_UNCERTAINTY,51,Q loss,546,0.0012986463261768222
GAS,BAD,UCB_WITHOUT_VAE_UNCERTAINTY,51,Q loss,547,0.002177553717046976
GAS,BAD,UCB_WITHOUT_VAE_UNCERTAINTY,51,Q loss,548,0.00080532964784652
GAS,BAD,UCB_WITHOUT_VAE_UNCERTAINTY,51,Q loss,549,0.0029842802323400974
GAS,BAD,UCB_WITHOUT_VAE_UNCERTAINTY,51,Q loss,550,0.004012426361441612
GAS,BAD,UCB_WITHOUT_VAE_UNCERTAINTY,51,Q loss,551,0.0021135909482836723
GAS,BAD,UCB_WITHOUT_VAE_UNCERTAINTY,51,Q loss,552,0.0021730605512857437
GAS,BAD,UCB_WITHOUT_VAE_UNCERTAINTY,51,Q loss,553,0.002489994280040264
GAS,BAD,UCB_WITHOUT_VAE_UNCERTAINTY,51,Q loss,554,0.0029850087594240904
GAS,BAD,UCB_WITHOUT_VAE_UNCERTAINTY,51,Q loss,555,0.0016934250015765429
GAS,BAD,UCB_WITHOUT_VAE_UNCERTAINTY,51,Q loss,556,0.00283443764783442
GAS,BAD,UCB_WITHOUT_VAE_UNCERTAINTY,51,Q loss,557,0.0029574946966022253
GAS,BAD,UCB_WITHOUT_VAE_UNCERTAINTY,51,Q loss,558,0.005568303167819977
GAS,BAD,UCB_WITHOUT_VAE_UNCERTAINTY,51,Q loss,559,0.00455548195168376
GAS,BAD,UCB_WITHOUT_VAE_UNCERTAINTY,51,Q loss,560,0.001115000806748867
GAS,BAD,UCB_WITHOUT_VAE_UNCERTAINTY,51,Q loss,561,0.0011408113641664386
GAS,BAD,UCB_WITHOUT_VAE_UNCERTAINTY,51,Q loss,562,0.0007698771078139544
GAS,BAD,UCB_WITHOUT_VAE_UNCERTAINTY,51,Q loss,563,0.0021746098063886166
GAS,BAD,UCB_WITHOUT_VAE_UNCERTAINTY,51,Q loss,564,0.0038561697583645582
GAS,BAD,UCB_WITHOUT_VAE_UNCERTAINTY,51,Q loss,565,0.0037646556738764048
GAS,BAD,UCB_WITHOUT_VAE_UNCERTAINTY,51,Q loss,566,0.0005774589953944087
GAS,BAD,UCB_WITHOUT_VAE_UNCERTAINTY,51,Q loss,567,0.0016328406054526567
GAS,BAD,UCB_WITHOUT_VAE_UNCERTAINTY,51,Q loss,568,0.0013555281329900026
GAS,BAD,UCB_WITHOUT_VAE_UNCERTAINTY,51,Q loss,569,0.0016399382147938013
GAS,BAD,UCB_WITHOUT_VAE_UNCERTAINTY,51,Q loss,570,0.002061747247353196
GAS,BAD,UCB_WITHOUT_VAE_UNCERTAINTY,51,Q loss,571,0.0019029338145628572
GAS,BAD,UCB_WITHOUT_VAE_UNCERTAINTY,51,Q loss,572,0.001405106158927083
GAS,BAD,UCB_WITHOUT_VAE_UNCERTAINTY,51,Q loss,573,0.0016900217160582542
GAS,BAD,UCB_WITHOUT_VAE_UNCERTAINTY,51,Q loss,574,0.0032490165904164314
GAS,BAD,UCB_WITHOUT_VAE_UNCERTAINTY,51,Q loss,575,0.005755279213190079
GAS,BAD,UCB_WITHOUT_VAE_UNCERTAINTY,51,Q loss,576,0.0009055306436493993
GAS,BAD,UCB_WITHOUT_VAE_UNCERTAINTY,51,Q loss,577,0.0033198175951838493
GAS,BAD,UCB_WITHOUT_VAE_UNCERTAINTY,51,Q loss,578,0.0011918488889932632
GAS,BAD,UCB_WITHOUT_VAE_UNCERTAINTY,51,Q loss,579,0.0015992914559319615
GAS,BAD,UCB_WITHOUT_VAE_UNCERTAINTY,51,Q loss,580,0.001335581298917532
GAS,BAD,UCB_WITHOUT_VAE_UNCERTAINTY,51,Q loss,581,0.0015618253964930773
GAS,BAD,UCB_WITHOUT_VAE_UNCERTAINTY,51,Q loss,582,0.002725140191614628
GAS,BAD,UCB_WITHOUT_VAE_UNCERTAINTY,51,Q loss,583,0.0011226220522075891
GAS,BAD,UCB_WITHOUT_VAE_UNCERTAINTY,51,Q loss,584,0.000425756792537868
GAS,BAD,UCB_WITHOUT_VAE_UNCERTAINTY,51,Q loss,585,0.0032749793026596308
GAS,BAD,UCB_WITHOUT_VAE_UNCERTAINTY,51,Q loss,586,0.002480784896761179
GAS,BAD,UCB_WITHOUT_VAE_UNCERTAINTY,51,Q loss,587,0.004711073823273182
GAS,BAD,UCB_WITHOUT_VAE_UNCERTAINTY,51,Q loss,588,0.0004413418937474489
GAS,BAD,UCB_WITHOUT_VAE_UNCERTAINTY,51,Q loss,589,0.0009371126652695239
GAS,BAD,UCB_WITHOUT_VAE_UNCERTAINTY,51,Q loss,590,0.000724429206456989
GAS,BAD,UCB_WITHOUT_VAE_UNCERTAINTY,51,Q loss,591,0.0016840097960084677
GAS,BAD,UCB_WITHOUT_VAE_UNCERTAINTY,51,Q loss,592,0.0018961336463689804
GAS,BAD,UCB_WITHOUT_VAE_UNCERTAINTY,51,Q loss,593,0.0052633159793913364
GAS,BAD,UCB_WITHOUT_VAE_UNCERTAINTY,51,Q loss,594,0.002640083199366927
GAS,BAD,UCB_WITHOUT_VAE_UNCERTAINTY,51,Q loss,595,0.004178413189947605
GAS,BAD,UCB_WITHOUT_VAE_UNCERTAINTY,51,Q loss,596,0.0017754235304892063
GAS,BAD,UCB_WITHOUT_VAE_UNCERTAINTY,51,Q loss,597,0.0005887643783353269
GAS,BAD,UCB_WITHOUT_VAE_UNCERTAINTY,51,Q loss,598,0.0034490078687667847
GAS,BAD,UCB_WITHOUT_VAE_UNCERTAINTY,51,Q loss,599,0.003770933486521244
GAS,BAD,UCB_WITHOUT_VAE_UNCERTAINTY,51,Q loss,600,0.005454519297927618
GAS,BAD,UCB_WITHOUT_VAE_UNCERTAINTY,51,Q loss,601,0.0015912663657218218
GAS,BAD,UCB_WITHOUT_VAE_UNCERTAINTY,51,Q loss,602,0.003657696070149541
GAS,BAD,UCB_WITHOUT_VAE_UNCERTAINTY,51,Q loss,603,0.005694965366274118
GAS,BAD,UCB_WITHOUT_VAE_UNCERTAINTY,51,Q loss,604,0.001530868117697537
GAS,BAD,UCB_WITHOUT_VAE_UNCERTAINTY,51,Q loss,605,0.0019960259087383747
GAS,BAD,UCB_WITHOUT_VAE_UNCERTAINTY,51,Q loss,606,0.0014996238751336932
GAS,BAD,UCB_WITHOUT_VAE_UNCERTAINTY,51,Q loss,607,0.0012440483551472425
GAS,BAD,UCB_WITHOUT_VAE_UNCERTAINTY,51,Q loss,608,0.00508835818618536
GAS,BAD,UCB_WITHOUT_VAE_UNCERTAINTY,51,Q loss,609,0.002285850467160344
GAS,BAD,UCB_WITHOUT_VAE_UNCERTAINTY,51,Q loss,610,0.0009872510563582182
GAS,BAD,UCB_WITHOUT_VAE_UNCERTAINTY,51,Q loss,611,0.0032747576478868723
GAS,BAD,UCB_WITHOUT_VAE_UNCERTAINTY,51,Q loss,612,0.0031468626111745834
GAS,BAD,UCB_WITHOUT_VAE_UNCERTAINTY,51,Q loss,613,0.0025369764771312475
GAS,BAD,UCB_WITHOUT_VAE_UNCERTAINTY,51,Q loss,614,0.0010606766445562243
GAS,BAD,UCB_WITHOUT_VAE_UNCERTAINTY,51,Q loss,615,0.0024442384019494057
GAS,BAD,UCB_WITHOUT_VAE_UNCERTAINTY,51,Q loss,616,0.0003205850953236222
GAS,BAD,UCB_WITHOUT_VAE_UNCERTAINTY,51,Q loss,617,0.0021081832237541676
GAS,BAD,UCB_WITHOUT_VAE_UNCERTAINTY,51,Q loss,618,0.002054563257843256
GAS,BAD,UCB_WITHOUT_VAE_UNCERTAINTY,51,Q loss,619,0.0011999795679003
GAS,BAD,UCB_WITHOUT_VAE_UNCERTAINTY,51,Q loss,620,0.001160490675829351
GAS,BAD,UCB_WITHOUT_VAE_UNCERTAINTY,51,Q loss,621,0.0037594144232571125
GAS,BAD,UCB_WITHOUT_VAE_UNCERTAINTY,51,Q loss,622,0.001087654149159789
GAS,BAD,UCB_WITHOUT_VAE_UNCERTAINTY,51,Q loss,623,0.0023724334314465523
GAS,BAD,UCB_WITHOUT_VAE_UNCERTAINTY,51,Q loss,624,0.0010232971981167793
GAS,BAD,UCB_WITHOUT_VAE_UNCERTAINTY,51,Q loss,625,0.0022256167139858007
GAS,BAD,UCB_WITHOUT_VAE_UNCERTAINTY,51,Q loss,626,0.0013488985132426023
GAS,BAD,UCB_WITHOUT_VAE_UNCERTAINTY,51,Q loss,627,0.0016984137473627925
GAS,BAD,UCB_WITHOUT_VAE_UNCERTAINTY,51,Q loss,628,0.0012912789825350046
GAS,BAD,UCB_WITHOUT_VAE_UNCERTAINTY,51,Q loss,629,0.0021802789997309446
GAS,BAD,UCB_WITHOUT_VAE_UNCERTAINTY,51,Q loss,630,0.0016297216061502695
GAS,BAD,UCB_WITHOUT_VAE_UNCERTAINTY,51,Q loss,631,0.0010562731185927987
GAS,BAD,UCB_WITHOUT_VAE_UNCERTAINTY,51,Q loss,632,0.0007160360692068934
GAS,BAD,UCB_WITHOUT_VAE_UNCERTAINTY,51,Q loss,633,0.0022086692042648792
GAS,BAD,UCB_WITHOUT_VAE_UNCERTAINTY,51,Q loss,634,0.0027679973281919956
GAS,BAD,UCB_WITHOUT_VAE_UNCERTAINTY,51,Q loss,635,0.0007540681399405003
GAS,BAD,UCB_WITHOUT_VAE_UNCERTAINTY,51,Q loss,636,0.0020310180261731148
GAS,BAD,UCB_WITHOUT_VAE_UNCERTAINTY,51,Q loss,637,0.0019002581248059869
GAS,BAD,UCB_WITHOUT_VAE_UNCERTAINTY,51,Q loss,638,0.0024782568216323853
GAS,BAD,UCB_WITHOUT_VAE_UNCERTAINTY,51,Q loss,639,0.0016320694703608751
GAS,BAD,UCB_WITHOUT_VAE_UNCERTAINTY,51,Q loss,640,0.0009213602170348167
GAS,BAD,UCB_WITHOUT_VAE_UNCERTAINTY,51,Q loss,641,0.003926821984350681
GAS,BAD,UCB_WITHOUT_VAE_UNCERTAINTY,51,Q loss,642,0.0013252032222226262
GAS,BAD,UCB_WITHOUT_VAE_UNCERTAINTY,51,Q loss,643,0.001831579371355474
GAS,BAD,UCB_WITHOUT_VAE_UNCERTAINTY,51,Q loss,644,0.0013107795966789126
GAS,BAD,UCB_WITHOUT_VAE_UNCERTAINTY,51,Q loss,645,0.002492530271410942
GAS,BAD,UCB_WITHOUT_VAE_UNCERTAINTY,51,Q loss,646,0.0014130845665931702
GAS,BAD,UCB_WITHOUT_VAE_UNCERTAINTY,51,Q loss,647,0.002597039332613349
GAS,BAD,UCB_WITHOUT_VAE_UNCERTAINTY,51,Q loss,648,0.0021969806402921677
GAS,BAD,UCB_WITHOUT_VAE_UNCERTAINTY,51,Q loss,649,0.00461011053994298
GAS,BAD,UCB_WITHOUT_VAE_UNCERTAINTY,51,Q loss,650,0.0028752877842634916
GAS,BAD,UCB_WITHOUT_VAE_UNCERTAINTY,51,Q loss,651,0.0011919933604076505
GAS,BAD,UCB_WITHOUT_VAE_UNCERTAINTY,51,Q loss,652,0.0016948349075391889
GAS,BAD,UCB_WITHOUT_VAE_UNCERTAINTY,51,Q loss,653,0.0037307455204427242
GAS,BAD,UCB_WITHOUT_VAE_UNCERTAINTY,51,Q loss,654,0.003280955832451582
GAS,BAD,UCB_WITHOUT_VAE_UNCERTAINTY,51,Q loss,655,0.0007023076759651303
GAS,BAD,UCB_WITHOUT_VAE_UNCERTAINTY,51,Q loss,656,0.0007144534611143172
GAS,BAD,UCB_WITHOUT_VAE_UNCERTAINTY,51,Q loss,657,0.0012750652385875583
GAS,BAD,UCB_WITHOUT_VAE_UNCERTAINTY,51,Q loss,658,0.005368965212255716
GAS,BAD,UCB_WITHOUT_VAE_UNCERTAINTY,51,Q loss,659,0.002474626526236534
GAS,BAD,UCB_WITHOUT_VAE_UNCERTAINTY,51,Q loss,660,0.0011592588853091002
GAS,BAD,UCB_WITHOUT_VAE_UNCERTAINTY,51,Q loss,661,0.0027491487562656403
GAS,BAD,UCB_WITHOUT_VAE_UNCERTAINTY,51,Q loss,662,0.001204892061650753
GAS,BAD,UCB_WITHOUT_VAE_UNCERTAINTY,51,Q loss,663,0.0014826308470219374
GAS,BAD,UCB_WITHOUT_VAE_UNCERTAINTY,51,Q loss,664,0.0012060729786753654
GAS,BAD,UCB_WITHOUT_VAE_UNCERTAINTY,51,Q loss,665,0.0022492120042443275
GAS,BAD,UCB_WITHOUT_VAE_UNCERTAINTY,51,Q loss,666,0.00337012717500329
GAS,BAD,UCB_WITHOUT_VAE_UNCERTAINTY,51,Q loss,667,0.001934939413331449
GAS,BAD,UCB_WITHOUT_VAE_UNCERTAINTY,51,Q loss,668,0.0025642241816967726
GAS,BAD,UCB_WITHOUT_VAE_UNCERTAINTY,51,Q loss,669,0.0027525234036147594
GAS,BAD,UCB_WITHOUT_VAE_UNCERTAINTY,51,Q loss,670,0.0010450487025082111
GAS,BAD,UCB_WITHOUT_VAE_UNCERTAINTY,51,Q loss,671,0.0034063742496073246
GAS,BAD,UCB_WITHOUT_VAE_UNCERTAINTY,51,Q loss,672,0.002624158514663577
GAS,BAD,UCB_WITHOUT_VAE_UNCERTAINTY,51,Q loss,673,0.0011032575275748968
GAS,BAD,UCB_WITHOUT_VAE_UNCERTAINTY,51,Q loss,674,0.002328520640730858
GAS,BAD,UCB_WITHOUT_VAE_UNCERTAINTY,51,Q loss,675,0.0035932743921875954
GAS,BAD,UCB_WITHOUT_VAE_UNCERTAINTY,51,Q loss,676,0.0007932562148198485
GAS,BAD,UCB_WITHOUT_VAE_UNCERTAINTY,51,Q loss,677,0.0013100199867039919
GAS,BAD,UCB_WITHOUT_VAE_UNCERTAINTY,51,Q loss,678,0.001210529007948935
GAS,BAD,UCB_WITHOUT_VAE_UNCERTAINTY,51,Q loss,679,0.0016389632364735007
GAS,BAD,UCB_WITHOUT_VAE_UNCERTAINTY,51,Q loss,680,0.0015963329933583736
GAS,BAD,UCB_WITHOUT_VAE_UNCERTAINTY,51,Q loss,681,0.0011564563028514385
GAS,BAD,UCB_WITHOUT_VAE_UNCERTAINTY,51,Q loss,682,0.001527130021713674
GAS,BAD,UCB_WITHOUT_VAE_UNCERTAINTY,51,Q loss,683,0.007383095566183329
GAS,BAD,UCB_WITHOUT_VAE_UNCERTAINTY,51,Q loss,684,0.0077593023888766766
GAS,BAD,UCB_WITHOUT_VAE_UNCERTAINTY,51,Q loss,685,0.0009640762582421303
GAS,BAD,UCB_WITHOUT_VAE_UNCERTAINTY,51,Q loss,686,0.0021519807633012533
GAS,BAD,UCB_WITHOUT_VAE_UNCERTAINTY,51,Q loss,687,0.0012398154940456152
GAS,BAD,UCB_WITHOUT_VAE_UNCERTAINTY,51,Q loss,688,0.0004372366820462048
GAS,BAD,UCB_WITHOUT_VAE_UNCERTAINTY,51,Q loss,689,0.002563850488513708
GAS,BAD,UCB_WITHOUT_VAE_UNCERTAINTY,51,Q loss,690,0.0017574208322912455
GAS,BAD,UCB_WITHOUT_VAE_UNCERTAINTY,51,Q loss,691,0.0011028379667550325
GAS,BAD,UCB_WITHOUT_VAE_UNCERTAINTY,51,Q loss,692,0.0008102039573714137
GAS,BAD,UCB_WITHOUT_VAE_UNCERTAINTY,51,Q loss,693,0.0026768986135721207
GAS,BAD,UCB_WITHOUT_VAE_UNCERTAINTY,51,Q loss,694,0.0026503365952521563
GAS,BAD,UCB_WITHOUT_VAE_UNCERTAINTY,51,Q loss,695,0.0014482217375189066
GAS,BAD,UCB_WITHOUT_VAE_UNCERTAINTY,51,Q loss,696,0.0009034252725541592
GAS,BAD,UCB_WITHOUT_VAE_UNCERTAINTY,51,Q loss,697,0.0017202424351125956
GAS,BAD,UCB_WITHOUT_VAE_UNCERTAINTY,51,Q loss,698,0.001554769231006503
GAS,BAD,UCB_WITHOUT_VAE_UNCERTAINTY,51,Q loss,699,0.001361847622320056
GAS,BAD,UCB_WITHOUT_VAE_UNCERTAINTY,51,Q loss,700,0.0008316971943713725
GAS,BAD,UCB_WITHOUT_VAE_UNCERTAINTY,51,Q loss,701,0.005538999103009701
GAS,BAD,UCB_WITHOUT_VAE_UNCERTAINTY,51,Q loss,702,0.001757911522872746
GAS,BAD,UCB_WITHOUT_VAE_UNCERTAINTY,51,Q loss,703,0.003828943707048893
GAS,BAD,UCB_WITHOUT_VAE_UNCERTAINTY,51,Q loss,704,0.0017245062626898289
GAS,BAD,UCB_WITHOUT_VAE_UNCERTAINTY,51,Q loss,705,0.0011167845223098993
GAS,BAD,UCB_WITHOUT_VAE_UNCERTAINTY,51,Q loss,706,0.00046601868234574795
GAS,BAD,UCB_WITHOUT_VAE_UNCERTAINTY,51,Q loss,707,0.0009968843078240752
GAS,BAD,UCB_WITHOUT_VAE_UNCERTAINTY,51,Q loss,708,0.0027757366187870502
GAS,BAD,UCB_WITHOUT_VAE_UNCERTAINTY,51,Q loss,709,0.0024033854715526104
GAS,BAD,UCB_WITHOUT_VAE_UNCERTAINTY,51,Q loss,710,0.0023214654065668583
GAS,BAD,UCB_WITHOUT_VAE_UNCERTAINTY,51,Q loss,711,0.002191853243857622
GAS,BAD,UCB_WITHOUT_VAE_UNCERTAINTY,51,Q loss,712,0.003760379506275058
GAS,BAD,UCB_WITHOUT_VAE_UNCERTAINTY,51,Q loss,713,0.0016591950552538037
GAS,BAD,UCB_WITHOUT_VAE_UNCERTAINTY,51,Q loss,714,0.000769654696341604
GAS,BAD,UCB_WITHOUT_VAE_UNCERTAINTY,51,Q loss,715,0.0026107023004442453
GAS,BAD,UCB_WITHOUT_VAE_UNCERTAINTY,51,Q loss,716,0.0014668212970718741
GAS,BAD,UCB_WITHOUT_VAE_UNCERTAINTY,51,Q loss,717,0.0011281640036031604
GAS,BAD,UCB_WITHOUT_VAE_UNCERTAINTY,51,Q loss,718,0.00255951308645308
GAS,BAD,UCB_WITHOUT_VAE_UNCERTAINTY,51,Q loss,719,0.0028063582722097635
GAS,BAD,UCB_WITHOUT_VAE_UNCERTAINTY,51,Q loss,720,0.0017126223538070917
GAS,BAD,UCB_WITHOUT_VAE_UNCERTAINTY,51,Q loss,721,0.0027321611996740103
GAS,BAD,UCB_WITHOUT_VAE_UNCERTAINTY,51,Q loss,722,0.0038348487578332424
GAS,BAD,UCB_WITHOUT_VAE_UNCERTAINTY,51,Q loss,723,0.006056600250303745
GAS,BAD,UCB_WITHOUT_VAE_UNCERTAINTY,51,Q loss,724,0.0018031276995316148
GAS,BAD,UCB_WITHOUT_VAE_UNCERTAINTY,51,Q loss,725,0.0021998281590640545
GAS,BAD,UCB_WITHOUT_VAE_UNCERTAINTY,51,Q loss,726,0.0004263106966391206
GAS,BAD,UCB_WITHOUT_VAE_UNCERTAINTY,51,Q loss,727,0.0011578432749956846
GAS,BAD,UCB_WITHOUT_VAE_UNCERTAINTY,51,Q loss,728,0.0029956717044115067
GAS,BAD,UCB_WITHOUT_VAE_UNCERTAINTY,51,Q loss,729,0.001959932269528508
GAS,BAD,UCB_WITHOUT_VAE_UNCERTAINTY,51,Q loss,730,0.0013059981865808368
GAS,BAD,UCB_WITHOUT_VAE_UNCERTAINTY,51,Q loss,731,0.0013402680633589625
GAS,BAD,UCB_WITHOUT_VAE_UNCERTAINTY,51,Q loss,732,0.0011214198311790824
GAS,BAD,UCB_WITHOUT_VAE_UNCERTAINTY,51,Q loss,733,0.0011410013539716601
GAS,BAD,UCB_WITHOUT_VAE_UNCERTAINTY,51,Q loss,734,0.0017001378582790494
GAS,BAD,UCB_WITHOUT_VAE_UNCERTAINTY,51,Q loss,735,0.001202097744680941
GAS,BAD,UCB_WITHOUT_VAE_UNCERTAINTY,51,Q loss,736,0.0019396644784137607
GAS,BAD,UCB_WITHOUT_VAE_UNCERTAINTY,51,Q loss,737,0.007991839200258255
GAS,BAD,UCB_WITHOUT_VAE_UNCERTAINTY,51,Q loss,738,0.0018923052120953798
GAS,BAD,UCB_WITHOUT_VAE_UNCERTAINTY,51,Q loss,739,0.003131310222670436
GAS,BAD,UCB_WITHOUT_VAE_UNCERTAINTY,51,Q loss,740,0.0032187169417738914
GAS,BAD,UCB_WITHOUT_VAE_UNCERTAINTY,51,Q loss,741,0.001002005534246564
GAS,BAD,UCB_WITHOUT_VAE_UNCERTAINTY,51,Q loss,742,0.001132913981564343
GAS,BAD,UCB_WITHOUT_VAE_UNCERTAINTY,51,Q loss,743,0.0014978008111938834
GAS,BAD,UCB_WITHOUT_VAE_UNCERTAINTY,51,Q loss,744,0.0021074058022350073
GAS,BAD,UCB_WITHOUT_VAE_UNCERTAINTY,51,Q loss,745,0.0012819634284824133
GAS,BAD,UCB_WITHOUT_VAE_UNCERTAINTY,51,Q loss,746,0.0019105656538158655
GAS,BAD,UCB_WITHOUT_VAE_UNCERTAINTY,51,Q loss,747,0.000942090293392539
GAS,BAD,UCB_WITHOUT_VAE_UNCERTAINTY,51,Q loss,748,0.001191579271107912
GAS,BAD,UCB_WITHOUT_VAE_UNCERTAINTY,51,Q loss,749,0.000634478812571615
GAS,BAD,UCB_WITHOUT_VAE_UNCERTAINTY,51,Q loss,750,0.0007707459153607488
GAS,BAD,UCB_WITHOUT_VAE_UNCERTAINTY,51,Q loss,751,0.0016756101977080107
GAS,BAD,UCB_WITHOUT_VAE_UNCERTAINTY,51,Q loss,752,0.0009523118496872485
GAS,BAD,UCB_WITHOUT_VAE_UNCERTAINTY,51,Q loss,753,0.0024856706149876118
GAS,BAD,UCB_WITHOUT_VAE_UNCERTAINTY,51,Q loss,754,0.0011919874232262373
GAS,BAD,UCB_WITHOUT_VAE_UNCERTAINTY,51,Q loss,755,0.0019312587101012468
GAS,BAD,UCB_WITHOUT_VAE_UNCERTAINTY,51,Q loss,756,0.0016230178298428655
GAS,BAD,UCB_WITHOUT_VAE_UNCERTAINTY,51,Q loss,757,0.0028285766020417213
GAS,BAD,UCB_WITHOUT_VAE_UNCERTAINTY,51,Q loss,758,0.005483601242303848
GAS,BAD,UCB_WITHOUT_VAE_UNCERTAINTY,51,Q loss,759,0.0013695857487618923
GAS,BAD,UCB_WITHOUT_VAE_UNCERTAINTY,51,Q loss,760,0.0014448171714320779
GAS,BAD,UCB_WITHOUT_VAE_UNCERTAINTY,51,Q loss,761,0.0035674821119755507
GAS,BAD,UCB_WITHOUT_VAE_UNCERTAINTY,51,Q loss,762,0.002779674483463168
GAS,BAD,UCB_WITHOUT_VAE_UNCERTAINTY,51,Q loss,763,0.00422160979360342
GAS,BAD,UCB_WITHOUT_VAE_UNCERTAINTY,51,Q loss,764,0.0014941920526325703
GAS,BAD,UCB_WITHOUT_VAE_UNCERTAINTY,51,Q loss,765,0.005288104526698589
GAS,BAD,UCB_WITHOUT_VAE_UNCERTAINTY,51,Q loss,766,0.002333251293748617
GAS,BAD,UCB_WITHOUT_VAE_UNCERTAINTY,51,Q loss,767,0.0020608259364962578
GAS,BAD,UCB_WITHOUT_VAE_UNCERTAINTY,51,Q loss,768,0.0014784261584281921
GAS,BAD,UCB_WITHOUT_VAE_UNCERTAINTY,51,Q loss,769,0.0021636602468788624
GAS,BAD,UCB_WITHOUT_VAE_UNCERTAINTY,51,Q loss,770,0.0012808290775865316
GAS,BAD,UCB_WITHOUT_VAE_UNCERTAINTY,51,Q loss,771,0.0027085011824965477
GAS,BAD,UCB_WITHOUT_VAE_UNCERTAINTY,51,Q loss,772,0.0011237867875024676
GAS,BAD,UCB_WITHOUT_VAE_UNCERTAINTY,51,Q loss,773,0.0026125935837626457
GAS,BAD,UCB_WITHOUT_VAE_UNCERTAINTY,51,Q loss,774,0.002928811125457287
GAS,BAD,UCB_WITHOUT_VAE_UNCERTAINTY,51,Q loss,775,0.0015550048556178808
GAS,BAD,UCB_WITHOUT_VAE_UNCERTAINTY,51,Q loss,776,0.001349353464320302
GAS,BAD,UCB_WITHOUT_VAE_UNCERTAINTY,51,Q loss,777,0.0018728901632130146
GAS,BAD,UCB_WITHOUT_VAE_UNCERTAINTY,51,Q loss,778,0.001003940007649362
GAS,BAD,UCB_WITHOUT_VAE_UNCERTAINTY,51,Q loss,779,0.0035587840247899294
GAS,BAD,UCB_WITHOUT_VAE_UNCERTAINTY,51,Q loss,780,0.0009691743180155754
GAS,BAD,UCB_WITHOUT_VAE_UNCERTAINTY,51,Q loss,781,0.0017916330834850669
GAS,BAD,UCB_WITHOUT_VAE_UNCERTAINTY,51,Q loss,782,0.0015105928760021925
GAS,BAD,UCB_WITHOUT_VAE_UNCERTAINTY,51,Q loss,783,0.001243862323462963
GAS,BAD,UCB_WITHOUT_VAE_UNCERTAINTY,51,Q loss,784,0.0010586126009002328
GAS,BAD,UCB_WITHOUT_VAE_UNCERTAINTY,51,Q loss,785,0.0040242960676550865
GAS,BAD,UCB_WITHOUT_VAE_UNCERTAINTY,51,Q loss,786,0.0009637309703975916
GAS,BAD,UCB_WITHOUT_VAE_UNCERTAINTY,51,Q loss,787,0.0013000224716961384
GAS,BAD,UCB_WITHOUT_VAE_UNCERTAINTY,51,Q loss,788,0.0016233407659456134
GAS,BAD,UCB_WITHOUT_VAE_UNCERTAINTY,51,Q loss,789,0.0014657469000667334
GAS,BAD,UCB_WITHOUT_VAE_UNCERTAINTY,51,Q loss,790,0.0005688396049663424
GAS,BAD,UCB_WITHOUT_VAE_UNCERTAINTY,51,Q loss,791,0.0013028767425566912
GAS,BAD,UCB_WITHOUT_VAE_UNCERTAINTY,51,Q loss,792,0.0026169863995164633
GAS,BAD,UCB_WITHOUT_VAE_UNCERTAINTY,51,Q loss,793,0.0033013513311743736
GAS,BAD,UCB_WITHOUT_VAE_UNCERTAINTY,51,Q loss,794,0.0007707714103162289
GAS,BAD,UCB_WITHOUT_VAE_UNCERTAINTY,51,Q loss,795,0.0014440957456827164
GAS,BAD,UCB_WITHOUT_VAE_UNCERTAINTY,51,Q loss,796,0.0010732979280874133
GAS,BAD,UCB_WITHOUT_VAE_UNCERTAINTY,51,Q loss,797,0.0014613514067605138
GAS,BAD,UCB_WITHOUT_VAE_UNCERTAINTY,51,Q loss,798,0.001342944335192442
GAS,BAD,UCB_WITHOUT_VAE_UNCERTAINTY,51,Q loss,799,0.0015743784606456757
GAS,BAD,UCB_WITHOUT_VAE_UNCERTAINTY,51,Q loss,800,0.0008903822745196521
GAS,BAD,UCB_WITHOUT_VAE_UNCERTAINTY,51,Q loss,801,0.0033226762898266315
GAS,BAD,UCB_WITHOUT_VAE_UNCERTAINTY,51,Q loss,802,0.004769554827362299
GAS,BAD,UCB_WITHOUT_VAE_UNCERTAINTY,51,Q loss,803,0.0014503581915050745
GAS,BAD,UCB_WITHOUT_VAE_UNCERTAINTY,51,Q loss,804,0.0008698237943463027
GAS,BAD,UCB_WITHOUT_VAE_UNCERTAINTY,51,Q loss,805,0.001368283643387258
GAS,BAD,UCB_WITHOUT_VAE_UNCERTAINTY,51,Q loss,806,0.0011129961349070072
GAS,BAD,UCB_WITHOUT_VAE_UNCERTAINTY,51,Q loss,807,0.0006333517376333475
GAS,BAD,UCB_WITHOUT_VAE_UNCERTAINTY,51,Q loss,808,0.0035562789998948574
GAS,BAD,UCB_WITHOUT_VAE_UNCERTAINTY,51,Q loss,809,0.0019667265005409718
GAS,BAD,UCB_WITHOUT_VAE_UNCERTAINTY,51,Cost loss,0,0.12073031067848206
GAS,BAD,UCB_WITHOUT_VAE_UNCERTAINTY,51,Cost loss,1,0.12143554538488388
GAS,BAD,UCB_WITHOUT_VAE_UNCERTAINTY,51,Cost loss,2,0.11872904747724533
GAS,BAD,UCB_WITHOUT_VAE_UNCERTAINTY,51,Cost loss,3,0.11749882251024246
GAS,BAD,UCB_WITHOUT_VAE_UNCERTAINTY,51,Cost loss,4,0.11884260177612305
GAS,BAD,UCB_WITHOUT_VAE_UNCERTAINTY,51,Cost loss,5,0.11603590846061707
GAS,BAD,UCB_WITHOUT_VAE_UNCERTAINTY,51,Cost loss,6,0.11644463241100311
GAS,BAD,UCB_WITHOUT_VAE_UNCERTAINTY,51,Cost loss,7,0.11375539004802704
GAS,BAD,UCB_WITHOUT_VAE_UNCERTAINTY,51,Cost loss,8,0.11259350180625916
GAS,BAD,UCB_WITHOUT_VAE_UNCERTAINTY,51,Cost loss,9,0.10992966592311859
GAS,BAD,UCB_WITHOUT_VAE_UNCERTAINTY,51,Cost loss,10,0.11035756766796112
GAS,BAD,UCB_WITHOUT_VAE_UNCERTAINTY,51,Cost loss,11,0.11048658192157745
GAS,BAD,UCB_WITHOUT_VAE_UNCERTAINTY,51,Cost loss,12,0.10818450152873993
GAS,BAD,UCB_WITHOUT_VAE_UNCERTAINTY,51,Cost loss,13,0.10787144303321838
GAS,BAD,UCB_WITHOUT_VAE_UNCERTAINTY,51,Cost loss,14,0.1072770208120346
GAS,BAD,UCB_WITHOUT_VAE_UNCERTAINTY,51,Cost loss,15,0.10254911333322525
GAS,BAD,UCB_WITHOUT_VAE_UNCERTAINTY,51,Cost loss,16,0.10320641845464706
GAS,BAD,UCB_WITHOUT_VAE_UNCERTAINTY,51,Cost loss,17,0.10164187848567963
GAS,BAD,UCB_WITHOUT_VAE_UNCERTAINTY,51,Cost loss,18,0.1004130020737648
GAS,BAD,UCB_WITHOUT_VAE_UNCERTAINTY,51,Cost loss,19,0.09880302846431732
GAS,BAD,UCB_WITHOUT_VAE_UNCERTAINTY,51,Cost loss,20,0.09781353175640106
GAS,BAD,UCB_WITHOUT_VAE_UNCERTAINTY,51,Cost loss,21,0.09848927706480026
GAS,BAD,UCB_WITHOUT_VAE_UNCERTAINTY,51,Cost loss,22,0.09671890735626221
GAS,BAD,UCB_WITHOUT_VAE_UNCERTAINTY,51,Cost loss,23,0.09585563093423843
GAS,BAD,UCB_WITHOUT_VAE_UNCERTAINTY,51,Cost loss,24,0.09403447061777115
GAS,BAD,UCB_WITHOUT_VAE_UNCERTAINTY,51,Cost loss,25,0.09344401210546494
GAS,BAD,UCB_WITHOUT_VAE_UNCERTAINTY,51,Cost loss,26,0.09276332706212997
GAS,BAD,UCB_WITHOUT_VAE_UNCERTAINTY,51,Cost loss,27,0.09441383928060532
GAS,BAD,UCB_WITHOUT_VAE_UNCERTAINTY,51,Cost loss,28,0.08888999372720718
GAS,BAD,UCB_WITHOUT_VAE_UNCERTAINTY,51,Cost loss,29,0.08834369480609894
GAS,BAD,UCB_WITHOUT_VAE_UNCERTAINTY,51,Cost loss,30,0.08817900717258453
GAS,BAD,UCB_WITHOUT_VAE_UNCERTAINTY,51,Cost loss,31,0.08891426026821136
GAS,BAD,UCB_WITHOUT_VAE_UNCERTAINTY,51,Cost loss,32,0.08496341109275818
GAS,BAD,UCB_WITHOUT_VAE_UNCERTAINTY,51,Cost loss,33,0.08571982383728027
GAS,BAD,UCB_WITHOUT_VAE_UNCERTAINTY,51,Cost loss,34,0.08475195616483688
GAS,BAD,UCB_WITHOUT_VAE_UNCERTAINTY,51,Cost loss,35,0.0808359682559967
GAS,BAD,UCB_WITHOUT_VAE_UNCERTAINTY,51,Cost loss,36,0.08146227896213531
GAS,BAD,UCB_WITHOUT_VAE_UNCERTAINTY,51,Cost loss,37,0.08235842734575272
GAS,BAD,UCB_WITHOUT_VAE_UNCERTAINTY,51,Cost loss,38,0.07972273230552673
GAS,BAD,UCB_WITHOUT_VAE_UNCERTAINTY,51,Cost loss,39,0.08105210214853287
GAS,BAD,UCB_WITHOUT_VAE_UNCERTAINTY,51,Cost loss,40,0.07702949643135071
GAS,BAD,UCB_WITHOUT_VAE_UNCERTAINTY,51,Cost loss,41,0.07874539494514465
GAS,BAD,UCB_WITHOUT_VAE_UNCERTAINTY,51,Cost loss,42,0.07388989627361298
GAS,BAD,UCB_WITHOUT_VAE_UNCERTAINTY,51,Cost loss,43,0.0747009813785553
GAS,BAD,UCB_WITHOUT_VAE_UNCERTAINTY,51,Cost loss,44,0.07208177447319031
GAS,BAD,UCB_WITHOUT_VAE_UNCERTAINTY,51,Cost loss,45,0.07181824743747711
GAS,BAD,UCB_WITHOUT_VAE_UNCERTAINTY,51,Cost loss,46,0.06990617513656616
GAS,BAD,UCB_WITHOUT_VAE_UNCERTAINTY,51,Cost loss,47,0.07088342308998108
GAS,BAD,UCB_WITHOUT_VAE_UNCERTAINTY,51,Cost loss,48,0.068417988717556
GAS,BAD,UCB_WITHOUT_VAE_UNCERTAINTY,51,Cost loss,49,0.06899147480726242
GAS,BAD,UCB_WITHOUT_VAE_UNCERTAINTY,51,Cost loss,50,0.06785130500793457
GAS,BAD,UCB_WITHOUT_VAE_UNCERTAINTY,51,Cost loss,51,0.06847428530454636
GAS,BAD,UCB_WITHOUT_VAE_UNCERTAINTY,51,Cost loss,52,0.06575362384319305
GAS,BAD,UCB_WITHOUT_VAE_UNCERTAINTY,51,Cost loss,53,0.06548468768596649
GAS,BAD,UCB_WITHOUT_VAE_UNCERTAINTY,51,Cost loss,54,0.06267599016427994
GAS,BAD,UCB_WITHOUT_VAE_UNCERTAINTY,51,Cost loss,55,0.06172635778784752
GAS,BAD,UCB_WITHOUT_VAE_UNCERTAINTY,51,Cost loss,56,0.06235133856534958
GAS,BAD,UCB_WITHOUT_VAE_UNCERTAINTY,51,Cost loss,57,0.05994307994842529
GAS,BAD,UCB_WITHOUT_VAE_UNCERTAINTY,51,Cost loss,58,0.061329081654548645
GAS,BAD,UCB_WITHOUT_VAE_UNCERTAINTY,51,Cost loss,59,0.059045806527137756
GAS,BAD,UCB_WITHOUT_VAE_UNCERTAINTY,51,Cost loss,60,0.057996366173028946
GAS,BAD,UCB_WITHOUT_VAE_UNCERTAINTY,51,Cost loss,61,0.057173147797584534
GAS,BAD,UCB_WITHOUT_VAE_UNCERTAINTY,51,Cost loss,62,0.0583120733499527
GAS,BAD,UCB_WITHOUT_VAE_UNCERTAINTY,51,Cost loss,63,0.05551700294017792
GAS,BAD,UCB_WITHOUT_VAE_UNCERTAINTY,51,Cost loss,64,0.05411089211702347
GAS,BAD,UCB_WITHOUT_VAE_UNCERTAINTY,51,Cost loss,65,0.05391957610845566
GAS,BAD,UCB_WITHOUT_VAE_UNCERTAINTY,51,Cost loss,66,0.04941142350435257
GAS,BAD,UCB_WITHOUT_VAE_UNCERTAINTY,51,Cost loss,67,0.052817463874816895
GAS,BAD,UCB_WITHOUT_VAE_UNCERTAINTY,51,Cost loss,68,0.050837598741054535
GAS,BAD,UCB_WITHOUT_VAE_UNCERTAINTY,51,Cost loss,69,0.052642129361629486
GAS,BAD,UCB_WITHOUT_VAE_UNCERTAINTY,51,Cost loss,70,0.050160206854343414
GAS,BAD,UCB_WITHOUT_VAE_UNCERTAINTY,51,Cost loss,71,0.0485917329788208
GAS,BAD,UCB_WITHOUT_VAE_UNCERTAINTY,51,Cost loss,72,0.04933492839336395
GAS,BAD,UCB_WITHOUT_VAE_UNCERTAINTY,51,Cost loss,73,0.0473506934940815
GAS,BAD,UCB_WITHOUT_VAE_UNCERTAINTY,51,Cost loss,74,0.04494096338748932
GAS,BAD,UCB_WITHOUT_VAE_UNCERTAINTY,51,Cost loss,75,0.047070056200027466
GAS,BAD,UCB_WITHOUT_VAE_UNCERTAINTY,51,Cost loss,76,0.043721552938222885
GAS,BAD,UCB_WITHOUT_VAE_UNCERTAINTY,51,Cost loss,77,0.04181080311536789
GAS,BAD,UCB_WITHOUT_VAE_UNCERTAINTY,51,Cost loss,78,0.043246518820524216
GAS,BAD,UCB_WITHOUT_VAE_UNCERTAINTY,51,Cost loss,79,0.04117819666862488
GAS,BAD,UCB_WITHOUT_VAE_UNCERTAINTY,51,Cost loss,80,0.039983272552490234
GAS,BAD,UCB_WITHOUT_VAE_UNCERTAINTY,51,Cost loss,81,0.04030698537826538
GAS,BAD,UCB_WITHOUT_VAE_UNCERTAINTY,51,Cost loss,82,0.04030657187104225
GAS,BAD,UCB_WITHOUT_VAE_UNCERTAINTY,51,Cost loss,83,0.03843933343887329
GAS,BAD,UCB_WITHOUT_VAE_UNCERTAINTY,51,Cost loss,84,0.039044786244630814
GAS,BAD,UCB_WITHOUT_VAE_UNCERTAINTY,51,Cost loss,85,0.03916717320680618
GAS,BAD,UCB_WITHOUT_VAE_UNCERTAINTY,51,Cost loss,86,0.03877357393503189
GAS,BAD,UCB_WITHOUT_VAE_UNCERTAINTY,51,Cost loss,87,0.03533114492893219
GAS,BAD,UCB_WITHOUT_VAE_UNCERTAINTY,51,Cost loss,88,0.03750590980052948
GAS,BAD,UCB_WITHOUT_VAE_UNCERTAINTY,51,Cost loss,89,0.036746539175510406
GAS,BAD,UCB_WITHOUT_VAE_UNCERTAINTY,51,Cost loss,90,0.03517407551407814
GAS,BAD,UCB_WITHOUT_VAE_UNCERTAINTY,51,Cost loss,91,0.03365384787321091
GAS,BAD,UCB_WITHOUT_VAE_UNCERTAINTY,51,Cost loss,92,0.03356829285621643
GAS,BAD,UCB_WITHOUT_VAE_UNCERTAINTY,51,Cost loss,93,0.03192847967147827
GAS,BAD,UCB_WITHOUT_VAE_UNCERTAINTY,51,Cost loss,94,0.032210804522037506
GAS,BAD,UCB_WITHOUT_VAE_UNCERTAINTY,51,Cost loss,95,0.03134487196803093
GAS,BAD,UCB_WITHOUT_VAE_UNCERTAINTY,51,Cost loss,96,0.030392082408070564
GAS,BAD,UCB_WITHOUT_VAE_UNCERTAINTY,51,Cost loss,97,0.03149092197418213
GAS,BAD,UCB_WITHOUT_VAE_UNCERTAINTY,51,Cost loss,98,0.02892225794494152
GAS,BAD,UCB_WITHOUT_VAE_UNCERTAINTY,51,Cost loss,99,0.030141718685626984
GAS,BAD,UCB_WITHOUT_VAE_UNCERTAINTY,51,Cost loss,100,0.028250183910131454
GAS,BAD,UCB_WITHOUT_VAE_UNCERTAINTY,51,Cost loss,101,0.02727077528834343
GAS,BAD,UCB_WITHOUT_VAE_UNCERTAINTY,51,Cost loss,102,0.02660553529858589
GAS,BAD,UCB_WITHOUT_VAE_UNCERTAINTY,51,Cost loss,103,0.02459142357110977
GAS,BAD,UCB_WITHOUT_VAE_UNCERTAINTY,51,Cost loss,104,0.022145388647913933
GAS,BAD,UCB_WITHOUT_VAE_UNCERTAINTY,51,Cost loss,105,0.021616417914628983
GAS,BAD,UCB_WITHOUT_VAE_UNCERTAINTY,51,Cost loss,106,0.02240578830242157
GAS,BAD,UCB_WITHOUT_VAE_UNCERTAINTY,51,Cost loss,107,0.021073564887046814
GAS,BAD,UCB_WITHOUT_VAE_UNCERTAINTY,51,Cost loss,108,0.020050974562764168
GAS,BAD,UCB_WITHOUT_VAE_UNCERTAINTY,51,Cost loss,109,0.019948188215494156
GAS,BAD,UCB_WITHOUT_VAE_UNCERTAINTY,51,Cost loss,110,0.018657706677913666
GAS,BAD,UCB_WITHOUT_VAE_UNCERTAINTY,51,Cost loss,111,0.018838215619325638
GAS,BAD,UCB_WITHOUT_VAE_UNCERTAINTY,51,Cost loss,112,0.018276479095220566
GAS,BAD,UCB_WITHOUT_VAE_UNCERTAINTY,51,Cost loss,113,0.017866728827357292
GAS,BAD,UCB_WITHOUT_VAE_UNCERTAINTY,51,Cost loss,114,0.016518430784344673
GAS,BAD,UCB_WITHOUT_VAE_UNCERTAINTY,51,Cost loss,115,0.016819603741168976
GAS,BAD,UCB_WITHOUT_VAE_UNCERTAINTY,51,Cost loss,116,0.016118628904223442
GAS,BAD,UCB_WITHOUT_VAE_UNCERTAINTY,51,Cost loss,117,0.01506246067583561
GAS,BAD,UCB_WITHOUT_VAE_UNCERTAINTY,51,Cost loss,118,0.015615444630384445
GAS,BAD,UCB_WITHOUT_VAE_UNCERTAINTY,51,Cost loss,119,0.013738542795181274
GAS,BAD,UCB_WITHOUT_VAE_UNCERTAINTY,51,Cost loss,120,0.013675421476364136
GAS,BAD,UCB_WITHOUT_VAE_UNCERTAINTY,51,Cost loss,121,0.012247900478541851
GAS,BAD,UCB_WITHOUT_VAE_UNCERTAINTY,51,Cost loss,122,0.011946046724915504
GAS,BAD,UCB_WITHOUT_VAE_UNCERTAINTY,51,Cost loss,123,0.011440018191933632
GAS,BAD,UCB_WITHOUT_VAE_UNCERTAINTY,51,Cost loss,124,0.010437114164233208
GAS,BAD,UCB_WITHOUT_VAE_UNCERTAINTY,51,Cost loss,125,0.011260123923420906
GAS,BAD,UCB_WITHOUT_VAE_UNCERTAINTY,51,Cost loss,126,0.010699563659727573
GAS,BAD,UCB_WITHOUT_VAE_UNCERTAINTY,51,Cost loss,127,0.010308840312063694
GAS,BAD,UCB_WITHOUT_VAE_UNCERTAINTY,51,Cost loss,128,0.009748557582497597
GAS,BAD,UCB_WITHOUT_VAE_UNCERTAINTY,51,Cost loss,129,0.009616101160645485
GAS,BAD,UCB_WITHOUT_VAE_UNCERTAINTY,51,Cost loss,130,0.009297609329223633
GAS,BAD,UCB_WITHOUT_VAE_UNCERTAINTY,51,Cost loss,131,0.009265262633562088
GAS,BAD,UCB_WITHOUT_VAE_UNCERTAINTY,51,Cost loss,132,0.009128203615546227
GAS,BAD,UCB_WITHOUT_VAE_UNCERTAINTY,51,Cost loss,133,0.008453711867332458
GAS,BAD,UCB_WITHOUT_VAE_UNCERTAINTY,51,Cost loss,134,0.008134981617331505
GAS,BAD,UCB_WITHOUT_VAE_UNCERTAINTY,51,Cost loss,135,0.008879443630576134
GAS,BAD,UCB_WITHOUT_VAE_UNCERTAINTY,51,Cost loss,136,0.008202431723475456
GAS,BAD,UCB_WITHOUT_VAE_UNCERTAINTY,51,Cost loss,137,0.008456232957541943
GAS,BAD,UCB_WITHOUT_VAE_UNCERTAINTY,51,Cost loss,138,0.008073927834630013
GAS,BAD,UCB_WITHOUT_VAE_UNCERTAINTY,51,Cost loss,139,0.007739376276731491
GAS,BAD,UCB_WITHOUT_VAE_UNCERTAINTY,51,Cost loss,140,0.006857528351247311
GAS,BAD,UCB_WITHOUT_VAE_UNCERTAINTY,51,Cost loss,141,0.007854260504245758
GAS,BAD,UCB_WITHOUT_VAE_UNCERTAINTY,51,Cost loss,142,0.007270213216543198
GAS,BAD,UCB_WITHOUT_VAE_UNCERTAINTY,51,Cost loss,143,0.007449362426996231
GAS,BAD,UCB_WITHOUT_VAE_UNCERTAINTY,51,Cost loss,144,0.007815241813659668
GAS,BAD,UCB_WITHOUT_VAE_UNCERTAINTY,52,Q loss,0,0.01312613021582365
GAS,BAD,UCB_WITHOUT_VAE_UNCERTAINTY,52,Q loss,1,0.013588291592895985
GAS,BAD,UCB_WITHOUT_VAE_UNCERTAINTY,52,Q loss,2,0.018697310239076614
GAS,BAD,UCB_WITHOUT_VAE_UNCERTAINTY,52,Q loss,3,0.03409736230969429
GAS,BAD,UCB_WITHOUT_VAE_UNCERTAINTY,52,Q loss,4,0.016201794147491455
GAS,BAD,UCB_WITHOUT_VAE_UNCERTAINTY,52,Q loss,5,0.024751830846071243
GAS,BAD,UCB_WITHOUT_VAE_UNCERTAINTY,52,Q loss,6,0.008547982200980186
GAS,BAD,UCB_WITHOUT_VAE_UNCERTAINTY,52,Q loss,7,0.013603701256215572
GAS,BAD,UCB_WITHOUT_VAE_UNCERTAINTY,52,Q loss,8,0.009557962417602539
GAS,BAD,UCB_WITHOUT_VAE_UNCERTAINTY,52,Q loss,9,0.023130489513278008
GAS,BAD,UCB_WITHOUT_VAE_UNCERTAINTY,52,Q loss,10,0.07257559895515442
GAS,BAD,UCB_WITHOUT_VAE_UNCERTAINTY,52,Q loss,11,0.0585576631128788
GAS,BAD,UCB_WITHOUT_VAE_UNCERTAINTY,52,Q loss,12,0.037935562431812286
GAS,BAD,UCB_WITHOUT_VAE_UNCERTAINTY,52,Q loss,13,0.04465341940522194
GAS,BAD,UCB_WITHOUT_VAE_UNCERTAINTY,52,Q loss,14,0.034063637256622314
GAS,BAD,UCB_WITHOUT_VAE_UNCERTAINTY,52,Q loss,15,0.027290869504213333
GAS,BAD,UCB_WITHOUT_VAE_UNCERTAINTY,52,Q loss,16,0.05023612082004547
GAS,BAD,UCB_WITHOUT_VAE_UNCERTAINTY,52,Q loss,17,0.0690416693687439
GAS,BAD,UCB_WITHOUT_VAE_UNCERTAINTY,52,Q loss,18,0.011074509471654892
GAS,BAD,UCB_WITHOUT_VAE_UNCERTAINTY,52,Q loss,19,0.011102594435214996
GAS,BAD,UCB_WITHOUT_VAE_UNCERTAINTY,52,Q loss,20,0.023391569033265114
GAS,BAD,UCB_WITHOUT_VAE_UNCERTAINTY,52,Q loss,21,0.04742514342069626
GAS,BAD,UCB_WITHOUT_VAE_UNCERTAINTY,52,Q loss,22,0.018715502694249153
GAS,BAD,UCB_WITHOUT_VAE_UNCERTAINTY,52,Q loss,23,0.014859311282634735
GAS,BAD,UCB_WITHOUT_VAE_UNCERTAINTY,52,Q loss,24,0.010508114472031593
GAS,BAD,UCB_WITHOUT_VAE_UNCERTAINTY,52,Q loss,25,0.015688668936491013
GAS,BAD,UCB_WITHOUT_VAE_UNCERTAINTY,52,Q loss,26,0.01599235087633133
GAS,BAD,UCB_WITHOUT_VAE_UNCERTAINTY,52,Q loss,27,0.02789325825870037
GAS,BAD,UCB_WITHOUT_VAE_UNCERTAINTY,52,Q loss,28,0.07634308934211731
GAS,BAD,UCB_WITHOUT_VAE_UNCERTAINTY,52,Q loss,29,0.045483920723199844
GAS,BAD,UCB_WITHOUT_VAE_UNCERTAINTY,52,Q loss,30,0.05402222275733948
GAS,BAD,UCB_WITHOUT_VAE_UNCERTAINTY,52,Q loss,31,0.0655902773141861
GAS,BAD,UCB_WITHOUT_VAE_UNCERTAINTY,52,Q loss,32,0.0300503671169281
GAS,BAD,UCB_WITHOUT_VAE_UNCERTAINTY,52,Q loss,33,0.040262527763843536
GAS,BAD,UCB_WITHOUT_VAE_UNCERTAINTY,52,Q loss,34,0.08653395622968674
GAS,BAD,UCB_WITHOUT_VAE_UNCERTAINTY,52,Q loss,35,0.1355457901954651
GAS,BAD,UCB_WITHOUT_VAE_UNCERTAINTY,52,Q loss,36,0.011679891496896744
GAS,BAD,UCB_WITHOUT_VAE_UNCERTAINTY,52,Q loss,37,0.013133679516613483
GAS,BAD,UCB_WITHOUT_VAE_UNCERTAINTY,52,Q loss,38,0.017429661005735397
GAS,BAD,UCB_WITHOUT_VAE_UNCERTAINTY,52,Q loss,39,0.03492804616689682
GAS,BAD,UCB_WITHOUT_VAE_UNCERTAINTY,52,Q loss,40,0.01590924710035324
GAS,BAD,UCB_WITHOUT_VAE_UNCERTAINTY,52,Q loss,41,0.022720783948898315
GAS,BAD,UCB_WITHOUT_VAE_UNCERTAINTY,52,Q loss,42,0.011641721241176128
GAS,BAD,UCB_WITHOUT_VAE_UNCERTAINTY,52,Q loss,43,0.012435335665941238
GAS,BAD,UCB_WITHOUT_VAE_UNCERTAINTY,52,Q loss,44,0.010361192747950554
GAS,BAD,UCB_WITHOUT_VAE_UNCERTAINTY,52,Q loss,45,0.03304464742541313
GAS,BAD,UCB_WITHOUT_VAE_UNCERTAINTY,52,Q loss,46,0.06493566930294037
GAS,BAD,UCB_WITHOUT_VAE_UNCERTAINTY,52,Q loss,47,0.0376344695687294
GAS,BAD,UCB_WITHOUT_VAE_UNCERTAINTY,52,Q loss,48,0.05740824714303017
GAS,BAD,UCB_WITHOUT_VAE_UNCERTAINTY,52,Q loss,49,0.05610854923725128
GAS,BAD,UCB_WITHOUT_VAE_UNCERTAINTY,52,Q loss,50,0.038348354399204254
GAS,BAD,UCB_WITHOUT_VAE_UNCERTAINTY,52,Q loss,51,0.03566957265138626
GAS,BAD,UCB_WITHOUT_VAE_UNCERTAINTY,52,Q loss,52,0.05010467767715454
GAS,BAD,UCB_WITHOUT_VAE_UNCERTAINTY,52,Q loss,53,0.0996992215514183
GAS,BAD,UCB_WITHOUT_VAE_UNCERTAINTY,52,Q loss,54,0.013385739177465439
GAS,BAD,UCB_WITHOUT_VAE_UNCERTAINTY,52,Q loss,55,0.010785959661006927
GAS,BAD,UCB_WITHOUT_VAE_UNCERTAINTY,52,Q loss,56,0.018310490995645523
GAS,BAD,UCB_WITHOUT_VAE_UNCERTAINTY,52,Q loss,57,0.040323805063962936
GAS,BAD,UCB_WITHOUT_VAE_UNCERTAINTY,52,Q loss,58,0.018609758466482162
GAS,BAD,UCB_WITHOUT_VAE_UNCERTAINTY,52,Q loss,59,0.019036870449781418
GAS,BAD,UCB_WITHOUT_VAE_UNCERTAINTY,52,Q loss,60,0.012107869610190392
GAS,BAD,UCB_WITHOUT_VAE_UNCERTAINTY,52,Q loss,61,0.01483236439526081
GAS,BAD,UCB_WITHOUT_VAE_UNCERTAINTY,52,Q loss,62,0.015207022428512573
GAS,BAD,UCB_WITHOUT_VAE_UNCERTAINTY,52,Q loss,63,0.019782330840826035
GAS,BAD,UCB_WITHOUT_VAE_UNCERTAINTY,52,Q loss,64,0.04402654618024826
GAS,BAD,UCB_WITHOUT_VAE_UNCERTAINTY,52,Q loss,65,0.04692326486110687
GAS,BAD,UCB_WITHOUT_VAE_UNCERTAINTY,52,Q loss,66,0.05425789952278137
GAS,BAD,UCB_WITHOUT_VAE_UNCERTAINTY,52,Q loss,67,0.04398205503821373
GAS,BAD,UCB_WITHOUT_VAE_UNCERTAINTY,52,Q loss,68,0.021085083484649658
GAS,BAD,UCB_WITHOUT_VAE_UNCERTAINTY,52,Q loss,69,0.02410699985921383
GAS,BAD,UCB_WITHOUT_VAE_UNCERTAINTY,52,Q loss,70,0.05975303798913956
GAS,BAD,UCB_WITHOUT_VAE_UNCERTAINTY,52,Q loss,71,0.06285746395587921
GAS,BAD,UCB_WITHOUT_VAE_UNCERTAINTY,52,Q loss,72,0.014004760421812534
GAS,BAD,UCB_WITHOUT_VAE_UNCERTAINTY,52,Q loss,73,0.008396903052926064
GAS,BAD,UCB_WITHOUT_VAE_UNCERTAINTY,52,Q loss,74,0.012476923875510693
GAS,BAD,UCB_WITHOUT_VAE_UNCERTAINTY,52,Q loss,75,0.03905956447124481
GAS,BAD,UCB_WITHOUT_VAE_UNCERTAINTY,52,Q loss,76,0.014324025250971317
GAS,BAD,UCB_WITHOUT_VAE_UNCERTAINTY,52,Q loss,77,0.01537321787327528
GAS,BAD,UCB_WITHOUT_VAE_UNCERTAINTY,52,Q loss,78,0.00546639459207654
GAS,BAD,UCB_WITHOUT_VAE_UNCERTAINTY,52,Q loss,79,0.010996581986546516
GAS,BAD,UCB_WITHOUT_VAE_UNCERTAINTY,52,Q loss,80,0.00868950691074133
GAS,BAD,UCB_WITHOUT_VAE_UNCERTAINTY,52,Q loss,81,0.02742563560605049
GAS,BAD,UCB_WITHOUT_VAE_UNCERTAINTY,52,Q loss,82,0.05554664880037308
GAS,BAD,UCB_WITHOUT_VAE_UNCERTAINTY,52,Q loss,83,0.0330054834485054
GAS,BAD,UCB_WITHOUT_VAE_UNCERTAINTY,52,Q loss,84,0.046886708587408066
GAS,BAD,UCB_WITHOUT_VAE_UNCERTAINTY,52,Q loss,85,0.0578170046210289
GAS,BAD,UCB_WITHOUT_VAE_UNCERTAINTY,52,Q loss,86,0.01882321387529373
GAS,BAD,UCB_WITHOUT_VAE_UNCERTAINTY,52,Q loss,87,0.028967702761292458
GAS,BAD,UCB_WITHOUT_VAE_UNCERTAINTY,52,Q loss,88,0.049428265541791916
GAS,BAD,UCB_WITHOUT_VAE_UNCERTAINTY,52,Q loss,89,0.08487384021282196
GAS,BAD,UCB_WITHOUT_VAE_UNCERTAINTY,52,Q loss,90,0.010642037726938725
GAS,BAD,UCB_WITHOUT_VAE_UNCERTAINTY,52,Q loss,91,0.007916060276329517
GAS,BAD,UCB_WITHOUT_VAE_UNCERTAINTY,52,Q loss,92,0.012269701808691025
GAS,BAD,UCB_WITHOUT_VAE_UNCERTAINTY,52,Q loss,93,0.026375535875558853
GAS,BAD,UCB_WITHOUT_VAE_UNCERTAINTY,52,Q loss,94,0.013401217758655548
GAS,BAD,UCB_WITHOUT_VAE_UNCERTAINTY,52,Q loss,95,0.012468433007597923
GAS,BAD,UCB_WITHOUT_VAE_UNCERTAINTY,52,Q loss,96,0.011572396382689476
GAS,BAD,UCB_WITHOUT_VAE_UNCERTAINTY,52,Q loss,97,0.006843984592705965
GAS,BAD,UCB_WITHOUT_VAE_UNCERTAINTY,52,Q loss,98,0.009516756981611252
GAS,BAD,UCB_WITHOUT_VAE_UNCERTAINTY,52,Q loss,99,0.01738661900162697
GAS,BAD,UCB_WITHOUT_VAE_UNCERTAINTY,52,Q loss,100,0.0469009205698967
GAS,BAD,UCB_WITHOUT_VAE_UNCERTAINTY,52,Q loss,101,0.03181084245443344
GAS,BAD,UCB_WITHOUT_VAE_UNCERTAINTY,52,Q loss,102,0.03562942147254944
GAS,BAD,UCB_WITHOUT_VAE_UNCERTAINTY,52,Q loss,103,0.043016090989112854
GAS,BAD,UCB_WITHOUT_VAE_UNCERTAINTY,52,Q loss,104,0.01752137765288353
GAS,BAD,UCB_WITHOUT_VAE_UNCERTAINTY,52,Q loss,105,0.024604106321930885
GAS,BAD,UCB_WITHOUT_VAE_UNCERTAINTY,52,Q loss,106,0.034898266196250916
GAS,BAD,UCB_WITHOUT_VAE_UNCERTAINTY,52,Q loss,107,0.0715063288807869
GAS,BAD,UCB_WITHOUT_VAE_UNCERTAINTY,52,Q loss,108,0.004300044849514961
GAS,BAD,UCB_WITHOUT_VAE_UNCERTAINTY,52,Q loss,109,0.005990119185298681
GAS,BAD,UCB_WITHOUT_VAE_UNCERTAINTY,52,Q loss,110,0.007108866237103939
GAS,BAD,UCB_WITHOUT_VAE_UNCERTAINTY,52,Q loss,111,0.02523665502667427
GAS,BAD,UCB_WITHOUT_VAE_UNCERTAINTY,52,Q loss,112,0.004301086999475956
GAS,BAD,UCB_WITHOUT_VAE_UNCERTAINTY,52,Q loss,113,0.010238731279969215
GAS,BAD,UCB_WITHOUT_VAE_UNCERTAINTY,52,Q loss,114,0.008243472315371037
GAS,BAD,UCB_WITHOUT_VAE_UNCERTAINTY,52,Q loss,115,0.006760809570550919
GAS,BAD,UCB_WITHOUT_VAE_UNCERTAINTY,52,Q loss,116,0.006436584517359734
GAS,BAD,UCB_WITHOUT_VAE_UNCERTAINTY,52,Q loss,117,0.014021625742316246
GAS,BAD,UCB_WITHOUT_VAE_UNCERTAINTY,52,Q loss,118,0.027688564732670784
GAS,BAD,UCB_WITHOUT_VAE_UNCERTAINTY,52,Q loss,119,0.02478240430355072
GAS,BAD,UCB_WITHOUT_VAE_UNCERTAINTY,52,Q loss,120,0.025659235194325447
GAS,BAD,UCB_WITHOUT_VAE_UNCERTAINTY,52,Q loss,121,0.03842361271381378
GAS,BAD,UCB_WITHOUT_VAE_UNCERTAINTY,52,Q loss,122,0.013781823217868805
GAS,BAD,UCB_WITHOUT_VAE_UNCERTAINTY,52,Q loss,123,0.011070938780903816
GAS,BAD,UCB_WITHOUT_VAE_UNCERTAINTY,52,Q loss,124,0.030587581917643547
GAS,BAD,UCB_WITHOUT_VAE_UNCERTAINTY,52,Q loss,125,0.09032618999481201
GAS,BAD,UCB_WITHOUT_VAE_UNCERTAINTY,52,Q loss,126,0.009082520380616188
GAS,BAD,UCB_WITHOUT_VAE_UNCERTAINTY,52,Q loss,127,0.004413018003106117
GAS,BAD,UCB_WITHOUT_VAE_UNCERTAINTY,52,Q loss,128,0.007259427569806576
GAS,BAD,UCB_WITHOUT_VAE_UNCERTAINTY,52,Q loss,129,0.014973645098507404
GAS,BAD,UCB_WITHOUT_VAE_UNCERTAINTY,52,Q loss,130,0.0073897805996239185
GAS,BAD,UCB_WITHOUT_VAE_UNCERTAINTY,52,Q loss,131,0.0067789508029818535
GAS,BAD,UCB_WITHOUT_VAE_UNCERTAINTY,52,Q loss,132,0.004568748641759157
GAS,BAD,UCB_WITHOUT_VAE_UNCERTAINTY,52,Q loss,133,0.003210590220987797
GAS,BAD,UCB_WITHOUT_VAE_UNCERTAINTY,52,Q loss,134,0.0054150777868926525
GAS,BAD,UCB_WITHOUT_VAE_UNCERTAINTY,52,Q loss,135,0.00791108701378107
GAS,BAD,UCB_WITHOUT_VAE_UNCERTAINTY,52,Q loss,136,0.03895428031682968
GAS,BAD,UCB_WITHOUT_VAE_UNCERTAINTY,52,Q loss,137,0.02034456469118595
GAS,BAD,UCB_WITHOUT_VAE_UNCERTAINTY,52,Q loss,138,0.015850935131311417
GAS,BAD,UCB_WITHOUT_VAE_UNCERTAINTY,52,Q loss,139,0.029031872749328613
GAS,BAD,UCB_WITHOUT_VAE_UNCERTAINTY,52,Q loss,140,0.009907052852213383
GAS,BAD,UCB_WITHOUT_VAE_UNCERTAINTY,52,Q loss,141,0.011288261041045189
GAS,BAD,UCB_WITHOUT_VAE_UNCERTAINTY,52,Q loss,142,0.030185971409082413
GAS,BAD,UCB_WITHOUT_VAE_UNCERTAINTY,52,Q loss,143,0.047921072691679
GAS,BAD,UCB_WITHOUT_VAE_UNCERTAINTY,52,Q loss,144,0.006658721249550581
GAS,BAD,UCB_WITHOUT_VAE_UNCERTAINTY,52,Q loss,145,0.001818325836211443
GAS,BAD,UCB_WITHOUT_VAE_UNCERTAINTY,52,Q loss,146,0.008465316146612167
GAS,BAD,UCB_WITHOUT_VAE_UNCERTAINTY,52,Q loss,147,0.0185106098651886
GAS,BAD,UCB_WITHOUT_VAE_UNCERTAINTY,52,Q loss,148,0.007093728519976139
GAS,BAD,UCB_WITHOUT_VAE_UNCERTAINTY,52,Q loss,149,0.015516228042542934
GAS,BAD,UCB_WITHOUT_VAE_UNCERTAINTY,52,Q loss,150,0.006298697553575039
GAS,BAD,UCB_WITHOUT_VAE_UNCERTAINTY,52,Q loss,151,0.005579432472586632
GAS,BAD,UCB_WITHOUT_VAE_UNCERTAINTY,52,Q loss,152,0.004445692524313927
GAS,BAD,UCB_WITHOUT_VAE_UNCERTAINTY,52,Q loss,153,0.005173064302653074
GAS,BAD,UCB_WITHOUT_VAE_UNCERTAINTY,52,Q loss,154,0.027354441583156586
GAS,BAD,UCB_WITHOUT_VAE_UNCERTAINTY,52,Q loss,155,0.01954803615808487
GAS,BAD,UCB_WITHOUT_VAE_UNCERTAINTY,52,Q loss,156,0.024365557357668877
GAS,BAD,UCB_WITHOUT_VAE_UNCERTAINTY,52,Q loss,157,0.01924232393503189
GAS,BAD,UCB_WITHOUT_VAE_UNCERTAINTY,52,Q loss,158,0.008437611162662506
GAS,BAD,UCB_WITHOUT_VAE_UNCERTAINTY,52,Q loss,159,0.008441713638603687
GAS,BAD,UCB_WITHOUT_VAE_UNCERTAINTY,52,Q loss,160,0.02644350752234459
GAS,BAD,UCB_WITHOUT_VAE_UNCERTAINTY,52,Q loss,161,0.04108345881104469
GAS,BAD,UCB_WITHOUT_VAE_UNCERTAINTY,52,Q loss,162,0.003999860025942326
GAS,BAD,UCB_WITHOUT_VAE_UNCERTAINTY,52,Q loss,163,0.0045088413171470165
GAS,BAD,UCB_WITHOUT_VAE_UNCERTAINTY,52,Q loss,164,0.009869100525975227
GAS,BAD,UCB_WITHOUT_VAE_UNCERTAINTY,52,Q loss,165,0.00629153847694397
GAS,BAD,UCB_WITHOUT_VAE_UNCERTAINTY,52,Q loss,166,0.0036807332653552294
GAS,BAD,UCB_WITHOUT_VAE_UNCERTAINTY,52,Q loss,167,0.005761337000876665
GAS,BAD,UCB_WITHOUT_VAE_UNCERTAINTY,52,Q loss,168,0.0033083022572100163
GAS,BAD,UCB_WITHOUT_VAE_UNCERTAINTY,52,Q loss,169,0.0032568369060754776
GAS,BAD,UCB_WITHOUT_VAE_UNCERTAINTY,52,Q loss,170,0.0033179642632603645
GAS,BAD,UCB_WITHOUT_VAE_UNCERTAINTY,52,Q loss,171,0.0068980189971625805
GAS,BAD,UCB_WITHOUT_VAE_UNCERTAINTY,52,Q loss,172,0.020389758050441742
GAS,BAD,UCB_WITHOUT_VAE_UNCERTAINTY,52,Q loss,173,0.012214241549372673
GAS,BAD,UCB_WITHOUT_VAE_UNCERTAINTY,52,Q loss,174,0.008766106329858303
GAS,BAD,UCB_WITHOUT_VAE_UNCERTAINTY,52,Q loss,175,0.012918693013489246
GAS,BAD,UCB_WITHOUT_VAE_UNCERTAINTY,52,Q loss,176,0.0074022384360432625
GAS,BAD,UCB_WITHOUT_VAE_UNCERTAINTY,52,Q loss,177,0.011861522682011127
GAS,BAD,UCB_WITHOUT_VAE_UNCERTAINTY,52,Q loss,178,0.01630663126707077
GAS,BAD,UCB_WITHOUT_VAE_UNCERTAINTY,52,Q loss,179,0.01605052500963211
GAS,BAD,UCB_WITHOUT_VAE_UNCERTAINTY,52,Q loss,180,0.004338601604104042
GAS,BAD,UCB_WITHOUT_VAE_UNCERTAINTY,52,Q loss,181,0.002305690199136734
GAS,BAD,UCB_WITHOUT_VAE_UNCERTAINTY,52,Q loss,182,0.004573307931423187
GAS,BAD,UCB_WITHOUT_VAE_UNCERTAINTY,52,Q loss,183,0.012105906382203102
GAS,BAD,UCB_WITHOUT_VAE_UNCERTAINTY,52,Q loss,184,0.0032461541704833508
GAS,BAD,UCB_WITHOUT_VAE_UNCERTAINTY,52,Q loss,185,0.007627404294908047
GAS,BAD,UCB_WITHOUT_VAE_UNCERTAINTY,52,Q loss,186,0.002834427636116743
GAS,BAD,UCB_WITHOUT_VAE_UNCERTAINTY,52,Q loss,187,0.002822146750986576
GAS,BAD,UCB_WITHOUT_VAE_UNCERTAINTY,52,Q loss,188,0.00376870553009212
GAS,BAD,UCB_WITHOUT_VAE_UNCERTAINTY,52,Q loss,189,0.0072864447720348835
GAS,BAD,UCB_WITHOUT_VAE_UNCERTAINTY,52,Q loss,190,0.009388061240315437
GAS,BAD,UCB_WITHOUT_VAE_UNCERTAINTY,52,Q loss,191,0.01914631947875023
GAS,BAD,UCB_WITHOUT_VAE_UNCERTAINTY,52,Q loss,192,0.014078222215175629
GAS,BAD,UCB_WITHOUT_VAE_UNCERTAINTY,52,Q loss,193,0.008930858224630356
GAS,BAD,UCB_WITHOUT_VAE_UNCERTAINTY,52,Q loss,194,0.005864841863512993
GAS,BAD,UCB_WITHOUT_VAE_UNCERTAINTY,52,Q loss,195,0.008716410025954247
GAS,BAD,UCB_WITHOUT_VAE_UNCERTAINTY,52,Q loss,196,0.007330966182053089
GAS,BAD,UCB_WITHOUT_VAE_UNCERTAINTY,52,Q loss,197,0.015065835788846016
GAS,BAD,UCB_WITHOUT_VAE_UNCERTAINTY,52,Q loss,198,0.0064619677141308784
GAS,BAD,UCB_WITHOUT_VAE_UNCERTAINTY,52,Q loss,199,0.0036837852094322443
GAS,BAD,UCB_WITHOUT_VAE_UNCERTAINTY,52,Q loss,200,0.004668904468417168
GAS,BAD,UCB_WITHOUT_VAE_UNCERTAINTY,52,Q loss,201,0.00695450883358717
GAS,BAD,UCB_WITHOUT_VAE_UNCERTAINTY,52,Q loss,202,0.0036325869150459766
GAS,BAD,UCB_WITHOUT_VAE_UNCERTAINTY,52,Q loss,203,0.004169553983956575
GAS,BAD,UCB_WITHOUT_VAE_UNCERTAINTY,52,Q loss,204,0.001928600948303938
GAS,BAD,UCB_WITHOUT_VAE_UNCERTAINTY,52,Q loss,205,0.0023905280977487564
GAS,BAD,UCB_WITHOUT_VAE_UNCERTAINTY,52,Q loss,206,0.002638349076732993
GAS,BAD,UCB_WITHOUT_VAE_UNCERTAINTY,52,Q loss,207,0.003392377868294716
GAS,BAD,UCB_WITHOUT_VAE_UNCERTAINTY,52,Q loss,208,0.027333702892065048
GAS,BAD,UCB_WITHOUT_VAE_UNCERTAINTY,52,Q loss,209,0.013902337290346622
GAS,BAD,UCB_WITHOUT_VAE_UNCERTAINTY,52,Q loss,210,0.0194028839468956
GAS,BAD,UCB_WITHOUT_VAE_UNCERTAINTY,52,Q loss,211,0.008440135046839714
GAS,BAD,UCB_WITHOUT_VAE_UNCERTAINTY,52,Q loss,212,0.006377716548740864
GAS,BAD,UCB_WITHOUT_VAE_UNCERTAINTY,52,Q loss,213,0.008519910275936127
GAS,BAD,UCB_WITHOUT_VAE_UNCERTAINTY,52,Q loss,214,0.010020013898611069
GAS,BAD,UCB_WITHOUT_VAE_UNCERTAINTY,52,Q loss,215,0.02838795632123947
GAS,BAD,UCB_WITHOUT_VAE_UNCERTAINTY,52,Q loss,216,0.002270743250846863
GAS,BAD,UCB_WITHOUT_VAE_UNCERTAINTY,52,Q loss,217,0.00307089532725513
GAS,BAD,UCB_WITHOUT_VAE_UNCERTAINTY,52,Q loss,218,0.005231569055467844
GAS,BAD,UCB_WITHOUT_VAE_UNCERTAINTY,52,Q loss,219,0.008275405503809452
GAS,BAD,UCB_WITHOUT_VAE_UNCERTAINTY,52,Q loss,220,0.003548115026205778
GAS,BAD,UCB_WITHOUT_VAE_UNCERTAINTY,52,Q loss,221,0.0032890697475522757
GAS,BAD,UCB_WITHOUT_VAE_UNCERTAINTY,52,Q loss,222,0.0028065075166523457
GAS,BAD,UCB_WITHOUT_VAE_UNCERTAINTY,52,Q loss,223,0.0005944330478087068
GAS,BAD,UCB_WITHOUT_VAE_UNCERTAINTY,52,Q loss,224,0.0012019379064440727
GAS,BAD,UCB_WITHOUT_VAE_UNCERTAINTY,52,Q loss,225,0.0091179134324193
GAS,BAD,UCB_WITHOUT_VAE_UNCERTAINTY,52,Q loss,226,0.010033611208200455
GAS,BAD,UCB_WITHOUT_VAE_UNCERTAINTY,52,Q loss,227,0.008112279698252678
GAS,BAD,UCB_WITHOUT_VAE_UNCERTAINTY,52,Q loss,228,0.004656501114368439
GAS,BAD,UCB_WITHOUT_VAE_UNCERTAINTY,52,Q loss,229,0.007252105046063662
GAS,BAD,UCB_WITHOUT_VAE_UNCERTAINTY,52,Q loss,230,0.004001245833933353
GAS,BAD,UCB_WITHOUT_VAE_UNCERTAINTY,52,Q loss,231,0.0062623294070363045
GAS,BAD,UCB_WITHOUT_VAE_UNCERTAINTY,52,Q loss,232,0.010327622294425964
GAS,BAD,UCB_WITHOUT_VAE_UNCERTAINTY,52,Q loss,233,0.03764808923006058
GAS,BAD,UCB_WITHOUT_VAE_UNCERTAINTY,52,Q loss,234,0.0024771136231720448
GAS,BAD,UCB_WITHOUT_VAE_UNCERTAINTY,52,Q loss,235,0.001640642061829567
GAS,BAD,UCB_WITHOUT_VAE_UNCERTAINTY,52,Q loss,236,0.0025743602309376
GAS,BAD,UCB_WITHOUT_VAE_UNCERTAINTY,52,Q loss,237,0.009259510785341263
GAS,BAD,UCB_WITHOUT_VAE_UNCERTAINTY,52,Q loss,238,0.0030265895184129477
GAS,BAD,UCB_WITHOUT_VAE_UNCERTAINTY,52,Q loss,239,0.0033130301162600517
GAS,BAD,UCB_WITHOUT_VAE_UNCERTAINTY,52,Q loss,240,0.001997134415432811
GAS,BAD,UCB_WITHOUT_VAE_UNCERTAINTY,52,Q loss,241,0.001379907364025712
GAS,BAD,UCB_WITHOUT_VAE_UNCERTAINTY,52,Q loss,242,0.002180259209126234
GAS,BAD,UCB_WITHOUT_VAE_UNCERTAINTY,52,Q loss,243,0.004544850438833237
GAS,BAD,UCB_WITHOUT_VAE_UNCERTAINTY,52,Q loss,244,0.009557745419442654
GAS,BAD,UCB_WITHOUT_VAE_UNCERTAINTY,52,Q loss,245,0.008489292114973068
GAS,BAD,UCB_WITHOUT_VAE_UNCERTAINTY,52,Q loss,246,0.009427253156900406
GAS,BAD,UCB_WITHOUT_VAE_UNCERTAINTY,52,Q loss,247,0.005064674653112888
GAS,BAD,UCB_WITHOUT_VAE_UNCERTAINTY,52,Q loss,248,0.0035215653479099274
GAS,BAD,UCB_WITHOUT_VAE_UNCERTAINTY,52,Q loss,249,0.008090424351394176
GAS,BAD,UCB_WITHOUT_VAE_UNCERTAINTY,52,Q loss,250,0.01121976412832737
GAS,BAD,UCB_WITHOUT_VAE_UNCERTAINTY,52,Q loss,251,0.020784031599760056
GAS,BAD,UCB_WITHOUT_VAE_UNCERTAINTY,52,Q loss,252,0.0033285643439739943
GAS,BAD,UCB_WITHOUT_VAE_UNCERTAINTY,52,Q loss,253,0.0014040174428373575
GAS,BAD,UCB_WITHOUT_VAE_UNCERTAINTY,52,Q loss,254,0.00389113649725914
GAS,BAD,UCB_WITHOUT_VAE_UNCERTAINTY,52,Q loss,255,0.002500120783224702
GAS,BAD,UCB_WITHOUT_VAE_UNCERTAINTY,52,Q loss,256,0.001485037966631353
GAS,BAD,UCB_WITHOUT_VAE_UNCERTAINTY,52,Q loss,257,0.0027593104168772697
GAS,BAD,UCB_WITHOUT_VAE_UNCERTAINTY,52,Q loss,258,0.0022997292689979076
GAS,BAD,UCB_WITHOUT_VAE_UNCERTAINTY,52,Q loss,259,0.0028252089396119118
GAS,BAD,UCB_WITHOUT_VAE_UNCERTAINTY,52,Q loss,260,0.0011781547218561172
GAS,BAD,UCB_WITHOUT_VAE_UNCERTAINTY,52,Q loss,261,0.0024817478843033314
GAS,BAD,UCB_WITHOUT_VAE_UNCERTAINTY,52,Q loss,262,0.010292939841747284
GAS,BAD,UCB_WITHOUT_VAE_UNCERTAINTY,52,Q loss,263,0.00840773992240429
GAS,BAD,UCB_WITHOUT_VAE_UNCERTAINTY,52,Q loss,264,0.0014094230718910694
GAS,BAD,UCB_WITHOUT_VAE_UNCERTAINTY,52,Q loss,265,0.0036272259894758463
GAS,BAD,UCB_WITHOUT_VAE_UNCERTAINTY,52,Q loss,266,0.005066129378974438
GAS,BAD,UCB_WITHOUT_VAE_UNCERTAINTY,52,Q loss,267,0.001481905928812921
GAS,BAD,UCB_WITHOUT_VAE_UNCERTAINTY,52,Q loss,268,0.011400033719837666
GAS,BAD,UCB_WITHOUT_VAE_UNCERTAINTY,52,Q loss,269,0.012375165708363056
GAS,BAD,UCB_WITHOUT_VAE_UNCERTAINTY,52,Q loss,270,0.0019907639361917973
GAS,BAD,UCB_WITHOUT_VAE_UNCERTAINTY,52,Q loss,271,0.0014453611802309752
GAS,BAD,UCB_WITHOUT_VAE_UNCERTAINTY,52,Q loss,272,0.0029408116824924946
GAS,BAD,UCB_WITHOUT_VAE_UNCERTAINTY,52,Q loss,273,0.0070395697839558125
GAS,BAD,UCB_WITHOUT_VAE_UNCERTAINTY,52,Q loss,274,0.0010666397865861654
GAS,BAD,UCB_WITHOUT_VAE_UNCERTAINTY,52,Q loss,275,0.004561072681099176
GAS,BAD,UCB_WITHOUT_VAE_UNCERTAINTY,52,Q loss,276,0.003583859885111451
GAS,BAD,UCB_WITHOUT_VAE_UNCERTAINTY,52,Q loss,277,0.001064599258825183
GAS,BAD,UCB_WITHOUT_VAE_UNCERTAINTY,52,Q loss,278,0.0023204972967505455
GAS,BAD,UCB_WITHOUT_VAE_UNCERTAINTY,52,Q loss,279,0.0034480863250792027
GAS,BAD,UCB_WITHOUT_VAE_UNCERTAINTY,52,Q loss,280,0.01037311740219593
GAS,BAD,UCB_WITHOUT_VAE_UNCERTAINTY,52,Q loss,281,0.007012360729277134
GAS,BAD,UCB_WITHOUT_VAE_UNCERTAINTY,52,Q loss,282,0.006462524179369211
GAS,BAD,UCB_WITHOUT_VAE_UNCERTAINTY,52,Q loss,283,0.007112821564078331
GAS,BAD,UCB_WITHOUT_VAE_UNCERTAINTY,52,Q loss,284,0.004962060134857893
GAS,BAD,UCB_WITHOUT_VAE_UNCERTAINTY,52,Q loss,285,0.009198793210089207
GAS,BAD,UCB_WITHOUT_VAE_UNCERTAINTY,52,Q loss,286,0.011987071484327316
GAS,BAD,UCB_WITHOUT_VAE_UNCERTAINTY,52,Q loss,287,0.015563856810331345
GAS,BAD,UCB_WITHOUT_VAE_UNCERTAINTY,52,Q loss,288,0.0021525833290070295
GAS,BAD,UCB_WITHOUT_VAE_UNCERTAINTY,52,Q loss,289,0.0024942331947386265
GAS,BAD,UCB_WITHOUT_VAE_UNCERTAINTY,52,Q loss,290,0.0005942828138358891
GAS,BAD,UCB_WITHOUT_VAE_UNCERTAINTY,52,Q loss,291,0.003362216055393219
GAS,BAD,UCB_WITHOUT_VAE_UNCERTAINTY,52,Q loss,292,0.0018024737946689129
GAS,BAD,UCB_WITHOUT_VAE_UNCERTAINTY,52,Q loss,293,0.0018297061324119568
GAS,BAD,UCB_WITHOUT_VAE_UNCERTAINTY,52,Q loss,294,0.002969471737742424
GAS,BAD,UCB_WITHOUT_VAE_UNCERTAINTY,52,Q loss,295,0.0010792777175083756
GAS,BAD,UCB_WITHOUT_VAE_UNCERTAINTY,52,Q loss,296,0.0027603530324995518
GAS,BAD,UCB_WITHOUT_VAE_UNCERTAINTY,52,Q loss,297,0.006349199917167425
GAS,BAD,UCB_WITHOUT_VAE_UNCERTAINTY,52,Q loss,298,0.012048015370965004
GAS,BAD,UCB_WITHOUT_VAE_UNCERTAINTY,52,Q loss,299,0.006868715863674879
GAS,BAD,UCB_WITHOUT_VAE_UNCERTAINTY,52,Q loss,300,0.0053486209362745285
GAS,BAD,UCB_WITHOUT_VAE_UNCERTAINTY,52,Q loss,301,0.010971784591674805
GAS,BAD,UCB_WITHOUT_VAE_UNCERTAINTY,52,Q loss,302,0.002375572919845581
GAS,BAD,UCB_WITHOUT_VAE_UNCERTAINTY,52,Q loss,303,0.0032007209956645966
GAS,BAD,UCB_WITHOUT_VAE_UNCERTAINTY,52,Q loss,304,0.006512045860290527
GAS,BAD,UCB_WITHOUT_VAE_UNCERTAINTY,52,Q loss,305,0.00952521339058876
GAS,BAD,UCB_WITHOUT_VAE_UNCERTAINTY,52,Q loss,306,0.002335715340450406
GAS,BAD,UCB_WITHOUT_VAE_UNCERTAINTY,52,Q loss,307,0.003945533186197281
GAS,BAD,UCB_WITHOUT_VAE_UNCERTAINTY,52,Q loss,308,0.002009644405916333
GAS,BAD,UCB_WITHOUT_VAE_UNCERTAINTY,52,Q loss,309,0.0032698612194508314
GAS,BAD,UCB_WITHOUT_VAE_UNCERTAINTY,52,Q loss,310,0.002085325075313449
GAS,BAD,UCB_WITHOUT_VAE_UNCERTAINTY,52,Q loss,311,0.004968913737684488
GAS,BAD,UCB_WITHOUT_VAE_UNCERTAINTY,52,Q loss,312,0.0017460065428167582
GAS,BAD,UCB_WITHOUT_VAE_UNCERTAINTY,52,Q loss,313,0.0009804312139749527
GAS,BAD,UCB_WITHOUT_VAE_UNCERTAINTY,52,Q loss,314,0.002925021108239889
GAS,BAD,UCB_WITHOUT_VAE_UNCERTAINTY,52,Q loss,315,0.005733815487474203
GAS,BAD,UCB_WITHOUT_VAE_UNCERTAINTY,52,Q loss,316,0.01898626983165741
GAS,BAD,UCB_WITHOUT_VAE_UNCERTAINTY,52,Q loss,317,0.00758648756891489
GAS,BAD,UCB_WITHOUT_VAE_UNCERTAINTY,52,Q loss,318,0.005566041450947523
GAS,BAD,UCB_WITHOUT_VAE_UNCERTAINTY,52,Q loss,319,0.007583014667034149
GAS,BAD,UCB_WITHOUT_VAE_UNCERTAINTY,52,Q loss,320,0.003641971619799733
GAS,BAD,UCB_WITHOUT_VAE_UNCERTAINTY,52,Q loss,321,0.0022872763220220804
GAS,BAD,UCB_WITHOUT_VAE_UNCERTAINTY,52,Q loss,322,0.005830768495798111
GAS,BAD,UCB_WITHOUT_VAE_UNCERTAINTY,52,Q loss,323,0.02581261284649372
GAS,BAD,UCB_WITHOUT_VAE_UNCERTAINTY,52,Q loss,324,0.003059369046241045
GAS,BAD,UCB_WITHOUT_VAE_UNCERTAINTY,52,Q loss,325,0.0010313160018995404
GAS,BAD,UCB_WITHOUT_VAE_UNCERTAINTY,52,Q loss,326,0.0018925720360130072
GAS,BAD,UCB_WITHOUT_VAE_UNCERTAINTY,52,Q loss,327,0.009268435649573803
GAS,BAD,UCB_WITHOUT_VAE_UNCERTAINTY,52,Q loss,328,0.0024329039733856916
GAS,BAD,UCB_WITHOUT_VAE_UNCERTAINTY,52,Q loss,329,0.0035346103832125664
GAS,BAD,UCB_WITHOUT_VAE_UNCERTAINTY,52,Q loss,330,0.001237901858985424
GAS,BAD,UCB_WITHOUT_VAE_UNCERTAINTY,52,Q loss,331,0.0009614970767870545
GAS,BAD,UCB_WITHOUT_VAE_UNCERTAINTY,52,Q loss,332,0.002010991331189871
GAS,BAD,UCB_WITHOUT_VAE_UNCERTAINTY,52,Q loss,333,0.002379957353696227
GAS,BAD,UCB_WITHOUT_VAE_UNCERTAINTY,52,Q loss,334,0.004136909265071154
GAS,BAD,UCB_WITHOUT_VAE_UNCERTAINTY,52,Q loss,335,0.009240422397851944
GAS,BAD,UCB_WITHOUT_VAE_UNCERTAINTY,52,Q loss,336,0.0040843430906534195
GAS,BAD,UCB_WITHOUT_VAE_UNCERTAINTY,52,Q loss,337,0.01160072535276413
GAS,BAD,UCB_WITHOUT_VAE_UNCERTAINTY,52,Q loss,338,0.003192999865859747
GAS,BAD,UCB_WITHOUT_VAE_UNCERTAINTY,52,Q loss,339,0.0037303920835256577
GAS,BAD,UCB_WITHOUT_VAE_UNCERTAINTY,52,Q loss,340,0.005046878941357136
GAS,BAD,UCB_WITHOUT_VAE_UNCERTAINTY,52,Q loss,341,0.023743407800793648
GAS,BAD,UCB_WITHOUT_VAE_UNCERTAINTY,52,Q loss,342,0.0024289931170642376
GAS,BAD,UCB_WITHOUT_VAE_UNCERTAINTY,52,Q loss,343,0.003123130649328232
GAS,BAD,UCB_WITHOUT_VAE_UNCERTAINTY,52,Q loss,344,0.0022408838849514723
GAS,BAD,UCB_WITHOUT_VAE_UNCERTAINTY,52,Q loss,345,0.005234888289123774
GAS,BAD,UCB_WITHOUT_VAE_UNCERTAINTY,52,Q loss,346,0.0020523802377283573
GAS,BAD,UCB_WITHOUT_VAE_UNCERTAINTY,52,Q loss,347,0.002523051807656884
GAS,BAD,UCB_WITHOUT_VAE_UNCERTAINTY,52,Q loss,348,0.003166808746755123
GAS,BAD,UCB_WITHOUT_VAE_UNCERTAINTY,52,Q loss,349,0.0009757433435879648
GAS,BAD,UCB_WITHOUT_VAE_UNCERTAINTY,52,Q loss,350,0.0010907123796641827
GAS,BAD,UCB_WITHOUT_VAE_UNCERTAINTY,52,Q loss,351,0.003651747480034828
GAS,BAD,UCB_WITHOUT_VAE_UNCERTAINTY,52,Q loss,352,0.003577764146029949
GAS,BAD,UCB_WITHOUT_VAE_UNCERTAINTY,52,Q loss,353,0.0037490578833967447
GAS,BAD,UCB_WITHOUT_VAE_UNCERTAINTY,52,Q loss,354,0.007387540768831968
GAS,BAD,UCB_WITHOUT_VAE_UNCERTAINTY,52,Q loss,355,0.0033135791309177876
GAS,BAD,UCB_WITHOUT_VAE_UNCERTAINTY,52,Q loss,356,0.002213824074715376
GAS,BAD,UCB_WITHOUT_VAE_UNCERTAINTY,52,Q loss,357,0.004146944731473923
GAS,BAD,UCB_WITHOUT_VAE_UNCERTAINTY,52,Q loss,358,0.00584597559645772
GAS,BAD,UCB_WITHOUT_VAE_UNCERTAINTY,52,Q loss,359,0.014201239682734013
GAS,BAD,UCB_WITHOUT_VAE_UNCERTAINTY,52,Q loss,360,0.002474353415891528
GAS,BAD,UCB_WITHOUT_VAE_UNCERTAINTY,52,Q loss,361,0.0028346008621156216
GAS,BAD,UCB_WITHOUT_VAE_UNCERTAINTY,52,Q loss,362,0.0009689884609542787
GAS,BAD,UCB_WITHOUT_VAE_UNCERTAINTY,52,Q loss,363,0.00179007975384593
GAS,BAD,UCB_WITHOUT_VAE_UNCERTAINTY,52,Q loss,364,0.002227233722805977
GAS,BAD,UCB_WITHOUT_VAE_UNCERTAINTY,52,Q loss,365,0.003406536066904664
GAS,BAD,UCB_WITHOUT_VAE_UNCERTAINTY,52,Q loss,366,0.0026121395640075207
GAS,BAD,UCB_WITHOUT_VAE_UNCERTAINTY,52,Q loss,367,0.002505008364096284
GAS,BAD,UCB_WITHOUT_VAE_UNCERTAINTY,52,Q loss,368,0.0017478346126154065
GAS,BAD,UCB_WITHOUT_VAE_UNCERTAINTY,52,Q loss,369,0.005803432781249285
GAS,BAD,UCB_WITHOUT_VAE_UNCERTAINTY,52,Q loss,370,0.0030171265825629234
GAS,BAD,UCB_WITHOUT_VAE_UNCERTAINTY,52,Q loss,371,0.005025168415158987
GAS,BAD,UCB_WITHOUT_VAE_UNCERTAINTY,52,Q loss,372,0.00882415659725666
GAS,BAD,UCB_WITHOUT_VAE_UNCERTAINTY,52,Q loss,373,0.0025674207136034966
GAS,BAD,UCB_WITHOUT_VAE_UNCERTAINTY,52,Q loss,374,0.004550263285636902
GAS,BAD,UCB_WITHOUT_VAE_UNCERTAINTY,52,Q loss,375,0.0049011316150426865
GAS,BAD,UCB_WITHOUT_VAE_UNCERTAINTY,52,Q loss,376,0.012969305738806725
GAS,BAD,UCB_WITHOUT_VAE_UNCERTAINTY,52,Q loss,377,0.014131504110991955
GAS,BAD,UCB_WITHOUT_VAE_UNCERTAINTY,52,Q loss,378,0.0025649936869740486
GAS,BAD,UCB_WITHOUT_VAE_UNCERTAINTY,52,Q loss,379,0.0009484672918915749
GAS,BAD,UCB_WITHOUT_VAE_UNCERTAINTY,52,Q loss,380,0.0035394630394876003
GAS,BAD,UCB_WITHOUT_VAE_UNCERTAINTY,52,Q loss,381,0.008908631280064583
GAS,BAD,UCB_WITHOUT_VAE_UNCERTAINTY,52,Q loss,382,0.002184618264436722
GAS,BAD,UCB_WITHOUT_VAE_UNCERTAINTY,52,Q loss,383,0.0025683436542749405
GAS,BAD,UCB_WITHOUT_VAE_UNCERTAINTY,52,Q loss,384,0.0022310055792331696
GAS,BAD,UCB_WITHOUT_VAE_UNCERTAINTY,52,Q loss,385,0.001468817237764597
GAS,BAD,UCB_WITHOUT_VAE_UNCERTAINTY,52,Q loss,386,0.0008783820667304099
GAS,BAD,UCB_WITHOUT_VAE_UNCERTAINTY,52,Q loss,387,0.0012341607362031937
GAS,BAD,UCB_WITHOUT_VAE_UNCERTAINTY,52,Q loss,388,0.007266636937856674
GAS,BAD,UCB_WITHOUT_VAE_UNCERTAINTY,52,Q loss,389,0.010247776284813881
GAS,BAD,UCB_WITHOUT_VAE_UNCERTAINTY,52,Q loss,390,0.0031982995569705963
GAS,BAD,UCB_WITHOUT_VAE_UNCERTAINTY,52,Q loss,391,0.007615799084305763
GAS,BAD,UCB_WITHOUT_VAE_UNCERTAINTY,52,Q loss,392,0.0022644782438874245
GAS,BAD,UCB_WITHOUT_VAE_UNCERTAINTY,52,Q loss,393,0.007893601432442665
GAS,BAD,UCB_WITHOUT_VAE_UNCERTAINTY,52,Q loss,394,0.006864834576845169
GAS,BAD,UCB_WITHOUT_VAE_UNCERTAINTY,52,Q loss,395,0.018921347334980965
GAS,BAD,UCB_WITHOUT_VAE_UNCERTAINTY,52,Q loss,396,0.001917975372634828
GAS,BAD,UCB_WITHOUT_VAE_UNCERTAINTY,52,Q loss,397,0.00085004250286147
GAS,BAD,UCB_WITHOUT_VAE_UNCERTAINTY,52,Q loss,398,0.002524365670979023
GAS,BAD,UCB_WITHOUT_VAE_UNCERTAINTY,52,Q loss,399,0.0037127258256077766
GAS,BAD,UCB_WITHOUT_VAE_UNCERTAINTY,52,Q loss,400,0.0010537902126088738
GAS,BAD,UCB_WITHOUT_VAE_UNCERTAINTY,52,Q loss,401,0.0032128500752151012
GAS,BAD,UCB_WITHOUT_VAE_UNCERTAINTY,52,Q loss,402,0.004008617252111435
GAS,BAD,UCB_WITHOUT_VAE_UNCERTAINTY,52,Q loss,403,0.002973015420138836
GAS,BAD,UCB_WITHOUT_VAE_UNCERTAINTY,52,Q loss,404,0.0006487944629043341
GAS,BAD,UCB_WITHOUT_VAE_UNCERTAINTY,52,Q loss,405,0.004766284488141537
GAS,BAD,UCB_WITHOUT_VAE_UNCERTAINTY,52,Q loss,406,0.006673885975033045
GAS,BAD,UCB_WITHOUT_VAE_UNCERTAINTY,52,Q loss,407,0.006886941846460104
GAS,BAD,UCB_WITHOUT_VAE_UNCERTAINTY,52,Q loss,408,0.004173805937170982
GAS,BAD,UCB_WITHOUT_VAE_UNCERTAINTY,52,Q loss,409,0.014707213267683983
GAS,BAD,UCB_WITHOUT_VAE_UNCERTAINTY,52,Q loss,410,0.0032559442333877087
GAS,BAD,UCB_WITHOUT_VAE_UNCERTAINTY,52,Q loss,411,0.005384623073041439
GAS,BAD,UCB_WITHOUT_VAE_UNCERTAINTY,52,Q loss,412,0.004615462850779295
GAS,BAD,UCB_WITHOUT_VAE_UNCERTAINTY,52,Q loss,413,0.017811529338359833
GAS,BAD,UCB_WITHOUT_VAE_UNCERTAINTY,52,Q loss,414,0.002135919639840722
GAS,BAD,UCB_WITHOUT_VAE_UNCERTAINTY,52,Q loss,415,0.002071026246994734
GAS,BAD,UCB_WITHOUT_VAE_UNCERTAINTY,52,Q loss,416,0.0024901432916522026
GAS,BAD,UCB_WITHOUT_VAE_UNCERTAINTY,52,Q loss,417,0.006419469602406025
GAS,BAD,UCB_WITHOUT_VAE_UNCERTAINTY,52,Q loss,418,0.0010527262929826975
GAS,BAD,UCB_WITHOUT_VAE_UNCERTAINTY,52,Q loss,419,0.00382048892788589
GAS,BAD,UCB_WITHOUT_VAE_UNCERTAINTY,52,Q loss,420,0.0035020560026168823
GAS,BAD,UCB_WITHOUT_VAE_UNCERTAINTY,52,Q loss,421,0.0006014076643623412
GAS,BAD,UCB_WITHOUT_VAE_UNCERTAINTY,52,Q loss,422,0.002147145103663206
GAS,BAD,UCB_WITHOUT_VAE_UNCERTAINTY,52,Q loss,423,0.002232259139418602
GAS,BAD,UCB_WITHOUT_VAE_UNCERTAINTY,52,Q loss,424,0.004564137663692236
GAS,BAD,UCB_WITHOUT_VAE_UNCERTAINTY,52,Q loss,425,0.004230332560837269
GAS,BAD,UCB_WITHOUT_VAE_UNCERTAINTY,52,Q loss,426,0.0065382011234760284
GAS,BAD,UCB_WITHOUT_VAE_UNCERTAINTY,52,Q loss,427,0.007054819259792566
GAS,BAD,UCB_WITHOUT_VAE_UNCERTAINTY,52,Q loss,428,0.0017628176137804985
GAS,BAD,UCB_WITHOUT_VAE_UNCERTAINTY,52,Q loss,429,0.0017230769153684378
GAS,BAD,UCB_WITHOUT_VAE_UNCERTAINTY,52,Q loss,430,0.006582852452993393
GAS,BAD,UCB_WITHOUT_VAE_UNCERTAINTY,52,Q loss,431,0.015665287151932716
GAS,BAD,UCB_WITHOUT_VAE_UNCERTAINTY,52,Q loss,432,0.002571319928392768
GAS,BAD,UCB_WITHOUT_VAE_UNCERTAINTY,52,Q loss,433,0.0018691411241889
GAS,BAD,UCB_WITHOUT_VAE_UNCERTAINTY,52,Q loss,434,0.0015736869536340237
GAS,BAD,UCB_WITHOUT_VAE_UNCERTAINTY,52,Q loss,435,0.003729527350515127
GAS,BAD,UCB_WITHOUT_VAE_UNCERTAINTY,52,Q loss,436,0.001021037925966084
GAS,BAD,UCB_WITHOUT_VAE_UNCERTAINTY,52,Q loss,437,0.001796965254470706
GAS,BAD,UCB_WITHOUT_VAE_UNCERTAINTY,52,Q loss,438,0.0009612453868612647
GAS,BAD,UCB_WITHOUT_VAE_UNCERTAINTY,52,Q loss,439,0.0007540738442912698
GAS,BAD,UCB_WITHOUT_VAE_UNCERTAINTY,52,Q loss,440,0.001529692905023694
GAS,BAD,UCB_WITHOUT_VAE_UNCERTAINTY,52,Q loss,441,0.0038913392927497625
GAS,BAD,UCB_WITHOUT_VAE_UNCERTAINTY,52,Q loss,442,0.006433374248445034
GAS,BAD,UCB_WITHOUT_VAE_UNCERTAINTY,52,Q loss,443,0.00852891057729721
GAS,BAD,UCB_WITHOUT_VAE_UNCERTAINTY,52,Q loss,444,0.005789806134998798
GAS,BAD,UCB_WITHOUT_VAE_UNCERTAINTY,52,Q loss,445,0.006741780322045088
GAS,BAD,UCB_WITHOUT_VAE_UNCERTAINTY,52,Q loss,446,0.0024031130596995354
GAS,BAD,UCB_WITHOUT_VAE_UNCERTAINTY,52,Q loss,447,0.004940372426062822
GAS,BAD,UCB_WITHOUT_VAE_UNCERTAINTY,52,Q loss,448,0.008435551077127457
GAS,BAD,UCB_WITHOUT_VAE_UNCERTAINTY,52,Q loss,449,0.018612898886203766
GAS,BAD,UCB_WITHOUT_VAE_UNCERTAINTY,52,Q loss,450,0.0014477299991995096
GAS,BAD,UCB_WITHOUT_VAE_UNCERTAINTY,52,Q loss,451,0.0008650829549878836
GAS,BAD,UCB_WITHOUT_VAE_UNCERTAINTY,52,Q loss,452,0.003630327992141247
GAS,BAD,UCB_WITHOUT_VAE_UNCERTAINTY,52,Q loss,453,0.0027101407758891582
GAS,BAD,UCB_WITHOUT_VAE_UNCERTAINTY,52,Q loss,454,0.0018833335489034653
GAS,BAD,UCB_WITHOUT_VAE_UNCERTAINTY,52,Q loss,455,0.0020757161546498537
GAS,BAD,UCB_WITHOUT_VAE_UNCERTAINTY,52,Q loss,456,0.002970833797007799
GAS,BAD,UCB_WITHOUT_VAE_UNCERTAINTY,52,Q loss,457,0.0013007945381104946
GAS,BAD,UCB_WITHOUT_VAE_UNCERTAINTY,52,Q loss,458,0.001647956669330597
GAS,BAD,UCB_WITHOUT_VAE_UNCERTAINTY,52,Q loss,459,0.002689765300601721
GAS,BAD,UCB_WITHOUT_VAE_UNCERTAINTY,52,Q loss,460,0.002276421757414937
GAS,BAD,UCB_WITHOUT_VAE_UNCERTAINTY,52,Q loss,461,0.009718690067529678
GAS,BAD,UCB_WITHOUT_VAE_UNCERTAINTY,52,Q loss,462,0.008910199627280235
GAS,BAD,UCB_WITHOUT_VAE_UNCERTAINTY,52,Q loss,463,0.005910830106586218
GAS,BAD,UCB_WITHOUT_VAE_UNCERTAINTY,52,Q loss,464,0.0017726253718137741
GAS,BAD,UCB_WITHOUT_VAE_UNCERTAINTY,52,Q loss,465,0.004756384529173374
GAS,BAD,UCB_WITHOUT_VAE_UNCERTAINTY,52,Q loss,466,0.008724610321223736
GAS,BAD,UCB_WITHOUT_VAE_UNCERTAINTY,52,Q loss,467,0.009010275825858116
GAS,BAD,UCB_WITHOUT_VAE_UNCERTAINTY,52,Q loss,468,0.0017896350473165512
GAS,BAD,UCB_WITHOUT_VAE_UNCERTAINTY,52,Q loss,469,0.0006936676800251007
GAS,BAD,UCB_WITHOUT_VAE_UNCERTAINTY,52,Q loss,470,0.0007763737230561674
GAS,BAD,UCB_WITHOUT_VAE_UNCERTAINTY,52,Q loss,471,0.0061527639627456665
GAS,BAD,UCB_WITHOUT_VAE_UNCERTAINTY,52,Q loss,472,0.0024046767503023148
GAS,BAD,UCB_WITHOUT_VAE_UNCERTAINTY,52,Q loss,473,0.003913865890353918
GAS,BAD,UCB_WITHOUT_VAE_UNCERTAINTY,52,Q loss,474,0.001674477243795991
GAS,BAD,UCB_WITHOUT_VAE_UNCERTAINTY,52,Q loss,475,0.002156100934371352
GAS,BAD,UCB_WITHOUT_VAE_UNCERTAINTY,52,Q loss,476,0.0015806916635483503
GAS,BAD,UCB_WITHOUT_VAE_UNCERTAINTY,52,Q loss,477,0.0034938135650008917
GAS,BAD,UCB_WITHOUT_VAE_UNCERTAINTY,52,Q loss,478,0.001973654143512249
GAS,BAD,UCB_WITHOUT_VAE_UNCERTAINTY,52,Q loss,479,0.0054781800135970116
GAS,BAD,UCB_WITHOUT_VAE_UNCERTAINTY,52,Q loss,480,0.009241124615073204
GAS,BAD,UCB_WITHOUT_VAE_UNCERTAINTY,52,Q loss,481,0.008043220266699791
GAS,BAD,UCB_WITHOUT_VAE_UNCERTAINTY,52,Q loss,482,0.0036963066086173058
GAS,BAD,UCB_WITHOUT_VAE_UNCERTAINTY,52,Q loss,483,0.005535702686756849
GAS,BAD,UCB_WITHOUT_VAE_UNCERTAINTY,52,Q loss,484,0.004288956057280302
GAS,BAD,UCB_WITHOUT_VAE_UNCERTAINTY,52,Q loss,485,0.009501848369836807
GAS,BAD,UCB_WITHOUT_VAE_UNCERTAINTY,52,Q loss,486,0.003214039374142885
GAS,BAD,UCB_WITHOUT_VAE_UNCERTAINTY,52,Q loss,487,0.0008333083824254572
GAS,BAD,UCB_WITHOUT_VAE_UNCERTAINTY,52,Q loss,488,0.0020330436527729034
GAS,BAD,UCB_WITHOUT_VAE_UNCERTAINTY,52,Q loss,489,0.00213977531529963
GAS,BAD,UCB_WITHOUT_VAE_UNCERTAINTY,52,Q loss,490,0.0014576833928003907
GAS,BAD,UCB_WITHOUT_VAE_UNCERTAINTY,52,Q loss,491,0.0033074505627155304
GAS,BAD,UCB_WITHOUT_VAE_UNCERTAINTY,52,Q loss,492,0.0015262955566868186
GAS,BAD,UCB_WITHOUT_VAE_UNCERTAINTY,52,Q loss,493,0.00047263718442991376
GAS,BAD,UCB_WITHOUT_VAE_UNCERTAINTY,52,Q loss,494,0.0012124727945774794
GAS,BAD,UCB_WITHOUT_VAE_UNCERTAINTY,52,Q loss,495,0.0017601277213543653
GAS,BAD,UCB_WITHOUT_VAE_UNCERTAINTY,52,Q loss,496,0.004371674731373787
GAS,BAD,UCB_WITHOUT_VAE_UNCERTAINTY,52,Q loss,497,0.004914675839245319
GAS,BAD,UCB_WITHOUT_VAE_UNCERTAINTY,52,Q loss,498,0.00670768553391099
GAS,BAD,UCB_WITHOUT_VAE_UNCERTAINTY,52,Q loss,499,0.008464941754937172
GAS,BAD,UCB_WITHOUT_VAE_UNCERTAINTY,52,Q loss,500,0.002132674679160118
GAS,BAD,UCB_WITHOUT_VAE_UNCERTAINTY,52,Q loss,501,0.0038608722388744354
GAS,BAD,UCB_WITHOUT_VAE_UNCERTAINTY,52,Q loss,502,0.002350460970774293
GAS,BAD,UCB_WITHOUT_VAE_UNCERTAINTY,52,Q loss,503,0.008330927230417728
GAS,BAD,UCB_WITHOUT_VAE_UNCERTAINTY,52,Q loss,504,0.0020421247463673353
GAS,BAD,UCB_WITHOUT_VAE_UNCERTAINTY,52,Q loss,505,0.0017611163202673197
GAS,BAD,UCB_WITHOUT_VAE_UNCERTAINTY,52,Q loss,506,0.0027321830857545137
GAS,BAD,UCB_WITHOUT_VAE_UNCERTAINTY,52,Q loss,507,0.0031460458412766457
GAS,BAD,UCB_WITHOUT_VAE_UNCERTAINTY,52,Q loss,508,0.0021536401472985744
GAS,BAD,UCB_WITHOUT_VAE_UNCERTAINTY,52,Q loss,509,0.005773267243057489
GAS,BAD,UCB_WITHOUT_VAE_UNCERTAINTY,52,Q loss,510,0.003932256251573563
GAS,BAD,UCB_WITHOUT_VAE_UNCERTAINTY,52,Q loss,511,0.0016428579110652208
GAS,BAD,UCB_WITHOUT_VAE_UNCERTAINTY,52,Q loss,512,0.0017474163323640823
GAS,BAD,UCB_WITHOUT_VAE_UNCERTAINTY,52,Q loss,513,0.007189195137470961
GAS,BAD,UCB_WITHOUT_VAE_UNCERTAINTY,52,Q loss,514,0.00650238711386919
GAS,BAD,UCB_WITHOUT_VAE_UNCERTAINTY,52,Q loss,515,0.005888498388230801
GAS,BAD,UCB_WITHOUT_VAE_UNCERTAINTY,52,Q loss,516,0.005388607271015644
GAS,BAD,UCB_WITHOUT_VAE_UNCERTAINTY,52,Q loss,517,0.0038619101978838444
GAS,BAD,UCB_WITHOUT_VAE_UNCERTAINTY,52,Q loss,518,0.0025097490288317204
GAS,BAD,UCB_WITHOUT_VAE_UNCERTAINTY,52,Q loss,519,0.0025687539018690586
GAS,BAD,UCB_WITHOUT_VAE_UNCERTAINTY,52,Q loss,520,0.006836805026978254
GAS,BAD,UCB_WITHOUT_VAE_UNCERTAINTY,52,Q loss,521,0.015291551128029823
GAS,BAD,UCB_WITHOUT_VAE_UNCERTAINTY,52,Q loss,522,0.002707511419430375
GAS,BAD,UCB_WITHOUT_VAE_UNCERTAINTY,52,Q loss,523,0.001112568425014615
GAS,BAD,UCB_WITHOUT_VAE_UNCERTAINTY,52,Q loss,524,0.0025664546992629766
GAS,BAD,UCB_WITHOUT_VAE_UNCERTAINTY,52,Q loss,525,0.007043255493044853
GAS,BAD,UCB_WITHOUT_VAE_UNCERTAINTY,52,Q loss,526,0.001756460638716817
GAS,BAD,UCB_WITHOUT_VAE_UNCERTAINTY,52,Q loss,527,0.0023126767482608557
GAS,BAD,UCB_WITHOUT_VAE_UNCERTAINTY,52,Q loss,528,0.0012177011230960488
GAS,BAD,UCB_WITHOUT_VAE_UNCERTAINTY,52,Q loss,529,0.0027933064848184586
GAS,BAD,UCB_WITHOUT_VAE_UNCERTAINTY,52,Q loss,530,0.0013291873037815094
GAS,BAD,UCB_WITHOUT_VAE_UNCERTAINTY,52,Q loss,531,0.0024639819748699665
GAS,BAD,UCB_WITHOUT_VAE_UNCERTAINTY,52,Q loss,532,0.010231462307274342
GAS,BAD,UCB_WITHOUT_VAE_UNCERTAINTY,52,Q loss,533,0.0031899965833872557
GAS,BAD,UCB_WITHOUT_VAE_UNCERTAINTY,52,Q loss,534,0.0013190172612667084
GAS,BAD,UCB_WITHOUT_VAE_UNCERTAINTY,52,Q loss,535,0.008410139940679073
GAS,BAD,UCB_WITHOUT_VAE_UNCERTAINTY,52,Q loss,536,0.0023758099414408207
GAS,BAD,UCB_WITHOUT_VAE_UNCERTAINTY,52,Q loss,537,0.0019295753445476294
GAS,BAD,UCB_WITHOUT_VAE_UNCERTAINTY,52,Q loss,538,0.005694233812391758
GAS,BAD,UCB_WITHOUT_VAE_UNCERTAINTY,52,Q loss,539,0.008425888605415821
GAS,BAD,UCB_WITHOUT_VAE_UNCERTAINTY,52,Q loss,540,0.0039168475195765495
GAS,BAD,UCB_WITHOUT_VAE_UNCERTAINTY,52,Q loss,541,0.0008771565044298768
GAS,BAD,UCB_WITHOUT_VAE_UNCERTAINTY,52,Q loss,542,0.0007760431617498398
GAS,BAD,UCB_WITHOUT_VAE_UNCERTAINTY,52,Q loss,543,0.002229465637356043
GAS,BAD,UCB_WITHOUT_VAE_UNCERTAINTY,52,Q loss,544,0.0029315631836652756
GAS,BAD,UCB_WITHOUT_VAE_UNCERTAINTY,52,Q loss,545,0.007840369828045368
GAS,BAD,UCB_WITHOUT_VAE_UNCERTAINTY,52,Q loss,546,0.0011894431663677096
GAS,BAD,UCB_WITHOUT_VAE_UNCERTAINTY,52,Q loss,547,0.0011161310831084847
GAS,BAD,UCB_WITHOUT_VAE_UNCERTAINTY,52,Q loss,548,0.0009550075046718121
GAS,BAD,UCB_WITHOUT_VAE_UNCERTAINTY,52,Q loss,549,0.002726741135120392
GAS,BAD,UCB_WITHOUT_VAE_UNCERTAINTY,52,Q loss,550,0.012413355521857738
GAS,BAD,UCB_WITHOUT_VAE_UNCERTAINTY,52,Q loss,551,0.003960791043937206
GAS,BAD,UCB_WITHOUT_VAE_UNCERTAINTY,52,Q loss,552,0.003600830677896738
GAS,BAD,UCB_WITHOUT_VAE_UNCERTAINTY,52,Q loss,553,0.007067268714308739
GAS,BAD,UCB_WITHOUT_VAE_UNCERTAINTY,52,Q loss,554,0.003304512472823262
GAS,BAD,UCB_WITHOUT_VAE_UNCERTAINTY,52,Q loss,555,0.006676174234598875
GAS,BAD,UCB_WITHOUT_VAE_UNCERTAINTY,52,Q loss,556,0.005673201754689217
GAS,BAD,UCB_WITHOUT_VAE_UNCERTAINTY,52,Q loss,557,0.0063362447544932365
GAS,BAD,UCB_WITHOUT_VAE_UNCERTAINTY,52,Q loss,558,0.0017457189969718456
GAS,BAD,UCB_WITHOUT_VAE_UNCERTAINTY,52,Q loss,559,0.00212456239387393
GAS,BAD,UCB_WITHOUT_VAE_UNCERTAINTY,52,Q loss,560,0.0019564207177609205
GAS,BAD,UCB_WITHOUT_VAE_UNCERTAINTY,52,Q loss,561,0.0015174421714618802
GAS,BAD,UCB_WITHOUT_VAE_UNCERTAINTY,52,Q loss,562,0.002240617061033845
GAS,BAD,UCB_WITHOUT_VAE_UNCERTAINTY,52,Q loss,563,0.0035253548994660378
GAS,BAD,UCB_WITHOUT_VAE_UNCERTAINTY,52,Q loss,564,0.0014872364699840546
GAS,BAD,UCB_WITHOUT_VAE_UNCERTAINTY,52,Q loss,565,0.002409490756690502
GAS,BAD,UCB_WITHOUT_VAE_UNCERTAINTY,52,Q loss,566,0.001990571152418852
GAS,BAD,UCB_WITHOUT_VAE_UNCERTAINTY,52,Q loss,567,0.0032365014776587486
GAS,BAD,UCB_WITHOUT_VAE_UNCERTAINTY,52,Q loss,568,0.0038965116254985332
GAS,BAD,UCB_WITHOUT_VAE_UNCERTAINTY,52,Q loss,569,0.007210361305624247
GAS,BAD,UCB_WITHOUT_VAE_UNCERTAINTY,52,Q loss,570,0.004416962154209614
GAS,BAD,UCB_WITHOUT_VAE_UNCERTAINTY,52,Q loss,571,0.004370090086013079
GAS,BAD,UCB_WITHOUT_VAE_UNCERTAINTY,52,Q loss,572,0.005226543173193932
GAS,BAD,UCB_WITHOUT_VAE_UNCERTAINTY,52,Q loss,573,0.005531568545848131
GAS,BAD,UCB_WITHOUT_VAE_UNCERTAINTY,52,Q loss,574,0.003532271133735776
GAS,BAD,UCB_WITHOUT_VAE_UNCERTAINTY,52,Q loss,575,0.008154294453561306
GAS,BAD,UCB_WITHOUT_VAE_UNCERTAINTY,52,Q loss,576,0.000958378310315311
GAS,BAD,UCB_WITHOUT_VAE_UNCERTAINTY,52,Q loss,577,0.0005907766171731055
GAS,BAD,UCB_WITHOUT_VAE_UNCERTAINTY,52,Q loss,578,0.003967017866671085
GAS,BAD,UCB_WITHOUT_VAE_UNCERTAINTY,52,Q loss,579,0.002220515161752701
GAS,BAD,UCB_WITHOUT_VAE_UNCERTAINTY,52,Q loss,580,0.001363207120448351
GAS,BAD,UCB_WITHOUT_VAE_UNCERTAINTY,52,Q loss,581,0.0038655977696180344
GAS,BAD,UCB_WITHOUT_VAE_UNCERTAINTY,52,Q loss,582,0.0010218286188319325
GAS,BAD,UCB_WITHOUT_VAE_UNCERTAINTY,52,Q loss,583,0.0012631656136363745
GAS,BAD,UCB_WITHOUT_VAE_UNCERTAINTY,52,Q loss,584,0.001200627419166267
GAS,BAD,UCB_WITHOUT_VAE_UNCERTAINTY,52,Q loss,585,0.0013842778280377388
GAS,BAD,UCB_WITHOUT_VAE_UNCERTAINTY,52,Q loss,586,0.0036362765822559595
GAS,BAD,UCB_WITHOUT_VAE_UNCERTAINTY,52,Q loss,587,0.0045647029764950275
GAS,BAD,UCB_WITHOUT_VAE_UNCERTAINTY,52,Q loss,588,0.004323515109717846
GAS,BAD,UCB_WITHOUT_VAE_UNCERTAINTY,52,Q loss,589,0.006812564097344875
GAS,BAD,UCB_WITHOUT_VAE_UNCERTAINTY,52,Q loss,590,0.0019637327641248703
GAS,BAD,UCB_WITHOUT_VAE_UNCERTAINTY,52,Q loss,591,0.004360208287835121
GAS,BAD,UCB_WITHOUT_VAE_UNCERTAINTY,52,Q loss,592,0.010071994736790657
GAS,BAD,UCB_WITHOUT_VAE_UNCERTAINTY,52,Q loss,593,0.008334094658493996
GAS,BAD,UCB_WITHOUT_VAE_UNCERTAINTY,52,Q loss,594,0.003942249342799187
GAS,BAD,UCB_WITHOUT_VAE_UNCERTAINTY,52,Q loss,595,0.0019837452564388514
GAS,BAD,UCB_WITHOUT_VAE_UNCERTAINTY,52,Q loss,596,0.0014128261245787144
GAS,BAD,UCB_WITHOUT_VAE_UNCERTAINTY,52,Q loss,597,0.007869224064052105
GAS,BAD,UCB_WITHOUT_VAE_UNCERTAINTY,52,Q loss,598,0.0037837917916476727
GAS,BAD,UCB_WITHOUT_VAE_UNCERTAINTY,52,Q loss,599,0.0022434196434915066
GAS,BAD,UCB_WITHOUT_VAE_UNCERTAINTY,52,Q loss,600,0.003187006339430809
GAS,BAD,UCB_WITHOUT_VAE_UNCERTAINTY,52,Q loss,601,0.0018393106292933226
GAS,BAD,UCB_WITHOUT_VAE_UNCERTAINTY,52,Q loss,602,0.0018224696395918727
GAS,BAD,UCB_WITHOUT_VAE_UNCERTAINTY,52,Q loss,603,0.0033304067328572273
GAS,BAD,UCB_WITHOUT_VAE_UNCERTAINTY,52,Q loss,604,0.015009859576821327
GAS,BAD,UCB_WITHOUT_VAE_UNCERTAINTY,52,Q loss,605,0.006629027426242828
GAS,BAD,UCB_WITHOUT_VAE_UNCERTAINTY,52,Q loss,606,0.0013780964072793722
GAS,BAD,UCB_WITHOUT_VAE_UNCERTAINTY,52,Q loss,607,0.003687717020511627
GAS,BAD,UCB_WITHOUT_VAE_UNCERTAINTY,52,Q loss,608,0.0036932772491127253
GAS,BAD,UCB_WITHOUT_VAE_UNCERTAINTY,52,Q loss,609,0.003979611676186323
GAS,BAD,UCB_WITHOUT_VAE_UNCERTAINTY,52,Q loss,610,0.010343912057578564
GAS,BAD,UCB_WITHOUT_VAE_UNCERTAINTY,52,Q loss,611,0.009849270805716515
GAS,BAD,UCB_WITHOUT_VAE_UNCERTAINTY,52,Q loss,612,0.0016959174536168575
GAS,BAD,UCB_WITHOUT_VAE_UNCERTAINTY,52,Q loss,613,0.0008724065846763551
GAS,BAD,UCB_WITHOUT_VAE_UNCERTAINTY,52,Q loss,614,0.002952052280306816
GAS,BAD,UCB_WITHOUT_VAE_UNCERTAINTY,52,Q loss,615,0.0014372530858963728
GAS,BAD,UCB_WITHOUT_VAE_UNCERTAINTY,52,Q loss,616,0.0022393222898244858
GAS,BAD,UCB_WITHOUT_VAE_UNCERTAINTY,52,Q loss,617,0.004663693252950907
GAS,BAD,UCB_WITHOUT_VAE_UNCERTAINTY,52,Q loss,618,0.0007625568541698158
GAS,BAD,UCB_WITHOUT_VAE_UNCERTAINTY,52,Q loss,619,0.0013379976153373718
GAS,BAD,UCB_WITHOUT_VAE_UNCERTAINTY,52,Q loss,620,0.0006528134690597653
GAS,BAD,UCB_WITHOUT_VAE_UNCERTAINTY,52,Q loss,621,0.002792223123833537
GAS,BAD,UCB_WITHOUT_VAE_UNCERTAINTY,52,Q loss,622,0.004745852667838335
GAS,BAD,UCB_WITHOUT_VAE_UNCERTAINTY,52,Q loss,623,0.009195143356919289
GAS,BAD,UCB_WITHOUT_VAE_UNCERTAINTY,52,Q loss,624,0.00869295559823513
GAS,BAD,UCB_WITHOUT_VAE_UNCERTAINTY,52,Q loss,625,0.010201355442404747
GAS,BAD,UCB_WITHOUT_VAE_UNCERTAINTY,52,Q loss,626,0.004225395619869232
GAS,BAD,UCB_WITHOUT_VAE_UNCERTAINTY,52,Q loss,627,0.0033510085195302963
GAS,BAD,UCB_WITHOUT_VAE_UNCERTAINTY,52,Q loss,628,0.010471588931977749
GAS,BAD,UCB_WITHOUT_VAE_UNCERTAINTY,52,Q loss,629,0.007691237144172192
GAS,BAD,UCB_WITHOUT_VAE_UNCERTAINTY,52,Q loss,630,0.0017548074247315526
GAS,BAD,UCB_WITHOUT_VAE_UNCERTAINTY,52,Q loss,631,0.0017157609108835459
GAS,BAD,UCB_WITHOUT_VAE_UNCERTAINTY,52,Q loss,632,0.0036410861648619175
GAS,BAD,UCB_WITHOUT_VAE_UNCERTAINTY,52,Q loss,633,0.0012636808678507805
GAS,BAD,UCB_WITHOUT_VAE_UNCERTAINTY,52,Q loss,634,0.0009109327220357955
GAS,BAD,UCB_WITHOUT_VAE_UNCERTAINTY,52,Q loss,635,0.007950321771204472
GAS,BAD,UCB_WITHOUT_VAE_UNCERTAINTY,52,Q loss,636,0.003032765816897154
GAS,BAD,UCB_WITHOUT_VAE_UNCERTAINTY,52,Q loss,637,0.0004872385470662266
GAS,BAD,UCB_WITHOUT_VAE_UNCERTAINTY,52,Q loss,638,0.0022733055520802736
GAS,BAD,UCB_WITHOUT_VAE_UNCERTAINTY,52,Q loss,639,0.0024815748911350965
GAS,BAD,UCB_WITHOUT_VAE_UNCERTAINTY,52,Q loss,640,0.0020349863916635513
GAS,BAD,UCB_WITHOUT_VAE_UNCERTAINTY,52,Q loss,641,0.009648464620113373
GAS,BAD,UCB_WITHOUT_VAE_UNCERTAINTY,52,Q loss,642,0.0013954970054328442
GAS,BAD,UCB_WITHOUT_VAE_UNCERTAINTY,52,Q loss,643,0.0024235756136476994
GAS,BAD,UCB_WITHOUT_VAE_UNCERTAINTY,52,Q loss,644,0.0015755199128761888
GAS,BAD,UCB_WITHOUT_VAE_UNCERTAINTY,52,Q loss,645,0.0010758200660347939
GAS,BAD,UCB_WITHOUT_VAE_UNCERTAINTY,52,Q loss,646,0.007684366777539253
GAS,BAD,UCB_WITHOUT_VAE_UNCERTAINTY,52,Q loss,647,0.01757538877427578
GAS,BAD,UCB_WITHOUT_VAE_UNCERTAINTY,52,Q loss,648,0.002607492031529546
GAS,BAD,UCB_WITHOUT_VAE_UNCERTAINTY,52,Q loss,649,0.0015590447001159191
GAS,BAD,UCB_WITHOUT_VAE_UNCERTAINTY,52,Q loss,650,0.0032009067945182323
GAS,BAD,UCB_WITHOUT_VAE_UNCERTAINTY,52,Q loss,651,0.0028094802983105183
GAS,BAD,UCB_WITHOUT_VAE_UNCERTAINTY,52,Q loss,652,0.0018821991980075836
GAS,BAD,UCB_WITHOUT_VAE_UNCERTAINTY,52,Q loss,653,0.002680080709978938
GAS,BAD,UCB_WITHOUT_VAE_UNCERTAINTY,52,Q loss,654,0.0025229714810848236
GAS,BAD,UCB_WITHOUT_VAE_UNCERTAINTY,52,Q loss,655,0.0017196559347212315
GAS,BAD,UCB_WITHOUT_VAE_UNCERTAINTY,52,Q loss,656,0.0007491495925933123
GAS,BAD,UCB_WITHOUT_VAE_UNCERTAINTY,52,Q loss,657,0.0013203677954152226
GAS,BAD,UCB_WITHOUT_VAE_UNCERTAINTY,52,Q loss,658,0.0023064755368977785
GAS,BAD,UCB_WITHOUT_VAE_UNCERTAINTY,52,Q loss,659,0.007093511987477541
GAS,BAD,UCB_WITHOUT_VAE_UNCERTAINTY,52,Q loss,660,0.004620740655809641
GAS,BAD,UCB_WITHOUT_VAE_UNCERTAINTY,52,Q loss,661,0.0073746610432863235
GAS,BAD,UCB_WITHOUT_VAE_UNCERTAINTY,52,Q loss,662,0.002014509402215481
GAS,BAD,UCB_WITHOUT_VAE_UNCERTAINTY,52,Q loss,663,0.0020843043457716703
GAS,BAD,UCB_WITHOUT_VAE_UNCERTAINTY,52,Q loss,664,0.0031596410553902388
GAS,BAD,UCB_WITHOUT_VAE_UNCERTAINTY,52,Q loss,665,0.02056802064180374
GAS,BAD,UCB_WITHOUT_VAE_UNCERTAINTY,52,Q loss,666,0.002581196604296565
GAS,BAD,UCB_WITHOUT_VAE_UNCERTAINTY,52,Q loss,667,0.001314269844442606
GAS,BAD,UCB_WITHOUT_VAE_UNCERTAINTY,52,Q loss,668,0.0024178409948945045
GAS,BAD,UCB_WITHOUT_VAE_UNCERTAINTY,52,Q loss,669,0.0019396941643208265
GAS,BAD,UCB_WITHOUT_VAE_UNCERTAINTY,52,Q loss,670,0.00141802744474262
GAS,BAD,UCB_WITHOUT_VAE_UNCERTAINTY,52,Q loss,671,0.0017263265326619148
GAS,BAD,UCB_WITHOUT_VAE_UNCERTAINTY,52,Q loss,672,0.0016938424669206142
GAS,BAD,UCB_WITHOUT_VAE_UNCERTAINTY,52,Q loss,673,0.0006800055271014571
GAS,BAD,UCB_WITHOUT_VAE_UNCERTAINTY,52,Q loss,674,0.001351456274278462
GAS,BAD,UCB_WITHOUT_VAE_UNCERTAINTY,52,Q loss,675,0.004442061297595501
GAS,BAD,UCB_WITHOUT_VAE_UNCERTAINTY,52,Q loss,676,0.008125022053718567
GAS,BAD,UCB_WITHOUT_VAE_UNCERTAINTY,52,Q loss,677,0.0036537491250783205
GAS,BAD,UCB_WITHOUT_VAE_UNCERTAINTY,52,Q loss,678,0.004467751365154982
GAS,BAD,UCB_WITHOUT_VAE_UNCERTAINTY,52,Q loss,679,0.006271870341151953
GAS,BAD,UCB_WITHOUT_VAE_UNCERTAINTY,52,Q loss,680,0.00168912997469306
GAS,BAD,UCB_WITHOUT_VAE_UNCERTAINTY,52,Q loss,681,0.0063733384013175964
GAS,BAD,UCB_WITHOUT_VAE_UNCERTAINTY,52,Q loss,682,0.00574064813554287
GAS,BAD,UCB_WITHOUT_VAE_UNCERTAINTY,52,Q loss,683,0.010994786396622658
GAS,BAD,UCB_WITHOUT_VAE_UNCERTAINTY,52,Q loss,684,0.0013817368308082223
GAS,BAD,UCB_WITHOUT_VAE_UNCERTAINTY,52,Q loss,685,0.0007430854020640254
GAS,BAD,UCB_WITHOUT_VAE_UNCERTAINTY,52,Q loss,686,0.0010405299253761768
GAS,BAD,UCB_WITHOUT_VAE_UNCERTAINTY,52,Q loss,687,0.0016042725183069706
GAS,BAD,UCB_WITHOUT_VAE_UNCERTAINTY,52,Q loss,688,0.0011494954815134406
GAS,BAD,UCB_WITHOUT_VAE_UNCERTAINTY,52,Q loss,689,0.003180061001330614
GAS,BAD,UCB_WITHOUT_VAE_UNCERTAINTY,52,Q loss,690,0.00219963351264596
GAS,BAD,UCB_WITHOUT_VAE_UNCERTAINTY,52,Q loss,691,0.0028036499861627817
GAS,BAD,UCB_WITHOUT_VAE_UNCERTAINTY,52,Q loss,692,0.003167178016155958
GAS,BAD,UCB_WITHOUT_VAE_UNCERTAINTY,52,Q loss,693,0.002935492666438222
GAS,BAD,UCB_WITHOUT_VAE_UNCERTAINTY,52,Q loss,694,0.00858946144580841
GAS,BAD,UCB_WITHOUT_VAE_UNCERTAINTY,52,Q loss,695,0.006170112174004316
GAS,BAD,UCB_WITHOUT_VAE_UNCERTAINTY,52,Q loss,696,0.0017287530936300755
GAS,BAD,UCB_WITHOUT_VAE_UNCERTAINTY,52,Q loss,697,0.008491013199090958
GAS,BAD,UCB_WITHOUT_VAE_UNCERTAINTY,52,Q loss,698,0.0024141171015799046
GAS,BAD,UCB_WITHOUT_VAE_UNCERTAINTY,52,Q loss,699,0.004820380359888077
GAS,BAD,UCB_WITHOUT_VAE_UNCERTAINTY,52,Q loss,700,0.0069167884066700935
GAS,BAD,UCB_WITHOUT_VAE_UNCERTAINTY,52,Q loss,701,0.014693532139062881
GAS,BAD,UCB_WITHOUT_VAE_UNCERTAINTY,52,Q loss,702,0.0017106651794165373
GAS,BAD,UCB_WITHOUT_VAE_UNCERTAINTY,52,Q loss,703,0.0007008218672126532
GAS,BAD,UCB_WITHOUT_VAE_UNCERTAINTY,52,Q loss,704,0.001992275472730398
GAS,BAD,UCB_WITHOUT_VAE_UNCERTAINTY,52,Q loss,705,0.004507299512624741
GAS,BAD,UCB_WITHOUT_VAE_UNCERTAINTY,52,Q loss,706,0.0017280118772760034
GAS,BAD,UCB_WITHOUT_VAE_UNCERTAINTY,52,Q loss,707,0.0032807672396302223
GAS,BAD,UCB_WITHOUT_VAE_UNCERTAINTY,52,Q loss,708,0.0024884329177439213
GAS,BAD,UCB_WITHOUT_VAE_UNCERTAINTY,52,Q loss,709,0.0012700649676844478
GAS,BAD,UCB_WITHOUT_VAE_UNCERTAINTY,52,Q loss,710,0.0005977315595373511
GAS,BAD,UCB_WITHOUT_VAE_UNCERTAINTY,52,Q loss,711,0.0039033647626638412
GAS,BAD,UCB_WITHOUT_VAE_UNCERTAINTY,52,Q loss,712,0.008368822745978832
GAS,BAD,UCB_WITHOUT_VAE_UNCERTAINTY,52,Q loss,713,0.0021858098916709423
GAS,BAD,UCB_WITHOUT_VAE_UNCERTAINTY,52,Q loss,714,0.008563374169170856
GAS,BAD,UCB_WITHOUT_VAE_UNCERTAINTY,52,Q loss,715,0.0073358239606022835
GAS,BAD,UCB_WITHOUT_VAE_UNCERTAINTY,52,Q loss,716,0.0023772295098751783
GAS,BAD,UCB_WITHOUT_VAE_UNCERTAINTY,52,Q loss,717,0.0025805681943893433
GAS,BAD,UCB_WITHOUT_VAE_UNCERTAINTY,52,Q loss,718,0.005975741893053055
GAS,BAD,UCB_WITHOUT_VAE_UNCERTAINTY,52,Q loss,719,0.004318563733249903
GAS,BAD,UCB_WITHOUT_VAE_UNCERTAINTY,52,Q loss,720,0.002177340444177389
GAS,BAD,UCB_WITHOUT_VAE_UNCERTAINTY,52,Q loss,721,0.0011564928572624922
GAS,BAD,UCB_WITHOUT_VAE_UNCERTAINTY,52,Q loss,722,0.00242381589487195
GAS,BAD,UCB_WITHOUT_VAE_UNCERTAINTY,52,Q loss,723,0.002650934737175703
GAS,BAD,UCB_WITHOUT_VAE_UNCERTAINTY,52,Q loss,724,0.0011223296169191599
GAS,BAD,UCB_WITHOUT_VAE_UNCERTAINTY,52,Q loss,725,0.00632498087361455
GAS,BAD,UCB_WITHOUT_VAE_UNCERTAINTY,52,Q loss,726,0.0024632271379232407
GAS,BAD,UCB_WITHOUT_VAE_UNCERTAINTY,52,Q loss,727,0.0008811227744445205
GAS,BAD,UCB_WITHOUT_VAE_UNCERTAINTY,52,Q loss,728,0.0014764046063646674
GAS,BAD,UCB_WITHOUT_VAE_UNCERTAINTY,52,Q loss,729,0.0023940559476614
GAS,BAD,UCB_WITHOUT_VAE_UNCERTAINTY,52,Q loss,730,0.0026413281448185444
GAS,BAD,UCB_WITHOUT_VAE_UNCERTAINTY,52,Q loss,731,0.004529495257884264
GAS,BAD,UCB_WITHOUT_VAE_UNCERTAINTY,52,Q loss,732,0.001953679835423827
GAS,BAD,UCB_WITHOUT_VAE_UNCERTAINTY,52,Q loss,733,0.007383513730019331
GAS,BAD,UCB_WITHOUT_VAE_UNCERTAINTY,52,Q loss,734,0.00426797429099679
GAS,BAD,UCB_WITHOUT_VAE_UNCERTAINTY,52,Q loss,735,0.0039588515646755695
GAS,BAD,UCB_WITHOUT_VAE_UNCERTAINTY,52,Q loss,736,0.006886420771479607
GAS,BAD,UCB_WITHOUT_VAE_UNCERTAINTY,52,Q loss,737,0.004344144836068153
GAS,BAD,UCB_WITHOUT_VAE_UNCERTAINTY,52,Q loss,738,0.0024915458634495735
GAS,BAD,UCB_WITHOUT_VAE_UNCERTAINTY,52,Q loss,739,0.0017590026836842299
GAS,BAD,UCB_WITHOUT_VAE_UNCERTAINTY,52,Q loss,740,0.002713514491915703
GAS,BAD,UCB_WITHOUT_VAE_UNCERTAINTY,52,Q loss,741,0.002418752294033766
GAS,BAD,UCB_WITHOUT_VAE_UNCERTAINTY,52,Q loss,742,0.0006978663150221109
GAS,BAD,UCB_WITHOUT_VAE_UNCERTAINTY,52,Q loss,743,0.0018736618803814054
GAS,BAD,UCB_WITHOUT_VAE_UNCERTAINTY,52,Q loss,744,0.00308301136828959
GAS,BAD,UCB_WITHOUT_VAE_UNCERTAINTY,52,Q loss,745,0.001854227390140295
GAS,BAD,UCB_WITHOUT_VAE_UNCERTAINTY,52,Q loss,746,0.002350380178540945
GAS,BAD,UCB_WITHOUT_VAE_UNCERTAINTY,52,Q loss,747,0.002325779292732477
GAS,BAD,UCB_WITHOUT_VAE_UNCERTAINTY,52,Q loss,748,0.006914510857313871
GAS,BAD,UCB_WITHOUT_VAE_UNCERTAINTY,52,Q loss,749,0.0067712292075157166
GAS,BAD,UCB_WITHOUT_VAE_UNCERTAINTY,52,Q loss,750,0.0047812736593186855
GAS,BAD,UCB_WITHOUT_VAE_UNCERTAINTY,52,Q loss,751,0.005206124857068062
GAS,BAD,UCB_WITHOUT_VAE_UNCERTAINTY,52,Q loss,752,0.0014460914535447955
GAS,BAD,UCB_WITHOUT_VAE_UNCERTAINTY,52,Q loss,753,0.002258013468235731
GAS,BAD,UCB_WITHOUT_VAE_UNCERTAINTY,52,Q loss,754,0.006809255573898554
GAS,BAD,UCB_WITHOUT_VAE_UNCERTAINTY,52,Q loss,755,0.011867610737681389
GAS,BAD,UCB_WITHOUT_VAE_UNCERTAINTY,52,Q loss,756,0.0013308962807059288
GAS,BAD,UCB_WITHOUT_VAE_UNCERTAINTY,52,Q loss,757,0.0011255332501605153
GAS,BAD,UCB_WITHOUT_VAE_UNCERTAINTY,52,Q loss,758,0.0018334013875573874
GAS,BAD,UCB_WITHOUT_VAE_UNCERTAINTY,52,Q loss,759,0.011437628418207169
GAS,BAD,UCB_WITHOUT_VAE_UNCERTAINTY,52,Q loss,760,0.0010778509313240647
GAS,BAD,UCB_WITHOUT_VAE_UNCERTAINTY,52,Q loss,761,0.0016788770444691181
GAS,BAD,UCB_WITHOUT_VAE_UNCERTAINTY,52,Q loss,762,0.0010456421878188848
GAS,BAD,UCB_WITHOUT_VAE_UNCERTAINTY,52,Q loss,763,0.0009042657911777496
GAS,BAD,UCB_WITHOUT_VAE_UNCERTAINTY,52,Q loss,764,0.0014261301839724183
GAS,BAD,UCB_WITHOUT_VAE_UNCERTAINTY,52,Q loss,765,0.0012544896453619003
GAS,BAD,UCB_WITHOUT_VAE_UNCERTAINTY,52,Q loss,766,0.003007106948643923
GAS,BAD,UCB_WITHOUT_VAE_UNCERTAINTY,52,Q loss,767,0.0028492906130850315
GAS,BAD,UCB_WITHOUT_VAE_UNCERTAINTY,52,Q loss,768,0.009578647091984749
GAS,BAD,UCB_WITHOUT_VAE_UNCERTAINTY,52,Q loss,769,0.006495578680187464
GAS,BAD,UCB_WITHOUT_VAE_UNCERTAINTY,52,Q loss,770,0.0024371978361159563
GAS,BAD,UCB_WITHOUT_VAE_UNCERTAINTY,52,Q loss,771,0.003432468743994832
GAS,BAD,UCB_WITHOUT_VAE_UNCERTAINTY,52,Q loss,772,0.008765016682446003
GAS,BAD,UCB_WITHOUT_VAE_UNCERTAINTY,52,Q loss,773,0.0069256993010640144
GAS,BAD,UCB_WITHOUT_VAE_UNCERTAINTY,52,Q loss,774,0.004047099966555834
GAS,BAD,UCB_WITHOUT_VAE_UNCERTAINTY,52,Q loss,775,0.0008208274957723916
GAS,BAD,UCB_WITHOUT_VAE_UNCERTAINTY,52,Q loss,776,0.0022112932056188583
GAS,BAD,UCB_WITHOUT_VAE_UNCERTAINTY,52,Q loss,777,0.008420594036579132
GAS,BAD,UCB_WITHOUT_VAE_UNCERTAINTY,52,Q loss,778,0.0021967238280922174
GAS,BAD,UCB_WITHOUT_VAE_UNCERTAINTY,52,Q loss,779,0.0018991080578416586
GAS,BAD,UCB_WITHOUT_VAE_UNCERTAINTY,52,Q loss,780,0.0005593896494247019
GAS,BAD,UCB_WITHOUT_VAE_UNCERTAINTY,52,Q loss,781,0.0010832230327650905
GAS,BAD,UCB_WITHOUT_VAE_UNCERTAINTY,52,Q loss,782,0.000983250210992992
GAS,BAD,UCB_WITHOUT_VAE_UNCERTAINTY,52,Q loss,783,0.0019784471951425076
GAS,BAD,UCB_WITHOUT_VAE_UNCERTAINTY,52,Q loss,784,0.0024979638401418924
GAS,BAD,UCB_WITHOUT_VAE_UNCERTAINTY,52,Q loss,785,0.00216089328750968
GAS,BAD,UCB_WITHOUT_VAE_UNCERTAINTY,52,Q loss,786,0.004588546231389046
GAS,BAD,UCB_WITHOUT_VAE_UNCERTAINTY,52,Q loss,787,0.010875988751649857
GAS,BAD,UCB_WITHOUT_VAE_UNCERTAINTY,52,Q loss,788,0.0022880067117512226
GAS,BAD,UCB_WITHOUT_VAE_UNCERTAINTY,52,Q loss,789,0.001140755251981318
GAS,BAD,UCB_WITHOUT_VAE_UNCERTAINTY,52,Q loss,790,0.005867794156074524
GAS,BAD,UCB_WITHOUT_VAE_UNCERTAINTY,52,Q loss,791,0.00455919373780489
GAS,BAD,UCB_WITHOUT_VAE_UNCERTAINTY,52,Q loss,792,0.0014141679275780916
GAS,BAD,UCB_WITHOUT_VAE_UNCERTAINTY,52,Q loss,793,0.002102173864841461
GAS,BAD,UCB_WITHOUT_VAE_UNCERTAINTY,52,Q loss,794,0.001972296740859747
GAS,BAD,UCB_WITHOUT_VAE_UNCERTAINTY,52,Q loss,795,0.00295489514246583
GAS,BAD,UCB_WITHOUT_VAE_UNCERTAINTY,52,Q loss,796,0.004732269793748856
GAS,BAD,UCB_WITHOUT_VAE_UNCERTAINTY,52,Q loss,797,0.0014865812845528126
GAS,BAD,UCB_WITHOUT_VAE_UNCERTAINTY,52,Q loss,798,0.0018134198617190123
GAS,BAD,UCB_WITHOUT_VAE_UNCERTAINTY,52,Q loss,799,0.0015781777910888195
GAS,BAD,UCB_WITHOUT_VAE_UNCERTAINTY,52,Q loss,800,0.0004926285473629832
GAS,BAD,UCB_WITHOUT_VAE_UNCERTAINTY,52,Q loss,801,0.002618785947561264
GAS,BAD,UCB_WITHOUT_VAE_UNCERTAINTY,52,Q loss,802,0.0051391213200986385
GAS,BAD,UCB_WITHOUT_VAE_UNCERTAINTY,52,Q loss,803,0.0019299492705613375
GAS,BAD,UCB_WITHOUT_VAE_UNCERTAINTY,52,Q loss,804,0.0059231240302324295
GAS,BAD,UCB_WITHOUT_VAE_UNCERTAINTY,52,Q loss,805,0.004677737131714821
GAS,BAD,UCB_WITHOUT_VAE_UNCERTAINTY,52,Q loss,806,0.006176014896482229
GAS,BAD,UCB_WITHOUT_VAE_UNCERTAINTY,52,Q loss,807,0.007413376122713089
GAS,BAD,UCB_WITHOUT_VAE_UNCERTAINTY,52,Q loss,808,0.00463704252615571
GAS,BAD,UCB_WITHOUT_VAE_UNCERTAINTY,52,Q loss,809,0.007891521789133549
GAS,BAD,UCB_WITHOUT_VAE_UNCERTAINTY,52,Cost loss,0,0.10037943720817566
GAS,BAD,UCB_WITHOUT_VAE_UNCERTAINTY,52,Cost loss,1,0.10139858722686768
GAS,BAD,UCB_WITHOUT_VAE_UNCERTAINTY,52,Cost loss,2,0.10054771602153778
GAS,BAD,UCB_WITHOUT_VAE_UNCERTAINTY,52,Cost loss,3,0.0991378128528595
GAS,BAD,UCB_WITHOUT_VAE_UNCERTAINTY,52,Cost loss,4,0.09852956980466843
GAS,BAD,UCB_WITHOUT_VAE_UNCERTAINTY,52,Cost loss,5,0.0971691906452179
GAS,BAD,UCB_WITHOUT_VAE_UNCERTAINTY,52,Cost loss,6,0.0967327281832695
GAS,BAD,UCB_WITHOUT_VAE_UNCERTAINTY,52,Cost loss,7,0.0957479476928711
GAS,BAD,UCB_WITHOUT_VAE_UNCERTAINTY,52,Cost loss,8,0.09441980719566345
GAS,BAD,UCB_WITHOUT_VAE_UNCERTAINTY,52,Cost loss,9,0.0921877920627594
GAS,BAD,UCB_WITHOUT_VAE_UNCERTAINTY,52,Cost loss,10,0.0910172164440155
GAS,BAD,UCB_WITHOUT_VAE_UNCERTAINTY,52,Cost loss,11,0.09179501980543137
GAS,BAD,UCB_WITHOUT_VAE_UNCERTAINTY,52,Cost loss,12,0.09102654457092285
GAS,BAD,UCB_WITHOUT_VAE_UNCERTAINTY,52,Cost loss,13,0.0900537520647049
GAS,BAD,UCB_WITHOUT_VAE_UNCERTAINTY,52,Cost loss,14,0.08725854009389877
GAS,BAD,UCB_WITHOUT_VAE_UNCERTAINTY,52,Cost loss,15,0.08785450458526611
GAS,BAD,UCB_WITHOUT_VAE_UNCERTAINTY,52,Cost loss,16,0.08483132719993591
GAS,BAD,UCB_WITHOUT_VAE_UNCERTAINTY,52,Cost loss,17,0.08500003814697266
GAS,BAD,UCB_WITHOUT_VAE_UNCERTAINTY,52,Cost loss,18,0.08324140310287476
GAS,BAD,UCB_WITHOUT_VAE_UNCERTAINTY,52,Cost loss,19,0.08267252892255783
GAS,BAD,UCB_WITHOUT_VAE_UNCERTAINTY,52,Cost loss,20,0.08077313005924225
GAS,BAD,UCB_WITHOUT_VAE_UNCERTAINTY,52,Cost loss,21,0.07966738194227219
GAS,BAD,UCB_WITHOUT_VAE_UNCERTAINTY,52,Cost loss,22,0.0778917670249939
GAS,BAD,UCB_WITHOUT_VAE_UNCERTAINTY,52,Cost loss,23,0.07840843498706818
GAS,BAD,UCB_WITHOUT_VAE_UNCERTAINTY,52,Cost loss,24,0.07809025049209595
GAS,BAD,UCB_WITHOUT_VAE_UNCERTAINTY,52,Cost loss,25,0.07718656957149506
GAS,BAD,UCB_WITHOUT_VAE_UNCERTAINTY,52,Cost loss,26,0.07564768940210342
GAS,BAD,UCB_WITHOUT_VAE_UNCERTAINTY,52,Cost loss,27,0.07418031990528107
GAS,BAD,UCB_WITHOUT_VAE_UNCERTAINTY,52,Cost loss,28,0.0740775540471077
GAS,BAD,UCB_WITHOUT_VAE_UNCERTAINTY,52,Cost loss,29,0.07245160639286041
GAS,BAD,UCB_WITHOUT_VAE_UNCERTAINTY,52,Cost loss,30,0.07070300728082657
GAS,BAD,UCB_WITHOUT_VAE_UNCERTAINTY,52,Cost loss,31,0.06881049275398254
GAS,BAD,UCB_WITHOUT_VAE_UNCERTAINTY,52,Cost loss,32,0.06975651532411575
GAS,BAD,UCB_WITHOUT_VAE_UNCERTAINTY,52,Cost loss,33,0.0687142014503479
GAS,BAD,UCB_WITHOUT_VAE_UNCERTAINTY,52,Cost loss,34,0.0691850334405899
GAS,BAD,UCB_WITHOUT_VAE_UNCERTAINTY,52,Cost loss,35,0.06736167520284653
GAS,BAD,UCB_WITHOUT_VAE_UNCERTAINTY,52,Cost loss,36,0.06565672159194946
GAS,BAD,UCB_WITHOUT_VAE_UNCERTAINTY,52,Cost loss,37,0.0641925036907196
GAS,BAD,UCB_WITHOUT_VAE_UNCERTAINTY,52,Cost loss,38,0.061855293810367584
GAS,BAD,UCB_WITHOUT_VAE_UNCERTAINTY,52,Cost loss,39,0.0651106983423233
GAS,BAD,UCB_WITHOUT_VAE_UNCERTAINTY,52,Cost loss,40,0.062256183475255966
GAS,BAD,UCB_WITHOUT_VAE_UNCERTAINTY,52,Cost loss,41,0.0623784214258194
GAS,BAD,UCB_WITHOUT_VAE_UNCERTAINTY,52,Cost loss,42,0.06178295612335205
GAS,BAD,UCB_WITHOUT_VAE_UNCERTAINTY,52,Cost loss,43,0.05977329611778259
GAS,BAD,UCB_WITHOUT_VAE_UNCERTAINTY,52,Cost loss,44,0.058770082890987396
GAS,BAD,UCB_WITHOUT_VAE_UNCERTAINTY,52,Cost loss,45,0.05682859569787979
GAS,BAD,UCB_WITHOUT_VAE_UNCERTAINTY,52,Cost loss,46,0.05811779573559761
GAS,BAD,UCB_WITHOUT_VAE_UNCERTAINTY,52,Cost loss,47,0.056969672441482544
GAS,BAD,UCB_WITHOUT_VAE_UNCERTAINTY,52,Cost loss,48,0.057947419583797455
GAS,BAD,UCB_WITHOUT_VAE_UNCERTAINTY,52,Cost loss,49,0.05296728014945984
GAS,BAD,UCB_WITHOUT_VAE_UNCERTAINTY,52,Cost loss,50,0.05218125879764557
GAS,BAD,UCB_WITHOUT_VAE_UNCERTAINTY,52,Cost loss,51,0.05266431346535683
GAS,BAD,UCB_WITHOUT_VAE_UNCERTAINTY,52,Cost loss,52,0.053329020738601685
GAS,BAD,UCB_WITHOUT_VAE_UNCERTAINTY,52,Cost loss,53,0.050666872411966324
GAS,BAD,UCB_WITHOUT_VAE_UNCERTAINTY,52,Cost loss,54,0.05001525580883026
GAS,BAD,UCB_WITHOUT_VAE_UNCERTAINTY,52,Cost loss,55,0.05167844891548157
GAS,BAD,UCB_WITHOUT_VAE_UNCERTAINTY,52,Cost loss,56,0.05011657625436783
GAS,BAD,UCB_WITHOUT_VAE_UNCERTAINTY,52,Cost loss,57,0.04910092055797577
GAS,BAD,UCB_WITHOUT_VAE_UNCERTAINTY,52,Cost loss,58,0.04770851507782936
GAS,BAD,UCB_WITHOUT_VAE_UNCERTAINTY,52,Cost loss,59,0.04709798842668533
GAS,BAD,UCB_WITHOUT_VAE_UNCERTAINTY,52,Cost loss,60,0.04754689335823059
GAS,BAD,UCB_WITHOUT_VAE_UNCERTAINTY,52,Cost loss,61,0.04595077037811279
GAS,BAD,UCB_WITHOUT_VAE_UNCERTAINTY,52,Cost loss,62,0.04401275888085365
GAS,BAD,UCB_WITHOUT_VAE_UNCERTAINTY,52,Cost loss,63,0.04306657984852791
GAS,BAD,UCB_WITHOUT_VAE_UNCERTAINTY,52,Cost loss,64,0.04341794550418854
GAS,BAD,UCB_WITHOUT_VAE_UNCERTAINTY,52,Cost loss,65,0.04310963302850723
GAS,BAD,UCB_WITHOUT_VAE_UNCERTAINTY,52,Cost loss,66,0.04129256308078766
GAS,BAD,UCB_WITHOUT_VAE_UNCERTAINTY,52,Cost loss,67,0.0426287017762661
GAS,BAD,UCB_WITHOUT_VAE_UNCERTAINTY,52,Cost loss,68,0.04065803438425064
GAS,BAD,UCB_WITHOUT_VAE_UNCERTAINTY,52,Cost loss,69,0.038973480463027954
GAS,BAD,UCB_WITHOUT_VAE_UNCERTAINTY,52,Cost loss,70,0.038013145327568054
GAS,BAD,UCB_WITHOUT_VAE_UNCERTAINTY,52,Cost loss,71,0.036665502935647964
GAS,BAD,UCB_WITHOUT_VAE_UNCERTAINTY,52,Cost loss,72,0.03701453655958176
GAS,BAD,UCB_WITHOUT_VAE_UNCERTAINTY,52,Cost loss,73,0.03737920895218849
GAS,BAD,UCB_WITHOUT_VAE_UNCERTAINTY,52,Cost loss,74,0.03658660873770714
GAS,BAD,UCB_WITHOUT_VAE_UNCERTAINTY,52,Cost loss,75,0.03627069294452667
GAS,BAD,UCB_WITHOUT_VAE_UNCERTAINTY,52,Cost loss,76,0.03649338334798813
GAS,BAD,UCB_WITHOUT_VAE_UNCERTAINTY,52,Cost loss,77,0.03440346196293831
GAS,BAD,UCB_WITHOUT_VAE_UNCERTAINTY,52,Cost loss,78,0.034156884998083115
GAS,BAD,UCB_WITHOUT_VAE_UNCERTAINTY,52,Cost loss,79,0.03313671797513962
GAS,BAD,UCB_WITHOUT_VAE_UNCERTAINTY,52,Cost loss,80,0.03167027235031128
GAS,BAD,UCB_WITHOUT_VAE_UNCERTAINTY,52,Cost loss,81,0.030793268233537674
GAS,BAD,UCB_WITHOUT_VAE_UNCERTAINTY,52,Cost loss,82,0.031111476942896843
GAS,BAD,UCB_WITHOUT_VAE_UNCERTAINTY,52,Cost loss,83,0.03057108446955681
GAS,BAD,UCB_WITHOUT_VAE_UNCERTAINTY,52,Cost loss,84,0.030589831992983818
GAS,BAD,UCB_WITHOUT_VAE_UNCERTAINTY,52,Cost loss,85,0.029192369431257248
GAS,BAD,UCB_WITHOUT_VAE_UNCERTAINTY,52,Cost loss,86,0.027827540412545204
GAS,BAD,UCB_WITHOUT_VAE_UNCERTAINTY,52,Cost loss,87,0.027904190123081207
GAS,BAD,UCB_WITHOUT_VAE_UNCERTAINTY,52,Cost loss,88,0.027769483625888824
GAS,BAD,UCB_WITHOUT_VAE_UNCERTAINTY,52,Cost loss,89,0.027986979112029076
GAS,BAD,UCB_WITHOUT_VAE_UNCERTAINTY,52,Cost loss,90,0.025340184569358826
GAS,BAD,UCB_WITHOUT_VAE_UNCERTAINTY,52,Cost loss,91,0.025303538888692856
GAS,BAD,UCB_WITHOUT_VAE_UNCERTAINTY,52,Cost loss,92,0.024093439802527428
GAS,BAD,UCB_WITHOUT_VAE_UNCERTAINTY,52,Cost loss,93,0.025387916713953018
GAS,BAD,UCB_WITHOUT_VAE_UNCERTAINTY,52,Cost loss,94,0.02565702050924301
GAS,BAD,UCB_WITHOUT_VAE_UNCERTAINTY,52,Cost loss,95,0.023877980187535286
GAS,BAD,UCB_WITHOUT_VAE_UNCERTAINTY,52,Cost loss,96,0.022415943443775177
GAS,BAD,UCB_WITHOUT_VAE_UNCERTAINTY,52,Cost loss,97,0.02351992018520832
GAS,BAD,UCB_WITHOUT_VAE_UNCERTAINTY,52,Cost loss,98,0.022345641627907753
GAS,BAD,UCB_WITHOUT_VAE_UNCERTAINTY,52,Cost loss,99,0.0223354734480381
GAS,BAD,UCB_WITHOUT_VAE_UNCERTAINTY,52,Cost loss,100,0.02183939516544342
GAS,BAD,UCB_WITHOUT_VAE_UNCERTAINTY,52,Cost loss,101,0.02116098441183567
GAS,BAD,UCB_WITHOUT_VAE_UNCERTAINTY,52,Cost loss,102,0.02082572877407074
GAS,BAD,UCB_WITHOUT_VAE_UNCERTAINTY,52,Cost loss,103,0.021520089358091354
GAS,BAD,UCB_WITHOUT_VAE_UNCERTAINTY,52,Cost loss,104,0.01997344195842743
GAS,BAD,UCB_WITHOUT_VAE_UNCERTAINTY,52,Cost loss,105,0.019631177186965942
GAS,BAD,UCB_WITHOUT_VAE_UNCERTAINTY,52,Cost loss,106,0.019652239978313446
GAS,BAD,UCB_WITHOUT_VAE_UNCERTAINTY,52,Cost loss,107,0.019058257341384888
GAS,BAD,UCB_WITHOUT_VAE_UNCERTAINTY,52,Cost loss,108,0.01866617426276207
GAS,BAD,UCB_WITHOUT_VAE_UNCERTAINTY,52,Cost loss,109,0.01697591133415699
GAS,BAD,UCB_WITHOUT_VAE_UNCERTAINTY,52,Cost loss,110,0.017555594444274902
GAS,BAD,UCB_WITHOUT_VAE_UNCERTAINTY,52,Cost loss,111,0.01659996062517166
GAS,BAD,UCB_WITHOUT_VAE_UNCERTAINTY,52,Cost loss,112,0.017919760197401047
GAS,BAD,UCB_WITHOUT_VAE_UNCERTAINTY,52,Cost loss,113,0.0161873921751976
GAS,BAD,UCB_WITHOUT_VAE_UNCERTAINTY,52,Cost loss,114,0.016099603846669197
GAS,BAD,UCB_WITHOUT_VAE_UNCERTAINTY,52,Cost loss,115,0.01548095978796482
GAS,BAD,UCB_WITHOUT_VAE_UNCERTAINTY,52,Cost loss,116,0.015426646918058395
GAS,BAD,UCB_WITHOUT_VAE_UNCERTAINTY,52,Cost loss,117,0.014355821534991264
GAS,BAD,UCB_WITHOUT_VAE_UNCERTAINTY,52,Cost loss,118,0.013961130753159523
GAS,BAD,UCB_WITHOUT_VAE_UNCERTAINTY,52,Cost loss,119,0.01343756914138794
GAS,BAD,UCB_WITHOUT_VAE_UNCERTAINTY,52,Cost loss,120,0.013222500681877136
GAS,BAD,UCB_WITHOUT_VAE_UNCERTAINTY,52,Cost loss,121,0.013000419363379478
GAS,BAD,UCB_WITHOUT_VAE_UNCERTAINTY,52,Cost loss,122,0.012396645732223988
GAS,BAD,UCB_WITHOUT_VAE_UNCERTAINTY,52,Cost loss,123,0.01211986131966114
GAS,BAD,UCB_WITHOUT_VAE_UNCERTAINTY,52,Cost loss,124,0.011240089312195778
GAS,BAD,UCB_WITHOUT_VAE_UNCERTAINTY,52,Cost loss,125,0.011272778734564781
GAS,BAD,UCB_WITHOUT_VAE_UNCERTAINTY,52,Cost loss,126,0.010901058092713356
GAS,BAD,UCB_WITHOUT_VAE_UNCERTAINTY,52,Cost loss,127,0.01015798095613718
GAS,BAD,UCB_WITHOUT_VAE_UNCERTAINTY,52,Cost loss,128,0.010208029299974442
GAS,BAD,UCB_WITHOUT_VAE_UNCERTAINTY,52,Cost loss,129,0.00980740413069725
GAS,BAD,UCB_WITHOUT_VAE_UNCERTAINTY,52,Cost loss,130,0.009158533066511154
GAS,BAD,UCB_WITHOUT_VAE_UNCERTAINTY,52,Cost loss,131,0.009130151942372322
GAS,BAD,UCB_WITHOUT_VAE_UNCERTAINTY,52,Cost loss,132,0.009055822156369686
GAS,BAD,UCB_WITHOUT_VAE_UNCERTAINTY,52,Cost loss,133,0.008224125020205975
GAS,BAD,UCB_WITHOUT_VAE_UNCERTAINTY,52,Cost loss,134,0.00793300662189722
GAS,BAD,UCB_WITHOUT_VAE_UNCERTAINTY,52,Cost loss,135,0.007611000444740057
GAS,BAD,UCB_WITHOUT_VAE_UNCERTAINTY,52,Cost loss,136,0.007389425300061703
GAS,BAD,UCB_WITHOUT_VAE_UNCERTAINTY,52,Cost loss,137,0.007620695978403091
GAS,BAD,UCB_WITHOUT_VAE_UNCERTAINTY,52,Cost loss,138,0.00728360190987587
GAS,BAD,UCB_WITHOUT_VAE_UNCERTAINTY,52,Cost loss,139,0.006980958394706249
GAS,BAD,UCB_WITHOUT_VAE_UNCERTAINTY,52,Cost loss,140,0.0068518416956067085
GAS,BAD,UCB_WITHOUT_VAE_UNCERTAINTY,52,Cost loss,141,0.006523742340505123
GAS,BAD,UCB_WITHOUT_VAE_UNCERTAINTY,52,Cost loss,142,0.006427614949643612
GAS,BAD,UCB_WITHOUT_VAE_UNCERTAINTY,52,Cost loss,143,0.006454841233789921
GAS,BAD,UCB_WITHOUT_VAE_UNCERTAINTY,52,Cost loss,144,0.006189792882651091
GAS,BAD,UCB_WITHOUT_VAE_UNCERTAINTY,53,Q loss,0,0.027461092919111252
GAS,BAD,UCB_WITHOUT_VAE_UNCERTAINTY,53,Q loss,1,0.01987338811159134
GAS,BAD,UCB_WITHOUT_VAE_UNCERTAINTY,53,Q loss,2,0.02699393406510353
GAS,BAD,UCB_WITHOUT_VAE_UNCERTAINTY,53,Q loss,3,0.03247801586985588
GAS,BAD,UCB_WITHOUT_VAE_UNCERTAINTY,53,Q loss,4,0.019223548471927643
GAS,BAD,UCB_WITHOUT_VAE_UNCERTAINTY,53,Q loss,5,0.02107461541891098
GAS,BAD,UCB_WITHOUT_VAE_UNCERTAINTY,53,Q loss,6,0.024487106129527092
GAS,BAD,UCB_WITHOUT_VAE_UNCERTAINTY,53,Q loss,7,0.01314898207783699
GAS,BAD,UCB_WITHOUT_VAE_UNCERTAINTY,53,Q loss,8,0.01753295212984085
GAS,BAD,UCB_WITHOUT_VAE_UNCERTAINTY,53,Q loss,9,0.022168511524796486
GAS,BAD,UCB_WITHOUT_VAE_UNCERTAINTY,53,Q loss,10,0.02308354526758194
GAS,BAD,UCB_WITHOUT_VAE_UNCERTAINTY,53,Q loss,11,0.03390103578567505
GAS,BAD,UCB_WITHOUT_VAE_UNCERTAINTY,53,Q loss,12,0.022060194984078407
GAS,BAD,UCB_WITHOUT_VAE_UNCERTAINTY,53,Q loss,13,0.02530912682414055
GAS,BAD,UCB_WITHOUT_VAE_UNCERTAINTY,53,Q loss,14,0.025801606476306915
GAS,BAD,UCB_WITHOUT_VAE_UNCERTAINTY,53,Q loss,15,0.0199238583445549
GAS,BAD,UCB_WITHOUT_VAE_UNCERTAINTY,53,Q loss,16,0.03545466065406799
GAS,BAD,UCB_WITHOUT_VAE_UNCERTAINTY,53,Q loss,17,0.038020361214876175
GAS,BAD,UCB_WITHOUT_VAE_UNCERTAINTY,53,Q loss,18,0.03272727504372597
GAS,BAD,UCB_WITHOUT_VAE_UNCERTAINTY,53,Q loss,19,0.02671133726835251
GAS,BAD,UCB_WITHOUT_VAE_UNCERTAINTY,53,Q loss,20,0.03384335711598396
GAS,BAD,UCB_WITHOUT_VAE_UNCERTAINTY,53,Q loss,21,0.02765786275267601
GAS,BAD,UCB_WITHOUT_VAE_UNCERTAINTY,53,Q loss,22,0.024501807987689972
GAS,BAD,UCB_WITHOUT_VAE_UNCERTAINTY,53,Q loss,23,0.03262585029006004
GAS,BAD,UCB_WITHOUT_VAE_UNCERTAINTY,53,Q loss,24,0.02670333720743656
GAS,BAD,UCB_WITHOUT_VAE_UNCERTAINTY,53,Q loss,25,0.02263905666768551
GAS,BAD,UCB_WITHOUT_VAE_UNCERTAINTY,53,Q loss,26,0.018554657697677612
GAS,BAD,UCB_WITHOUT_VAE_UNCERTAINTY,53,Q loss,27,0.03703981637954712
GAS,BAD,UCB_WITHOUT_VAE_UNCERTAINTY,53,Q loss,28,0.03228627145290375
GAS,BAD,UCB_WITHOUT_VAE_UNCERTAINTY,53,Q loss,29,0.03594285622239113
GAS,BAD,UCB_WITHOUT_VAE_UNCERTAINTY,53,Q loss,30,0.031200096011161804
GAS,BAD,UCB_WITHOUT_VAE_UNCERTAINTY,53,Q loss,31,0.029351208359003067
GAS,BAD,UCB_WITHOUT_VAE_UNCERTAINTY,53,Q loss,32,0.02809928171336651
GAS,BAD,UCB_WITHOUT_VAE_UNCERTAINTY,53,Q loss,33,0.02262539602816105
GAS,BAD,UCB_WITHOUT_VAE_UNCERTAINTY,53,Q loss,34,0.027460139244794846
GAS,BAD,UCB_WITHOUT_VAE_UNCERTAINTY,53,Q loss,35,0.07887930423021317
GAS,BAD,UCB_WITHOUT_VAE_UNCERTAINTY,53,Q loss,36,0.029233943670988083
GAS,BAD,UCB_WITHOUT_VAE_UNCERTAINTY,53,Q loss,37,0.028064480051398277
GAS,BAD,UCB_WITHOUT_VAE_UNCERTAINTY,53,Q loss,38,0.026326648890972137
GAS,BAD,UCB_WITHOUT_VAE_UNCERTAINTY,53,Q loss,39,0.02846163511276245
GAS,BAD,UCB_WITHOUT_VAE_UNCERTAINTY,53,Q loss,40,0.025448128581047058
GAS,BAD,UCB_WITHOUT_VAE_UNCERTAINTY,53,Q loss,41,0.03043660894036293
GAS,BAD,UCB_WITHOUT_VAE_UNCERTAINTY,53,Q loss,42,0.02929171919822693
GAS,BAD,UCB_WITHOUT_VAE_UNCERTAINTY,53,Q loss,43,0.02394925430417061
GAS,BAD,UCB_WITHOUT_VAE_UNCERTAINTY,53,Q loss,44,0.02654077671468258
GAS,BAD,UCB_WITHOUT_VAE_UNCERTAINTY,53,Q loss,45,0.034955888986587524
GAS,BAD,UCB_WITHOUT_VAE_UNCERTAINTY,53,Q loss,46,0.032153304666280746
GAS,BAD,UCB_WITHOUT_VAE_UNCERTAINTY,53,Q loss,47,0.032369159162044525
GAS,BAD,UCB_WITHOUT_VAE_UNCERTAINTY,53,Q loss,48,0.02982359752058983
GAS,BAD,UCB_WITHOUT_VAE_UNCERTAINTY,53,Q loss,49,0.03818623721599579
GAS,BAD,UCB_WITHOUT_VAE_UNCERTAINTY,53,Q loss,50,0.03190382570028305
GAS,BAD,UCB_WITHOUT_VAE_UNCERTAINTY,53,Q loss,51,0.02778482250869274
GAS,BAD,UCB_WITHOUT_VAE_UNCERTAINTY,53,Q loss,52,0.03169580549001694
GAS,BAD,UCB_WITHOUT_VAE_UNCERTAINTY,53,Q loss,53,0.05197954550385475
GAS,BAD,UCB_WITHOUT_VAE_UNCERTAINTY,53,Q loss,54,0.023003261536359787
GAS,BAD,UCB_WITHOUT_VAE_UNCERTAINTY,53,Q loss,55,0.01840200647711754
GAS,BAD,UCB_WITHOUT_VAE_UNCERTAINTY,53,Q loss,56,0.029122328385710716
GAS,BAD,UCB_WITHOUT_VAE_UNCERTAINTY,53,Q loss,57,0.02977447211742401
GAS,BAD,UCB_WITHOUT_VAE_UNCERTAINTY,53,Q loss,58,0.02643374726176262
GAS,BAD,UCB_WITHOUT_VAE_UNCERTAINTY,53,Q loss,59,0.0238370131701231
GAS,BAD,UCB_WITHOUT_VAE_UNCERTAINTY,53,Q loss,60,0.01908193528652191
GAS,BAD,UCB_WITHOUT_VAE_UNCERTAINTY,53,Q loss,61,0.02085600234568119
GAS,BAD,UCB_WITHOUT_VAE_UNCERTAINTY,53,Q loss,62,0.015852924436330795
GAS,BAD,UCB_WITHOUT_VAE_UNCERTAINTY,53,Q loss,63,0.03254110366106033
GAS,BAD,UCB_WITHOUT_VAE_UNCERTAINTY,53,Q loss,64,0.03286351263523102
GAS,BAD,UCB_WITHOUT_VAE_UNCERTAINTY,53,Q loss,65,0.030578870326280594
GAS,BAD,UCB_WITHOUT_VAE_UNCERTAINTY,53,Q loss,66,0.026589486747980118
GAS,BAD,UCB_WITHOUT_VAE_UNCERTAINTY,53,Q loss,67,0.031950943171978
GAS,BAD,UCB_WITHOUT_VAE_UNCERTAINTY,53,Q loss,68,0.021002400666475296
GAS,BAD,UCB_WITHOUT_VAE_UNCERTAINTY,53,Q loss,69,0.022710852324962616
GAS,BAD,UCB_WITHOUT_VAE_UNCERTAINTY,53,Q loss,70,0.033775873482227325
GAS,BAD,UCB_WITHOUT_VAE_UNCERTAINTY,53,Q loss,71,0.04850718006491661
GAS,BAD,UCB_WITHOUT_VAE_UNCERTAINTY,53,Q loss,72,0.023786209523677826
GAS,BAD,UCB_WITHOUT_VAE_UNCERTAINTY,53,Q loss,73,0.018362339586019516
GAS,BAD,UCB_WITHOUT_VAE_UNCERTAINTY,53,Q loss,74,0.025039516389369965
GAS,BAD,UCB_WITHOUT_VAE_UNCERTAINTY,53,Q loss,75,0.02325776219367981
GAS,BAD,UCB_WITHOUT_VAE_UNCERTAINTY,53,Q loss,76,0.020853416994214058
GAS,BAD,UCB_WITHOUT_VAE_UNCERTAINTY,53,Q loss,77,0.013335984200239182
GAS,BAD,UCB_WITHOUT_VAE_UNCERTAINTY,53,Q loss,78,0.02099982462823391
GAS,BAD,UCB_WITHOUT_VAE_UNCERTAINTY,53,Q loss,79,0.009856132790446281
GAS,BAD,UCB_WITHOUT_VAE_UNCERTAINTY,53,Q loss,80,0.012946666218340397
GAS,BAD,UCB_WITHOUT_VAE_UNCERTAINTY,53,Q loss,81,0.027298763394355774
GAS,BAD,UCB_WITHOUT_VAE_UNCERTAINTY,53,Q loss,82,0.029026541858911514
GAS,BAD,UCB_WITHOUT_VAE_UNCERTAINTY,53,Q loss,83,0.03331289812922478
GAS,BAD,UCB_WITHOUT_VAE_UNCERTAINTY,53,Q loss,84,0.028486233204603195
GAS,BAD,UCB_WITHOUT_VAE_UNCERTAINTY,53,Q loss,85,0.02348809316754341
GAS,BAD,UCB_WITHOUT_VAE_UNCERTAINTY,53,Q loss,86,0.028926029801368713
GAS,BAD,UCB_WITHOUT_VAE_UNCERTAINTY,53,Q loss,87,0.0214590672403574
GAS,BAD,UCB_WITHOUT_VAE_UNCERTAINTY,53,Q loss,88,0.029072031378746033
GAS,BAD,UCB_WITHOUT_VAE_UNCERTAINTY,53,Q loss,89,0.04621699079871178
GAS,BAD,UCB_WITHOUT_VAE_UNCERTAINTY,53,Q loss,90,0.01725948043167591
GAS,BAD,UCB_WITHOUT_VAE_UNCERTAINTY,53,Q loss,91,0.019661542028188705
GAS,BAD,UCB_WITHOUT_VAE_UNCERTAINTY,53,Q loss,92,0.02225920557975769
GAS,BAD,UCB_WITHOUT_VAE_UNCERTAINTY,53,Q loss,93,0.019514158368110657
GAS,BAD,UCB_WITHOUT_VAE_UNCERTAINTY,53,Q loss,94,0.014540501870214939
GAS,BAD,UCB_WITHOUT_VAE_UNCERTAINTY,53,Q loss,95,0.024570006877183914
GAS,BAD,UCB_WITHOUT_VAE_UNCERTAINTY,53,Q loss,96,0.022937294095754623
GAS,BAD,UCB_WITHOUT_VAE_UNCERTAINTY,53,Q loss,97,0.02046140655875206
GAS,BAD,UCB_WITHOUT_VAE_UNCERTAINTY,53,Q loss,98,0.013263600878417492
GAS,BAD,UCB_WITHOUT_VAE_UNCERTAINTY,53,Q loss,99,0.021531205624341965
GAS,BAD,UCB_WITHOUT_VAE_UNCERTAINTY,53,Q loss,100,0.02497587352991104
GAS,BAD,UCB_WITHOUT_VAE_UNCERTAINTY,53,Q loss,101,0.029094981029629707
GAS,BAD,UCB_WITHOUT_VAE_UNCERTAINTY,53,Q loss,102,0.0237103383988142
GAS,BAD,UCB_WITHOUT_VAE_UNCERTAINTY,53,Q loss,103,0.019290614873170853
GAS,BAD,UCB_WITHOUT_VAE_UNCERTAINTY,53,Q loss,104,0.015540936030447483
GAS,BAD,UCB_WITHOUT_VAE_UNCERTAINTY,53,Q loss,105,0.01823831908404827
GAS,BAD,UCB_WITHOUT_VAE_UNCERTAINTY,53,Q loss,106,0.020075839012861252
GAS,BAD,UCB_WITHOUT_VAE_UNCERTAINTY,53,Q loss,107,0.05674329772591591
GAS,BAD,UCB_WITHOUT_VAE_UNCERTAINTY,53,Q loss,108,0.021924830973148346
GAS,BAD,UCB_WITHOUT_VAE_UNCERTAINTY,53,Q loss,109,0.01425712089985609
GAS,BAD,UCB_WITHOUT_VAE_UNCERTAINTY,53,Q loss,110,0.024302814155817032
GAS,BAD,UCB_WITHOUT_VAE_UNCERTAINTY,53,Q loss,111,0.01765086129307747
GAS,BAD,UCB_WITHOUT_VAE_UNCERTAINTY,53,Q loss,112,0.012842264026403427
GAS,BAD,UCB_WITHOUT_VAE_UNCERTAINTY,53,Q loss,113,0.010308919474482536
GAS,BAD,UCB_WITHOUT_VAE_UNCERTAINTY,53,Q loss,114,0.008856793865561485
GAS,BAD,UCB_WITHOUT_VAE_UNCERTAINTY,53,Q loss,115,0.009821148589253426
GAS,BAD,UCB_WITHOUT_VAE_UNCERTAINTY,53,Q loss,116,0.008842509239912033
GAS,BAD,UCB_WITHOUT_VAE_UNCERTAINTY,53,Q loss,117,0.022467441856861115
GAS,BAD,UCB_WITHOUT_VAE_UNCERTAINTY,53,Q loss,118,0.021202661097049713
GAS,BAD,UCB_WITHOUT_VAE_UNCERTAINTY,53,Q loss,119,0.019839270040392876
GAS,BAD,UCB_WITHOUT_VAE_UNCERTAINTY,53,Q loss,120,0.014825424179434776
GAS,BAD,UCB_WITHOUT_VAE_UNCERTAINTY,53,Q loss,121,0.017004579305648804
GAS,BAD,UCB_WITHOUT_VAE_UNCERTAINTY,53,Q loss,122,0.014316543936729431
GAS,BAD,UCB_WITHOUT_VAE_UNCERTAINTY,53,Q loss,123,0.013746663928031921
GAS,BAD,UCB_WITHOUT_VAE_UNCERTAINTY,53,Q loss,124,0.016330484300851822
GAS,BAD,UCB_WITHOUT_VAE_UNCERTAINTY,53,Q loss,125,0.026047900319099426
GAS,BAD,UCB_WITHOUT_VAE_UNCERTAINTY,53,Q loss,126,0.012139755301177502
GAS,BAD,UCB_WITHOUT_VAE_UNCERTAINTY,53,Q loss,127,0.01425422914326191
GAS,BAD,UCB_WITHOUT_VAE_UNCERTAINTY,53,Q loss,128,0.013201440684497356
GAS,BAD,UCB_WITHOUT_VAE_UNCERTAINTY,53,Q loss,129,0.017634592950344086
GAS,BAD,UCB_WITHOUT_VAE_UNCERTAINTY,53,Q loss,130,0.008445197716355324
GAS,BAD,UCB_WITHOUT_VAE_UNCERTAINTY,53,Q loss,131,0.009413443505764008
GAS,BAD,UCB_WITHOUT_VAE_UNCERTAINTY,53,Q loss,132,0.010373013094067574
GAS,BAD,UCB_WITHOUT_VAE_UNCERTAINTY,53,Q loss,133,0.009198853746056557
GAS,BAD,UCB_WITHOUT_VAE_UNCERTAINTY,53,Q loss,134,0.007632691878825426
GAS,BAD,UCB_WITHOUT_VAE_UNCERTAINTY,53,Q loss,135,0.014531060121953487
GAS,BAD,UCB_WITHOUT_VAE_UNCERTAINTY,53,Q loss,136,0.012569531798362732
GAS,BAD,UCB_WITHOUT_VAE_UNCERTAINTY,53,Q loss,137,0.015818605199456215
GAS,BAD,UCB_WITHOUT_VAE_UNCERTAINTY,53,Q loss,138,0.012031552381813526
GAS,BAD,UCB_WITHOUT_VAE_UNCERTAINTY,53,Q loss,139,0.014105508103966713
GAS,BAD,UCB_WITHOUT_VAE_UNCERTAINTY,53,Q loss,140,0.011194640770554543
GAS,BAD,UCB_WITHOUT_VAE_UNCERTAINTY,53,Q loss,141,0.013262661173939705
GAS,BAD,UCB_WITHOUT_VAE_UNCERTAINTY,53,Q loss,142,0.014018353074789047
GAS,BAD,UCB_WITHOUT_VAE_UNCERTAINTY,53,Q loss,143,0.037662073969841
GAS,BAD,UCB_WITHOUT_VAE_UNCERTAINTY,53,Q loss,144,0.010251260362565517
GAS,BAD,UCB_WITHOUT_VAE_UNCERTAINTY,53,Q loss,145,0.008281249552965164
GAS,BAD,UCB_WITHOUT_VAE_UNCERTAINTY,53,Q loss,146,0.009964289143681526
GAS,BAD,UCB_WITHOUT_VAE_UNCERTAINTY,53,Q loss,147,0.01883561909198761
GAS,BAD,UCB_WITHOUT_VAE_UNCERTAINTY,53,Q loss,148,0.008111129514873028
GAS,BAD,UCB_WITHOUT_VAE_UNCERTAINTY,53,Q loss,149,0.004883360117673874
GAS,BAD,UCB_WITHOUT_VAE_UNCERTAINTY,53,Q loss,150,0.009436527267098427
GAS,BAD,UCB_WITHOUT_VAE_UNCERTAINTY,53,Q loss,151,0.00999114103615284
GAS,BAD,UCB_WITHOUT_VAE_UNCERTAINTY,53,Q loss,152,0.007622146513313055
GAS,BAD,UCB_WITHOUT_VAE_UNCERTAINTY,53,Q loss,153,0.014308197423815727
GAS,BAD,UCB_WITHOUT_VAE_UNCERTAINTY,53,Q loss,154,0.010599931702017784
GAS,BAD,UCB_WITHOUT_VAE_UNCERTAINTY,53,Q loss,155,0.01013046596199274
GAS,BAD,UCB_WITHOUT_VAE_UNCERTAINTY,53,Q loss,156,0.009363677352666855
GAS,BAD,UCB_WITHOUT_VAE_UNCERTAINTY,53,Q loss,157,0.008953814394772053
GAS,BAD,UCB_WITHOUT_VAE_UNCERTAINTY,53,Q loss,158,0.006612792611122131
GAS,BAD,UCB_WITHOUT_VAE_UNCERTAINTY,53,Q loss,159,0.007646265439689159
GAS,BAD,UCB_WITHOUT_VAE_UNCERTAINTY,53,Q loss,160,0.013230133801698685
GAS,BAD,UCB_WITHOUT_VAE_UNCERTAINTY,53,Q loss,161,0.032016169279813766
GAS,BAD,UCB_WITHOUT_VAE_UNCERTAINTY,53,Q loss,162,0.005444033537060022
GAS,BAD,UCB_WITHOUT_VAE_UNCERTAINTY,53,Q loss,163,0.007008778862655163
GAS,BAD,UCB_WITHOUT_VAE_UNCERTAINTY,53,Q loss,164,0.009379686787724495
GAS,BAD,UCB_WITHOUT_VAE_UNCERTAINTY,53,Q loss,165,0.015199299901723862
GAS,BAD,UCB_WITHOUT_VAE_UNCERTAINTY,53,Q loss,166,0.00815285462886095
GAS,BAD,UCB_WITHOUT_VAE_UNCERTAINTY,53,Q loss,167,0.006640562787652016
GAS,BAD,UCB_WITHOUT_VAE_UNCERTAINTY,53,Q loss,168,0.007154358085244894
GAS,BAD,UCB_WITHOUT_VAE_UNCERTAINTY,53,Q loss,169,0.0042398227378726006
GAS,BAD,UCB_WITHOUT_VAE_UNCERTAINTY,53,Q loss,170,0.005010511726140976
GAS,BAD,UCB_WITHOUT_VAE_UNCERTAINTY,53,Q loss,171,0.013124865479767323
GAS,BAD,UCB_WITHOUT_VAE_UNCERTAINTY,53,Q loss,172,0.012896968051791191
GAS,BAD,UCB_WITHOUT_VAE_UNCERTAINTY,53,Q loss,173,0.008286342956125736
GAS,BAD,UCB_WITHOUT_VAE_UNCERTAINTY,53,Q loss,174,0.007252833805978298
GAS,BAD,UCB_WITHOUT_VAE_UNCERTAINTY,53,Q loss,175,0.012122704647481441
GAS,BAD,UCB_WITHOUT_VAE_UNCERTAINTY,53,Q loss,176,0.006299640983343124
GAS,BAD,UCB_WITHOUT_VAE_UNCERTAINTY,53,Q loss,177,0.011068778112530708
GAS,BAD,UCB_WITHOUT_VAE_UNCERTAINTY,53,Q loss,178,0.013509593904018402
GAS,BAD,UCB_WITHOUT_VAE_UNCERTAINTY,53,Q loss,179,0.009173491038382053
GAS,BAD,UCB_WITHOUT_VAE_UNCERTAINTY,53,Q loss,180,0.011075830087065697
GAS,BAD,UCB_WITHOUT_VAE_UNCERTAINTY,53,Q loss,181,0.0035405284725129604
GAS,BAD,UCB_WITHOUT_VAE_UNCERTAINTY,53,Q loss,182,0.008583152666687965
GAS,BAD,UCB_WITHOUT_VAE_UNCERTAINTY,53,Q loss,183,0.005490412469953299
GAS,BAD,UCB_WITHOUT_VAE_UNCERTAINTY,53,Q loss,184,0.007854895666241646
GAS,BAD,UCB_WITHOUT_VAE_UNCERTAINTY,53,Q loss,185,0.0062712496146559715
GAS,BAD,UCB_WITHOUT_VAE_UNCERTAINTY,53,Q loss,186,0.003253102069720626
GAS,BAD,UCB_WITHOUT_VAE_UNCERTAINTY,53,Q loss,187,0.010830880142748356
GAS,BAD,UCB_WITHOUT_VAE_UNCERTAINTY,53,Q loss,188,0.004624569788575172
GAS,BAD,UCB_WITHOUT_VAE_UNCERTAINTY,53,Q loss,189,0.009022820740938187
GAS,BAD,UCB_WITHOUT_VAE_UNCERTAINTY,53,Q loss,190,0.007987288758158684
GAS,BAD,UCB_WITHOUT_VAE_UNCERTAINTY,53,Q loss,191,0.01038079708814621
GAS,BAD,UCB_WITHOUT_VAE_UNCERTAINTY,53,Q loss,192,0.007434694562107325
GAS,BAD,UCB_WITHOUT_VAE_UNCERTAINTY,53,Q loss,193,0.011404287070035934
GAS,BAD,UCB_WITHOUT_VAE_UNCERTAINTY,53,Q loss,194,0.004947290755808353
GAS,BAD,UCB_WITHOUT_VAE_UNCERTAINTY,53,Q loss,195,0.005926710087805986
GAS,BAD,UCB_WITHOUT_VAE_UNCERTAINTY,53,Q loss,196,0.006628378294408321
GAS,BAD,UCB_WITHOUT_VAE_UNCERTAINTY,53,Q loss,197,0.015497051179409027
GAS,BAD,UCB_WITHOUT_VAE_UNCERTAINTY,53,Q loss,198,0.006098432000726461
GAS,BAD,UCB_WITHOUT_VAE_UNCERTAINTY,53,Q loss,199,0.005091335624456406
GAS,BAD,UCB_WITHOUT_VAE_UNCERTAINTY,53,Q loss,200,0.006825505290180445
GAS,BAD,UCB_WITHOUT_VAE_UNCERTAINTY,53,Q loss,201,0.00397121999412775
GAS,BAD,UCB_WITHOUT_VAE_UNCERTAINTY,53,Q loss,202,0.00314155500382185
GAS,BAD,UCB_WITHOUT_VAE_UNCERTAINTY,53,Q loss,203,0.002382668200880289
GAS,BAD,UCB_WITHOUT_VAE_UNCERTAINTY,53,Q loss,204,0.008407640270888805
GAS,BAD,UCB_WITHOUT_VAE_UNCERTAINTY,53,Q loss,205,0.007119529414921999
GAS,BAD,UCB_WITHOUT_VAE_UNCERTAINTY,53,Q loss,206,0.004575530998408794
GAS,BAD,UCB_WITHOUT_VAE_UNCERTAINTY,53,Q loss,207,0.005058029666543007
GAS,BAD,UCB_WITHOUT_VAE_UNCERTAINTY,53,Q loss,208,0.006640794686973095
GAS,BAD,UCB_WITHOUT_VAE_UNCERTAINTY,53,Q loss,209,0.0062313019298017025
GAS,BAD,UCB_WITHOUT_VAE_UNCERTAINTY,53,Q loss,210,0.006502993404865265
GAS,BAD,UCB_WITHOUT_VAE_UNCERTAINTY,53,Q loss,211,0.012435654178261757
GAS,BAD,UCB_WITHOUT_VAE_UNCERTAINTY,53,Q loss,212,0.00517914816737175
GAS,BAD,UCB_WITHOUT_VAE_UNCERTAINTY,53,Q loss,213,0.0051201763562858105
GAS,BAD,UCB_WITHOUT_VAE_UNCERTAINTY,53,Q loss,214,0.004821242764592171
GAS,BAD,UCB_WITHOUT_VAE_UNCERTAINTY,53,Q loss,215,0.03177871182560921
GAS,BAD,UCB_WITHOUT_VAE_UNCERTAINTY,53,Q loss,216,0.0051752543076872826
GAS,BAD,UCB_WITHOUT_VAE_UNCERTAINTY,53,Q loss,217,0.004963764920830727
GAS,BAD,UCB_WITHOUT_VAE_UNCERTAINTY,53,Q loss,218,0.006930003874003887
GAS,BAD,UCB_WITHOUT_VAE_UNCERTAINTY,53,Q loss,219,0.00351104699075222
GAS,BAD,UCB_WITHOUT_VAE_UNCERTAINTY,53,Q loss,220,0.005454316735267639
GAS,BAD,UCB_WITHOUT_VAE_UNCERTAINTY,53,Q loss,221,0.005520886741578579
GAS,BAD,UCB_WITHOUT_VAE_UNCERTAINTY,53,Q loss,222,0.0030405865982174873
GAS,BAD,UCB_WITHOUT_VAE_UNCERTAINTY,53,Q loss,223,0.006092770025134087
GAS,BAD,UCB_WITHOUT_VAE_UNCERTAINTY,53,Q loss,224,0.004368704278022051
GAS,BAD,UCB_WITHOUT_VAE_UNCERTAINTY,53,Q loss,225,0.008755171671509743
GAS,BAD,UCB_WITHOUT_VAE_UNCERTAINTY,53,Q loss,226,0.0033945224713534117
GAS,BAD,UCB_WITHOUT_VAE_UNCERTAINTY,53,Q loss,227,0.005379846319556236
GAS,BAD,UCB_WITHOUT_VAE_UNCERTAINTY,53,Q loss,228,0.005569721572101116
GAS,BAD,UCB_WITHOUT_VAE_UNCERTAINTY,53,Q loss,229,0.007236539386212826
GAS,BAD,UCB_WITHOUT_VAE_UNCERTAINTY,53,Q loss,230,0.001437184400856495
GAS,BAD,UCB_WITHOUT_VAE_UNCERTAINTY,53,Q loss,231,0.0037278945092111826
GAS,BAD,UCB_WITHOUT_VAE_UNCERTAINTY,53,Q loss,232,0.007513172924518585
GAS,BAD,UCB_WITHOUT_VAE_UNCERTAINTY,53,Q loss,233,0.010947087779641151
GAS,BAD,UCB_WITHOUT_VAE_UNCERTAINTY,53,Q loss,234,0.005904258228838444
GAS,BAD,UCB_WITHOUT_VAE_UNCERTAINTY,53,Q loss,235,0.0017661392921581864
GAS,BAD,UCB_WITHOUT_VAE_UNCERTAINTY,53,Q loss,236,0.005915132351219654
GAS,BAD,UCB_WITHOUT_VAE_UNCERTAINTY,53,Q loss,237,0.002089936286211014
GAS,BAD,UCB_WITHOUT_VAE_UNCERTAINTY,53,Q loss,238,0.0022380193695425987
GAS,BAD,UCB_WITHOUT_VAE_UNCERTAINTY,53,Q loss,239,0.0018499315483495593
GAS,BAD,UCB_WITHOUT_VAE_UNCERTAINTY,53,Q loss,240,0.0029088640585541725
GAS,BAD,UCB_WITHOUT_VAE_UNCERTAINTY,53,Q loss,241,0.0030369688756763935
GAS,BAD,UCB_WITHOUT_VAE_UNCERTAINTY,53,Q loss,242,0.0023351055569946766
GAS,BAD,UCB_WITHOUT_VAE_UNCERTAINTY,53,Q loss,243,0.00286582438275218
GAS,BAD,UCB_WITHOUT_VAE_UNCERTAINTY,53,Q loss,244,0.004175285808742046
GAS,BAD,UCB_WITHOUT_VAE_UNCERTAINTY,53,Q loss,245,0.004874407779425383
GAS,BAD,UCB_WITHOUT_VAE_UNCERTAINTY,53,Q loss,246,0.0028286094311624765
GAS,BAD,UCB_WITHOUT_VAE_UNCERTAINTY,53,Q loss,247,0.005496795754879713
GAS,BAD,UCB_WITHOUT_VAE_UNCERTAINTY,53,Q loss,248,0.003861815668642521
GAS,BAD,UCB_WITHOUT_VAE_UNCERTAINTY,53,Q loss,249,0.003678778652101755
GAS,BAD,UCB_WITHOUT_VAE_UNCERTAINTY,53,Q loss,250,0.003422974608838558
GAS,BAD,UCB_WITHOUT_VAE_UNCERTAINTY,53,Q loss,251,0.009448216296732426
GAS,BAD,UCB_WITHOUT_VAE_UNCERTAINTY,53,Q loss,252,0.007082546595484018
GAS,BAD,UCB_WITHOUT_VAE_UNCERTAINTY,53,Q loss,253,0.0016921090427786112
GAS,BAD,UCB_WITHOUT_VAE_UNCERTAINTY,53,Q loss,254,0.0015403515426442027
GAS,BAD,UCB_WITHOUT_VAE_UNCERTAINTY,53,Q loss,255,0.002690498484298587
GAS,BAD,UCB_WITHOUT_VAE_UNCERTAINTY,53,Q loss,256,0.0033436561934649944
GAS,BAD,UCB_WITHOUT_VAE_UNCERTAINTY,53,Q loss,257,0.0012651991564780474
GAS,BAD,UCB_WITHOUT_VAE_UNCERTAINTY,53,Q loss,258,0.002762432675808668
GAS,BAD,UCB_WITHOUT_VAE_UNCERTAINTY,53,Q loss,259,0.0017091635381802917
GAS,BAD,UCB_WITHOUT_VAE_UNCERTAINTY,53,Q loss,260,0.0012298100627958775
GAS,BAD,UCB_WITHOUT_VAE_UNCERTAINTY,53,Q loss,261,0.009551586583256721
GAS,BAD,UCB_WITHOUT_VAE_UNCERTAINTY,53,Q loss,262,0.004351801238954067
GAS,BAD,UCB_WITHOUT_VAE_UNCERTAINTY,53,Q loss,263,0.004016004968434572
GAS,BAD,UCB_WITHOUT_VAE_UNCERTAINTY,53,Q loss,264,0.0033584421034902334
GAS,BAD,UCB_WITHOUT_VAE_UNCERTAINTY,53,Q loss,265,0.0007399175083264709
GAS,BAD,UCB_WITHOUT_VAE_UNCERTAINTY,53,Q loss,266,0.003085894975811243
GAS,BAD,UCB_WITHOUT_VAE_UNCERTAINTY,53,Q loss,267,0.003641506889835
GAS,BAD,UCB_WITHOUT_VAE_UNCERTAINTY,53,Q loss,268,0.0007890908746048808
GAS,BAD,UCB_WITHOUT_VAE_UNCERTAINTY,53,Q loss,269,0.007079727947711945
GAS,BAD,UCB_WITHOUT_VAE_UNCERTAINTY,53,Q loss,270,0.005677999462932348
GAS,BAD,UCB_WITHOUT_VAE_UNCERTAINTY,53,Q loss,271,0.0029173321090638638
GAS,BAD,UCB_WITHOUT_VAE_UNCERTAINTY,53,Q loss,272,0.0023206707555800676
GAS,BAD,UCB_WITHOUT_VAE_UNCERTAINTY,53,Q loss,273,0.00519191799685359
GAS,BAD,UCB_WITHOUT_VAE_UNCERTAINTY,53,Q loss,274,0.004178717266768217
GAS,BAD,UCB_WITHOUT_VAE_UNCERTAINTY,53,Q loss,275,0.0014794720336794853
GAS,BAD,UCB_WITHOUT_VAE_UNCERTAINTY,53,Q loss,276,0.005636008456349373
GAS,BAD,UCB_WITHOUT_VAE_UNCERTAINTY,53,Q loss,277,0.0036522820591926575
GAS,BAD,UCB_WITHOUT_VAE_UNCERTAINTY,53,Q loss,278,0.0019646629225462675
GAS,BAD,UCB_WITHOUT_VAE_UNCERTAINTY,53,Q loss,279,0.0032334174029529095
GAS,BAD,UCB_WITHOUT_VAE_UNCERTAINTY,53,Q loss,280,0.00644743163138628
GAS,BAD,UCB_WITHOUT_VAE_UNCERTAINTY,53,Q loss,281,0.0015535177662968636
GAS,BAD,UCB_WITHOUT_VAE_UNCERTAINTY,53,Q loss,282,0.0041367895901203156
GAS,BAD,UCB_WITHOUT_VAE_UNCERTAINTY,53,Q loss,283,0.0028281835839152336
GAS,BAD,UCB_WITHOUT_VAE_UNCERTAINTY,53,Q loss,284,0.002840092871338129
GAS,BAD,UCB_WITHOUT_VAE_UNCERTAINTY,53,Q loss,285,0.002976443851366639
GAS,BAD,UCB_WITHOUT_VAE_UNCERTAINTY,53,Q loss,286,0.007260373793542385
GAS,BAD,UCB_WITHOUT_VAE_UNCERTAINTY,53,Q loss,287,0.007187775336205959
GAS,BAD,UCB_WITHOUT_VAE_UNCERTAINTY,53,Q loss,288,0.005238068290054798
GAS,BAD,UCB_WITHOUT_VAE_UNCERTAINTY,53,Q loss,289,0.0031948399264365435
GAS,BAD,UCB_WITHOUT_VAE_UNCERTAINTY,53,Q loss,290,0.002816864289343357
GAS,BAD,UCB_WITHOUT_VAE_UNCERTAINTY,53,Q loss,291,0.007107521872967482
GAS,BAD,UCB_WITHOUT_VAE_UNCERTAINTY,53,Q loss,292,0.002263088943436742
GAS,BAD,UCB_WITHOUT_VAE_UNCERTAINTY,53,Q loss,293,0.0024056469555944204
GAS,BAD,UCB_WITHOUT_VAE_UNCERTAINTY,53,Q loss,294,0.0068129487335681915
GAS,BAD,UCB_WITHOUT_VAE_UNCERTAINTY,53,Q loss,295,0.0023614494130015373
GAS,BAD,UCB_WITHOUT_VAE_UNCERTAINTY,53,Q loss,296,0.003862863639369607
GAS,BAD,UCB_WITHOUT_VAE_UNCERTAINTY,53,Q loss,297,0.005939962342381477
GAS,BAD,UCB_WITHOUT_VAE_UNCERTAINTY,53,Q loss,298,0.004938056692481041
GAS,BAD,UCB_WITHOUT_VAE_UNCERTAINTY,53,Q loss,299,0.002648530527949333
GAS,BAD,UCB_WITHOUT_VAE_UNCERTAINTY,53,Q loss,300,0.0035105212591588497
GAS,BAD,UCB_WITHOUT_VAE_UNCERTAINTY,53,Q loss,301,0.005742935463786125
GAS,BAD,UCB_WITHOUT_VAE_UNCERTAINTY,53,Q loss,302,0.003253665752708912
GAS,BAD,UCB_WITHOUT_VAE_UNCERTAINTY,53,Q loss,303,0.0030140732415020466
GAS,BAD,UCB_WITHOUT_VAE_UNCERTAINTY,53,Q loss,304,0.0034952128771692514
GAS,BAD,UCB_WITHOUT_VAE_UNCERTAINTY,53,Q loss,305,0.005360510665923357
GAS,BAD,UCB_WITHOUT_VAE_UNCERTAINTY,53,Q loss,306,0.002896171761676669
GAS,BAD,UCB_WITHOUT_VAE_UNCERTAINTY,53,Q loss,307,0.002513164421543479
GAS,BAD,UCB_WITHOUT_VAE_UNCERTAINTY,53,Q loss,308,0.0017886764835566282
GAS,BAD,UCB_WITHOUT_VAE_UNCERTAINTY,53,Q loss,309,0.005807553883641958
GAS,BAD,UCB_WITHOUT_VAE_UNCERTAINTY,53,Q loss,310,0.0053497059270739555
GAS,BAD,UCB_WITHOUT_VAE_UNCERTAINTY,53,Q loss,311,0.0020804046653211117
GAS,BAD,UCB_WITHOUT_VAE_UNCERTAINTY,53,Q loss,312,0.004795887973159552
GAS,BAD,UCB_WITHOUT_VAE_UNCERTAINTY,53,Q loss,313,0.005978972651064396
GAS,BAD,UCB_WITHOUT_VAE_UNCERTAINTY,53,Q loss,314,0.003097726497799158
GAS,BAD,UCB_WITHOUT_VAE_UNCERTAINTY,53,Q loss,315,0.0059632230550050735
GAS,BAD,UCB_WITHOUT_VAE_UNCERTAINTY,53,Q loss,316,0.0025071711279451847
GAS,BAD,UCB_WITHOUT_VAE_UNCERTAINTY,53,Q loss,317,0.0031964676454663277
GAS,BAD,UCB_WITHOUT_VAE_UNCERTAINTY,53,Q loss,318,0.0022858420852571726
GAS,BAD,UCB_WITHOUT_VAE_UNCERTAINTY,53,Q loss,319,0.002211078070104122
GAS,BAD,UCB_WITHOUT_VAE_UNCERTAINTY,53,Q loss,320,0.0016299765557050705
GAS,BAD,UCB_WITHOUT_VAE_UNCERTAINTY,53,Q loss,321,0.0018754365155473351
GAS,BAD,UCB_WITHOUT_VAE_UNCERTAINTY,53,Q loss,322,0.0031695235520601273
GAS,BAD,UCB_WITHOUT_VAE_UNCERTAINTY,53,Q loss,323,0.015878936275839806
GAS,BAD,UCB_WITHOUT_VAE_UNCERTAINTY,53,Q loss,324,0.003066541161388159
GAS,BAD,UCB_WITHOUT_VAE_UNCERTAINTY,53,Q loss,325,0.0025404607877135277
GAS,BAD,UCB_WITHOUT_VAE_UNCERTAINTY,53,Q loss,326,0.0029878243803977966
GAS,BAD,UCB_WITHOUT_VAE_UNCERTAINTY,53,Q loss,327,0.003771785879507661
GAS,BAD,UCB_WITHOUT_VAE_UNCERTAINTY,53,Q loss,328,0.0026362542994320393
GAS,BAD,UCB_WITHOUT_VAE_UNCERTAINTY,53,Q loss,329,0.001169580384157598
GAS,BAD,UCB_WITHOUT_VAE_UNCERTAINTY,53,Q loss,330,0.0023645744659006596
GAS,BAD,UCB_WITHOUT_VAE_UNCERTAINTY,53,Q loss,331,0.0022061949130147696
GAS,BAD,UCB_WITHOUT_VAE_UNCERTAINTY,53,Q loss,332,0.0011370786232873797
GAS,BAD,UCB_WITHOUT_VAE_UNCERTAINTY,53,Q loss,333,0.0016364097828045487
GAS,BAD,UCB_WITHOUT_VAE_UNCERTAINTY,53,Q loss,334,0.004935636650770903
GAS,BAD,UCB_WITHOUT_VAE_UNCERTAINTY,53,Q loss,335,0.0015720566734671593
GAS,BAD,UCB_WITHOUT_VAE_UNCERTAINTY,53,Q loss,336,0.002402340294793248
GAS,BAD,UCB_WITHOUT_VAE_UNCERTAINTY,53,Q loss,337,0.0004600576066877693
GAS,BAD,UCB_WITHOUT_VAE_UNCERTAINTY,53,Q loss,338,0.001449677860364318
GAS,BAD,UCB_WITHOUT_VAE_UNCERTAINTY,53,Q loss,339,0.0019176958594471216
GAS,BAD,UCB_WITHOUT_VAE_UNCERTAINTY,53,Q loss,340,0.0034385784529149532
GAS,BAD,UCB_WITHOUT_VAE_UNCERTAINTY,53,Q loss,341,0.010686826892197132
GAS,BAD,UCB_WITHOUT_VAE_UNCERTAINTY,53,Q loss,342,0.0031529744155704975
GAS,BAD,UCB_WITHOUT_VAE_UNCERTAINTY,53,Q loss,343,0.0032145390287041664
GAS,BAD,UCB_WITHOUT_VAE_UNCERTAINTY,53,Q loss,344,0.0016521987272426486
GAS,BAD,UCB_WITHOUT_VAE_UNCERTAINTY,53,Q loss,345,0.0029136687517166138
GAS,BAD,UCB_WITHOUT_VAE_UNCERTAINTY,53,Q loss,346,0.0035385754890739918
GAS,BAD,UCB_WITHOUT_VAE_UNCERTAINTY,53,Q loss,347,0.0039479900151491165
GAS,BAD,UCB_WITHOUT_VAE_UNCERTAINTY,53,Q loss,348,0.006175749469548464
GAS,BAD,UCB_WITHOUT_VAE_UNCERTAINTY,53,Q loss,349,0.0066608525812625885
GAS,BAD,UCB_WITHOUT_VAE_UNCERTAINTY,53,Q loss,350,0.004672172944992781
GAS,BAD,UCB_WITHOUT_VAE_UNCERTAINTY,53,Q loss,351,0.011092068627476692
GAS,BAD,UCB_WITHOUT_VAE_UNCERTAINTY,53,Q loss,352,0.003955857828259468
GAS,BAD,UCB_WITHOUT_VAE_UNCERTAINTY,53,Q loss,353,0.006865223869681358
GAS,BAD,UCB_WITHOUT_VAE_UNCERTAINTY,53,Q loss,354,0.005785952787846327
GAS,BAD,UCB_WITHOUT_VAE_UNCERTAINTY,53,Q loss,355,0.0009747646981850266
GAS,BAD,UCB_WITHOUT_VAE_UNCERTAINTY,53,Q loss,356,0.0018573931884020567
GAS,BAD,UCB_WITHOUT_VAE_UNCERTAINTY,53,Q loss,357,0.004379854537546635
GAS,BAD,UCB_WITHOUT_VAE_UNCERTAINTY,53,Q loss,358,0.005911750718951225
GAS,BAD,UCB_WITHOUT_VAE_UNCERTAINTY,53,Q loss,359,0.016808098182082176
GAS,BAD,UCB_WITHOUT_VAE_UNCERTAINTY,53,Q loss,360,0.00318738492205739
GAS,BAD,UCB_WITHOUT_VAE_UNCERTAINTY,53,Q loss,361,0.00227695656940341
GAS,BAD,UCB_WITHOUT_VAE_UNCERTAINTY,53,Q loss,362,0.002586779650300741
GAS,BAD,UCB_WITHOUT_VAE_UNCERTAINTY,53,Q loss,363,0.002476284746080637
GAS,BAD,UCB_WITHOUT_VAE_UNCERTAINTY,53,Q loss,364,0.005371273960918188
GAS,BAD,UCB_WITHOUT_VAE_UNCERTAINTY,53,Q loss,365,0.0011801839573308825
GAS,BAD,UCB_WITHOUT_VAE_UNCERTAINTY,53,Q loss,366,0.001768659334629774
GAS,BAD,UCB_WITHOUT_VAE_UNCERTAINTY,53,Q loss,367,0.006009107455611229
GAS,BAD,UCB_WITHOUT_VAE_UNCERTAINTY,53,Q loss,368,0.0019161285599693656
GAS,BAD,UCB_WITHOUT_VAE_UNCERTAINTY,53,Q loss,369,0.007091199979186058
GAS,BAD,UCB_WITHOUT_VAE_UNCERTAINTY,53,Q loss,370,0.0038695756811648607
GAS,BAD,UCB_WITHOUT_VAE_UNCERTAINTY,53,Q loss,371,0.00329171447083354
GAS,BAD,UCB_WITHOUT_VAE_UNCERTAINTY,53,Q loss,372,0.0024475499521940947
GAS,BAD,UCB_WITHOUT_VAE_UNCERTAINTY,53,Q loss,373,0.00035746279172599316
GAS,BAD,UCB_WITHOUT_VAE_UNCERTAINTY,53,Q loss,374,0.0016930073034018278
GAS,BAD,UCB_WITHOUT_VAE_UNCERTAINTY,53,Q loss,375,0.002808170858770609
GAS,BAD,UCB_WITHOUT_VAE_UNCERTAINTY,53,Q loss,376,0.000760053051635623
GAS,BAD,UCB_WITHOUT_VAE_UNCERTAINTY,53,Q loss,377,0.012655498459935188
GAS,BAD,UCB_WITHOUT_VAE_UNCERTAINTY,53,Q loss,378,0.003150043310597539
GAS,BAD,UCB_WITHOUT_VAE_UNCERTAINTY,53,Q loss,379,0.005502332001924515
GAS,BAD,UCB_WITHOUT_VAE_UNCERTAINTY,53,Q loss,380,0.003952954895794392
GAS,BAD,UCB_WITHOUT_VAE_UNCERTAINTY,53,Q loss,381,0.00408881576731801
GAS,BAD,UCB_WITHOUT_VAE_UNCERTAINTY,53,Q loss,382,0.00321965292096138
GAS,BAD,UCB_WITHOUT_VAE_UNCERTAINTY,53,Q loss,383,0.002184526063501835
GAS,BAD,UCB_WITHOUT_VAE_UNCERTAINTY,53,Q loss,384,0.004713341593742371
GAS,BAD,UCB_WITHOUT_VAE_UNCERTAINTY,53,Q loss,385,0.00426868349313736
GAS,BAD,UCB_WITHOUT_VAE_UNCERTAINTY,53,Q loss,386,0.002641525585204363
GAS,BAD,UCB_WITHOUT_VAE_UNCERTAINTY,53,Q loss,387,0.002213200554251671
GAS,BAD,UCB_WITHOUT_VAE_UNCERTAINTY,53,Q loss,388,0.004734568763524294
GAS,BAD,UCB_WITHOUT_VAE_UNCERTAINTY,53,Q loss,389,0.0035072918981313705
GAS,BAD,UCB_WITHOUT_VAE_UNCERTAINTY,53,Q loss,390,0.005575038492679596
GAS,BAD,UCB_WITHOUT_VAE_UNCERTAINTY,53,Q loss,391,0.0030506355687975883
GAS,BAD,UCB_WITHOUT_VAE_UNCERTAINTY,53,Q loss,392,0.0007984499679878354
GAS,BAD,UCB_WITHOUT_VAE_UNCERTAINTY,53,Q loss,393,0.0033246942330151796
GAS,BAD,UCB_WITHOUT_VAE_UNCERTAINTY,53,Q loss,394,0.00386261660605669
GAS,BAD,UCB_WITHOUT_VAE_UNCERTAINTY,53,Q loss,395,0.018056094646453857
GAS,BAD,UCB_WITHOUT_VAE_UNCERTAINTY,53,Q loss,396,0.0032158347312361
GAS,BAD,UCB_WITHOUT_VAE_UNCERTAINTY,53,Q loss,397,0.0034575038589537144
GAS,BAD,UCB_WITHOUT_VAE_UNCERTAINTY,53,Q loss,398,0.0020974711515009403
GAS,BAD,UCB_WITHOUT_VAE_UNCERTAINTY,53,Q loss,399,0.004928228445351124
GAS,BAD,UCB_WITHOUT_VAE_UNCERTAINTY,53,Q loss,400,0.0011568415211513638
GAS,BAD,UCB_WITHOUT_VAE_UNCERTAINTY,53,Q loss,401,0.002112490125000477
GAS,BAD,UCB_WITHOUT_VAE_UNCERTAINTY,53,Q loss,402,0.0026245315093547106
GAS,BAD,UCB_WITHOUT_VAE_UNCERTAINTY,53,Q loss,403,0.0040799519047141075
GAS,BAD,UCB_WITHOUT_VAE_UNCERTAINTY,53,Q loss,404,0.0033417039085179567
GAS,BAD,UCB_WITHOUT_VAE_UNCERTAINTY,53,Q loss,405,0.0085151894018054
GAS,BAD,UCB_WITHOUT_VAE_UNCERTAINTY,53,Q loss,406,0.003938285633921623
GAS,BAD,UCB_WITHOUT_VAE_UNCERTAINTY,53,Q loss,407,0.004436081275343895
GAS,BAD,UCB_WITHOUT_VAE_UNCERTAINTY,53,Q loss,408,0.002692739712074399
GAS,BAD,UCB_WITHOUT_VAE_UNCERTAINTY,53,Q loss,409,0.0012569192331284285
GAS,BAD,UCB_WITHOUT_VAE_UNCERTAINTY,53,Q loss,410,0.001970716519281268
GAS,BAD,UCB_WITHOUT_VAE_UNCERTAINTY,53,Q loss,411,0.0030256917234510183
GAS,BAD,UCB_WITHOUT_VAE_UNCERTAINTY,53,Q loss,412,0.00565686821937561
GAS,BAD,UCB_WITHOUT_VAE_UNCERTAINTY,53,Q loss,413,0.013351000845432281
GAS,BAD,UCB_WITHOUT_VAE_UNCERTAINTY,53,Q loss,414,0.003291213419288397
GAS,BAD,UCB_WITHOUT_VAE_UNCERTAINTY,53,Q loss,415,0.0012368331663310528
GAS,BAD,UCB_WITHOUT_VAE_UNCERTAINTY,53,Q loss,416,0.0049554286524653435
GAS,BAD,UCB_WITHOUT_VAE_UNCERTAINTY,53,Q loss,417,0.0009177887113764882
GAS,BAD,UCB_WITHOUT_VAE_UNCERTAINTY,53,Q loss,418,0.003207521978765726
GAS,BAD,UCB_WITHOUT_VAE_UNCERTAINTY,53,Q loss,419,0.001971780089661479
GAS,BAD,UCB_WITHOUT_VAE_UNCERTAINTY,53,Q loss,420,0.005130056291818619
GAS,BAD,UCB_WITHOUT_VAE_UNCERTAINTY,53,Q loss,421,0.003028821898624301
GAS,BAD,UCB_WITHOUT_VAE_UNCERTAINTY,53,Q loss,422,0.0028960024937987328
GAS,BAD,UCB_WITHOUT_VAE_UNCERTAINTY,53,Q loss,423,0.007025083526968956
GAS,BAD,UCB_WITHOUT_VAE_UNCERTAINTY,53,Q loss,424,0.002920744242146611
GAS,BAD,UCB_WITHOUT_VAE_UNCERTAINTY,53,Q loss,425,0.007022216450423002
GAS,BAD,UCB_WITHOUT_VAE_UNCERTAINTY,53,Q loss,426,0.0044252099469304085
GAS,BAD,UCB_WITHOUT_VAE_UNCERTAINTY,53,Q loss,427,0.002832274418324232
GAS,BAD,UCB_WITHOUT_VAE_UNCERTAINTY,53,Q loss,428,0.0017576850950717926
GAS,BAD,UCB_WITHOUT_VAE_UNCERTAINTY,53,Q loss,429,0.0033520981669425964
GAS,BAD,UCB_WITHOUT_VAE_UNCERTAINTY,53,Q loss,430,0.0014881694223731756
GAS,BAD,UCB_WITHOUT_VAE_UNCERTAINTY,53,Q loss,431,0.010876597836613655
GAS,BAD,UCB_WITHOUT_VAE_UNCERTAINTY,53,Q loss,432,0.004750195890665054
GAS,BAD,UCB_WITHOUT_VAE_UNCERTAINTY,53,Q loss,433,0.002278044354170561
GAS,BAD,UCB_WITHOUT_VAE_UNCERTAINTY,53,Q loss,434,0.004572390578687191
GAS,BAD,UCB_WITHOUT_VAE_UNCERTAINTY,53,Q loss,435,0.001563961966894567
GAS,BAD,UCB_WITHOUT_VAE_UNCERTAINTY,53,Q loss,436,0.0017660434823483229
GAS,BAD,UCB_WITHOUT_VAE_UNCERTAINTY,53,Q loss,437,0.0006547218654304743
GAS,BAD,UCB_WITHOUT_VAE_UNCERTAINTY,53,Q loss,438,0.0014007538557052612
GAS,BAD,UCB_WITHOUT_VAE_UNCERTAINTY,53,Q loss,439,0.0041816052980721
GAS,BAD,UCB_WITHOUT_VAE_UNCERTAINTY,53,Q loss,440,0.0034968946129083633
GAS,BAD,UCB_WITHOUT_VAE_UNCERTAINTY,53,Q loss,441,0.008536666631698608
GAS,BAD,UCB_WITHOUT_VAE_UNCERTAINTY,53,Q loss,442,0.0029755793511867523
GAS,BAD,UCB_WITHOUT_VAE_UNCERTAINTY,53,Q loss,443,0.005983150098472834
GAS,BAD,UCB_WITHOUT_VAE_UNCERTAINTY,53,Q loss,444,0.0033890896011143923
GAS,BAD,UCB_WITHOUT_VAE_UNCERTAINTY,53,Q loss,445,0.00622228579595685
GAS,BAD,UCB_WITHOUT_VAE_UNCERTAINTY,53,Q loss,446,0.0014671450480818748
GAS,BAD,UCB_WITHOUT_VAE_UNCERTAINTY,53,Q loss,447,0.0030214751604944468
GAS,BAD,UCB_WITHOUT_VAE_UNCERTAINTY,53,Q loss,448,0.004841780290007591
GAS,BAD,UCB_WITHOUT_VAE_UNCERTAINTY,53,Q loss,449,0.010576872155070305
GAS,BAD,UCB_WITHOUT_VAE_UNCERTAINTY,53,Q loss,450,0.006075330078601837
GAS,BAD,UCB_WITHOUT_VAE_UNCERTAINTY,53,Q loss,451,0.0027168141677975655
GAS,BAD,UCB_WITHOUT_VAE_UNCERTAINTY,53,Q loss,452,0.004417119547724724
GAS,BAD,UCB_WITHOUT_VAE_UNCERTAINTY,53,Q loss,453,0.0008951277122832835
GAS,BAD,UCB_WITHOUT_VAE_UNCERTAINTY,53,Q loss,454,0.0024306774139404297
GAS,BAD,UCB_WITHOUT_VAE_UNCERTAINTY,53,Q loss,455,0.0032290532253682613
GAS,BAD,UCB_WITHOUT_VAE_UNCERTAINTY,53,Q loss,456,0.004190390929579735
GAS,BAD,UCB_WITHOUT_VAE_UNCERTAINTY,53,Q loss,457,0.0034698264207690954
GAS,BAD,UCB_WITHOUT_VAE_UNCERTAINTY,53,Q loss,458,0.0026378100737929344
GAS,BAD,UCB_WITHOUT_VAE_UNCERTAINTY,53,Q loss,459,0.007928308099508286
GAS,BAD,UCB_WITHOUT_VAE_UNCERTAINTY,53,Q loss,460,0.006319504696875811
GAS,BAD,UCB_WITHOUT_VAE_UNCERTAINTY,53,Q loss,461,0.006920570507645607
GAS,BAD,UCB_WITHOUT_VAE_UNCERTAINTY,53,Q loss,462,0.0034105656668543816
GAS,BAD,UCB_WITHOUT_VAE_UNCERTAINTY,53,Q loss,463,0.003016982227563858
GAS,BAD,UCB_WITHOUT_VAE_UNCERTAINTY,53,Q loss,464,0.0022837654687464237
GAS,BAD,UCB_WITHOUT_VAE_UNCERTAINTY,53,Q loss,465,0.005396551452577114
GAS,BAD,UCB_WITHOUT_VAE_UNCERTAINTY,53,Q loss,466,0.004590258002281189
GAS,BAD,UCB_WITHOUT_VAE_UNCERTAINTY,53,Q loss,467,0.024232549592852592
GAS,BAD,UCB_WITHOUT_VAE_UNCERTAINTY,53,Q loss,468,0.006053633987903595
GAS,BAD,UCB_WITHOUT_VAE_UNCERTAINTY,53,Q loss,469,0.004452989436686039
GAS,BAD,UCB_WITHOUT_VAE_UNCERTAINTY,53,Q loss,470,0.00598304346203804
GAS,BAD,UCB_WITHOUT_VAE_UNCERTAINTY,53,Q loss,471,0.003462050575762987
GAS,BAD,UCB_WITHOUT_VAE_UNCERTAINTY,53,Q loss,472,0.0025149285793304443
GAS,BAD,UCB_WITHOUT_VAE_UNCERTAINTY,53,Q loss,473,0.005568374879658222
GAS,BAD,UCB_WITHOUT_VAE_UNCERTAINTY,53,Q loss,474,0.006222846917808056
GAS,BAD,UCB_WITHOUT_VAE_UNCERTAINTY,53,Q loss,475,0.0010456482414156199
GAS,BAD,UCB_WITHOUT_VAE_UNCERTAINTY,53,Q loss,476,0.0024105883203446865
GAS,BAD,UCB_WITHOUT_VAE_UNCERTAINTY,53,Q loss,477,0.006504600401967764
GAS,BAD,UCB_WITHOUT_VAE_UNCERTAINTY,53,Q loss,478,0.0020337686873972416
GAS,BAD,UCB_WITHOUT_VAE_UNCERTAINTY,53,Q loss,479,0.003603545017540455
GAS,BAD,UCB_WITHOUT_VAE_UNCERTAINTY,53,Q loss,480,0.0017356780590489507
GAS,BAD,UCB_WITHOUT_VAE_UNCERTAINTY,53,Q loss,481,0.006939217448234558
GAS,BAD,UCB_WITHOUT_VAE_UNCERTAINTY,53,Q loss,482,0.003665096126496792
GAS,BAD,UCB_WITHOUT_VAE_UNCERTAINTY,53,Q loss,483,0.00162189407274127
GAS,BAD,UCB_WITHOUT_VAE_UNCERTAINTY,53,Q loss,484,0.002142973942682147
GAS,BAD,UCB_WITHOUT_VAE_UNCERTAINTY,53,Q loss,485,0.014056400395929813
GAS,BAD,UCB_WITHOUT_VAE_UNCERTAINTY,53,Q loss,486,0.006409468129277229
GAS,BAD,UCB_WITHOUT_VAE_UNCERTAINTY,53,Q loss,487,0.0028465630020946264
GAS,BAD,UCB_WITHOUT_VAE_UNCERTAINTY,53,Q loss,488,0.0055809952318668365
GAS,BAD,UCB_WITHOUT_VAE_UNCERTAINTY,53,Q loss,489,0.0008804002427496016
GAS,BAD,UCB_WITHOUT_VAE_UNCERTAINTY,53,Q loss,490,0.004318471997976303
GAS,BAD,UCB_WITHOUT_VAE_UNCERTAINTY,53,Q loss,491,0.0010853217681869864
GAS,BAD,UCB_WITHOUT_VAE_UNCERTAINTY,53,Q loss,492,0.005456918850541115
GAS,BAD,UCB_WITHOUT_VAE_UNCERTAINTY,53,Q loss,493,0.0026283033657819033
GAS,BAD,UCB_WITHOUT_VAE_UNCERTAINTY,53,Q loss,494,0.0037608854472637177
GAS,BAD,UCB_WITHOUT_VAE_UNCERTAINTY,53,Q loss,495,0.008045129477977753
GAS,BAD,UCB_WITHOUT_VAE_UNCERTAINTY,53,Q loss,496,0.004765721969306469
GAS,BAD,UCB_WITHOUT_VAE_UNCERTAINTY,53,Q loss,497,0.004614663776010275
GAS,BAD,UCB_WITHOUT_VAE_UNCERTAINTY,53,Q loss,498,0.00379163958132267
GAS,BAD,UCB_WITHOUT_VAE_UNCERTAINTY,53,Q loss,499,0.001987562980502844
GAS,BAD,UCB_WITHOUT_VAE_UNCERTAINTY,53,Q loss,500,0.0027873977087438107
GAS,BAD,UCB_WITHOUT_VAE_UNCERTAINTY,53,Q loss,501,0.0032274206168949604
GAS,BAD,UCB_WITHOUT_VAE_UNCERTAINTY,53,Q loss,502,0.0027084709145128727
GAS,BAD,UCB_WITHOUT_VAE_UNCERTAINTY,53,Q loss,503,0.01310054026544094
GAS,BAD,UCB_WITHOUT_VAE_UNCERTAINTY,53,Q loss,504,0.002786599565297365
GAS,BAD,UCB_WITHOUT_VAE_UNCERTAINTY,53,Q loss,505,0.001341737457551062
GAS,BAD,UCB_WITHOUT_VAE_UNCERTAINTY,53,Q loss,506,0.0030100331641733646
GAS,BAD,UCB_WITHOUT_VAE_UNCERTAINTY,53,Q loss,507,0.00215402664616704
GAS,BAD,UCB_WITHOUT_VAE_UNCERTAINTY,53,Q loss,508,0.003162065288051963
GAS,BAD,UCB_WITHOUT_VAE_UNCERTAINTY,53,Q loss,509,0.0018694896716624498
GAS,BAD,UCB_WITHOUT_VAE_UNCERTAINTY,53,Q loss,510,0.004186565522104502
GAS,BAD,UCB_WITHOUT_VAE_UNCERTAINTY,53,Q loss,511,0.001298911520279944
GAS,BAD,UCB_WITHOUT_VAE_UNCERTAINTY,53,Q loss,512,0.001432487741112709
GAS,BAD,UCB_WITHOUT_VAE_UNCERTAINTY,53,Q loss,513,0.006635786034166813
GAS,BAD,UCB_WITHOUT_VAE_UNCERTAINTY,53,Q loss,514,0.0020330799743533134
GAS,BAD,UCB_WITHOUT_VAE_UNCERTAINTY,53,Q loss,515,0.006025757174938917
GAS,BAD,UCB_WITHOUT_VAE_UNCERTAINTY,53,Q loss,516,0.004334619268774986
GAS,BAD,UCB_WITHOUT_VAE_UNCERTAINTY,53,Q loss,517,0.0035801033955067396
GAS,BAD,UCB_WITHOUT_VAE_UNCERTAINTY,53,Q loss,518,0.0034530418924987316
GAS,BAD,UCB_WITHOUT_VAE_UNCERTAINTY,53,Q loss,519,0.0038148751482367516
GAS,BAD,UCB_WITHOUT_VAE_UNCERTAINTY,53,Q loss,520,0.003370158141478896
GAS,BAD,UCB_WITHOUT_VAE_UNCERTAINTY,53,Q loss,521,0.011369872838258743
GAS,BAD,UCB_WITHOUT_VAE_UNCERTAINTY,53,Q loss,522,0.00507413549348712
GAS,BAD,UCB_WITHOUT_VAE_UNCERTAINTY,53,Q loss,523,0.0037630265578627586
GAS,BAD,UCB_WITHOUT_VAE_UNCERTAINTY,53,Q loss,524,0.004890594631433487
GAS,BAD,UCB_WITHOUT_VAE_UNCERTAINTY,53,Q loss,525,0.0020604790188372135
GAS,BAD,UCB_WITHOUT_VAE_UNCERTAINTY,53,Q loss,526,0.001913765911012888
GAS,BAD,UCB_WITHOUT_VAE_UNCERTAINTY,53,Q loss,527,0.002433780115097761
GAS,BAD,UCB_WITHOUT_VAE_UNCERTAINTY,53,Q loss,528,0.0020399694330990314
GAS,BAD,UCB_WITHOUT_VAE_UNCERTAINTY,53,Q loss,529,0.0023965248838067055
GAS,BAD,UCB_WITHOUT_VAE_UNCERTAINTY,53,Q loss,530,0.0024494784884154797
GAS,BAD,UCB_WITHOUT_VAE_UNCERTAINTY,53,Q loss,531,0.005409118719398975
GAS,BAD,UCB_WITHOUT_VAE_UNCERTAINTY,53,Q loss,532,0.0026620319113135338
GAS,BAD,UCB_WITHOUT_VAE_UNCERTAINTY,53,Q loss,533,0.0030074911192059517
GAS,BAD,UCB_WITHOUT_VAE_UNCERTAINTY,53,Q loss,534,0.002104246523231268
GAS,BAD,UCB_WITHOUT_VAE_UNCERTAINTY,53,Q loss,535,0.0022002425976097584
GAS,BAD,UCB_WITHOUT_VAE_UNCERTAINTY,53,Q loss,536,0.0030445209704339504
GAS,BAD,UCB_WITHOUT_VAE_UNCERTAINTY,53,Q loss,537,0.004484136588871479
GAS,BAD,UCB_WITHOUT_VAE_UNCERTAINTY,53,Q loss,538,0.0065723322331905365
GAS,BAD,UCB_WITHOUT_VAE_UNCERTAINTY,53,Q loss,539,0.012884066440165043
GAS,BAD,UCB_WITHOUT_VAE_UNCERTAINTY,53,Q loss,540,0.002505299635231495
GAS,BAD,UCB_WITHOUT_VAE_UNCERTAINTY,53,Q loss,541,0.002610450144857168
GAS,BAD,UCB_WITHOUT_VAE_UNCERTAINTY,53,Q loss,542,0.0022274665534496307
GAS,BAD,UCB_WITHOUT_VAE_UNCERTAINTY,53,Q loss,543,0.005901790224015713
GAS,BAD,UCB_WITHOUT_VAE_UNCERTAINTY,53,Q loss,544,0.005199183244258165
GAS,BAD,UCB_WITHOUT_VAE_UNCERTAINTY,53,Q loss,545,0.0012443619780242443
GAS,BAD,UCB_WITHOUT_VAE_UNCERTAINTY,53,Q loss,546,0.004648158792406321
GAS,BAD,UCB_WITHOUT_VAE_UNCERTAINTY,53,Q loss,547,0.004220857284963131
GAS,BAD,UCB_WITHOUT_VAE_UNCERTAINTY,53,Q loss,548,0.002883494831621647
GAS,BAD,UCB_WITHOUT_VAE_UNCERTAINTY,53,Q loss,549,0.009371606633067131
GAS,BAD,UCB_WITHOUT_VAE_UNCERTAINTY,53,Q loss,550,0.005881432443857193
GAS,BAD,UCB_WITHOUT_VAE_UNCERTAINTY,53,Q loss,551,0.002686432097107172
GAS,BAD,UCB_WITHOUT_VAE_UNCERTAINTY,53,Q loss,552,0.0019732213113456964
GAS,BAD,UCB_WITHOUT_VAE_UNCERTAINTY,53,Q loss,553,0.003170119598507881
GAS,BAD,UCB_WITHOUT_VAE_UNCERTAINTY,53,Q loss,554,0.0013425896177068353
GAS,BAD,UCB_WITHOUT_VAE_UNCERTAINTY,53,Q loss,555,0.002268575131893158
GAS,BAD,UCB_WITHOUT_VAE_UNCERTAINTY,53,Q loss,556,0.0038005360402166843
GAS,BAD,UCB_WITHOUT_VAE_UNCERTAINTY,53,Q loss,557,0.008487481623888016
GAS,BAD,UCB_WITHOUT_VAE_UNCERTAINTY,53,Q loss,558,0.0024872387293726206
GAS,BAD,UCB_WITHOUT_VAE_UNCERTAINTY,53,Q loss,559,0.0033692000433802605
GAS,BAD,UCB_WITHOUT_VAE_UNCERTAINTY,53,Q loss,560,0.004751244559884071
GAS,BAD,UCB_WITHOUT_VAE_UNCERTAINTY,53,Q loss,561,0.004924197215586901
GAS,BAD,UCB_WITHOUT_VAE_UNCERTAINTY,53,Q loss,562,0.0017754570581018925
GAS,BAD,UCB_WITHOUT_VAE_UNCERTAINTY,53,Q loss,563,0.0021132417023181915
GAS,BAD,UCB_WITHOUT_VAE_UNCERTAINTY,53,Q loss,564,0.005369910039007664
GAS,BAD,UCB_WITHOUT_VAE_UNCERTAINTY,53,Q loss,565,0.0022993388120085
GAS,BAD,UCB_WITHOUT_VAE_UNCERTAINTY,53,Q loss,566,0.0021087173372507095
GAS,BAD,UCB_WITHOUT_VAE_UNCERTAINTY,53,Q loss,567,0.004386299755424261
GAS,BAD,UCB_WITHOUT_VAE_UNCERTAINTY,53,Q loss,568,0.004807869903743267
GAS,BAD,UCB_WITHOUT_VAE_UNCERTAINTY,53,Q loss,569,0.0021090591326355934
GAS,BAD,UCB_WITHOUT_VAE_UNCERTAINTY,53,Q loss,570,0.002215051092207432
GAS,BAD,UCB_WITHOUT_VAE_UNCERTAINTY,53,Q loss,571,0.0028942013159394264
GAS,BAD,UCB_WITHOUT_VAE_UNCERTAINTY,53,Q loss,572,0.0005079616094008088
GAS,BAD,UCB_WITHOUT_VAE_UNCERTAINTY,53,Q loss,573,0.004794543609023094
GAS,BAD,UCB_WITHOUT_VAE_UNCERTAINTY,53,Q loss,574,0.002436520531773567
GAS,BAD,UCB_WITHOUT_VAE_UNCERTAINTY,53,Q loss,575,0.01211903803050518
GAS,BAD,UCB_WITHOUT_VAE_UNCERTAINTY,53,Q loss,576,0.003679333720356226
GAS,BAD,UCB_WITHOUT_VAE_UNCERTAINTY,53,Q loss,577,0.0018900515278801322
GAS,BAD,UCB_WITHOUT_VAE_UNCERTAINTY,53,Q loss,578,0.00393806304782629
GAS,BAD,UCB_WITHOUT_VAE_UNCERTAINTY,53,Q loss,579,0.0027858116663992405
GAS,BAD,UCB_WITHOUT_VAE_UNCERTAINTY,53,Q loss,580,0.001711040735244751
GAS,BAD,UCB_WITHOUT_VAE_UNCERTAINTY,53,Q loss,581,0.002528273966163397
GAS,BAD,UCB_WITHOUT_VAE_UNCERTAINTY,53,Q loss,582,0.002375023439526558
GAS,BAD,UCB_WITHOUT_VAE_UNCERTAINTY,53,Q loss,583,0.001959807239472866
GAS,BAD,UCB_WITHOUT_VAE_UNCERTAINTY,53,Q loss,584,0.0020167971961200237
GAS,BAD,UCB_WITHOUT_VAE_UNCERTAINTY,53,Q loss,585,0.0034982003271579742
GAS,BAD,UCB_WITHOUT_VAE_UNCERTAINTY,53,Q loss,586,0.002502801362425089
GAS,BAD,UCB_WITHOUT_VAE_UNCERTAINTY,53,Q loss,587,0.0040136175230145454
GAS,BAD,UCB_WITHOUT_VAE_UNCERTAINTY,53,Q loss,588,0.0032365345396101475
GAS,BAD,UCB_WITHOUT_VAE_UNCERTAINTY,53,Q loss,589,0.0018432775977998972
GAS,BAD,UCB_WITHOUT_VAE_UNCERTAINTY,53,Q loss,590,0.0019603450782597065
GAS,BAD,UCB_WITHOUT_VAE_UNCERTAINTY,53,Q loss,591,0.0037573189474642277
GAS,BAD,UCB_WITHOUT_VAE_UNCERTAINTY,53,Q loss,592,0.0023889178410172462
GAS,BAD,UCB_WITHOUT_VAE_UNCERTAINTY,53,Q loss,593,0.007536966819316149
GAS,BAD,UCB_WITHOUT_VAE_UNCERTAINTY,53,Q loss,594,0.006240013986825943
GAS,BAD,UCB_WITHOUT_VAE_UNCERTAINTY,53,Q loss,595,0.003030060324817896
GAS,BAD,UCB_WITHOUT_VAE_UNCERTAINTY,53,Q loss,596,0.005163544788956642
GAS,BAD,UCB_WITHOUT_VAE_UNCERTAINTY,53,Q loss,597,0.0018896067049354315
GAS,BAD,UCB_WITHOUT_VAE_UNCERTAINTY,53,Q loss,598,0.003904001321643591
GAS,BAD,UCB_WITHOUT_VAE_UNCERTAINTY,53,Q loss,599,0.0034796728286892176
GAS,BAD,UCB_WITHOUT_VAE_UNCERTAINTY,53,Q loss,600,0.003370150225237012
GAS,BAD,UCB_WITHOUT_VAE_UNCERTAINTY,53,Q loss,601,0.0012192832073196769
GAS,BAD,UCB_WITHOUT_VAE_UNCERTAINTY,53,Q loss,602,0.001629386912100017
GAS,BAD,UCB_WITHOUT_VAE_UNCERTAINTY,53,Q loss,603,0.004935096949338913
GAS,BAD,UCB_WITHOUT_VAE_UNCERTAINTY,53,Q loss,604,0.004347620531916618
GAS,BAD,UCB_WITHOUT_VAE_UNCERTAINTY,53,Q loss,605,0.002795942360535264
GAS,BAD,UCB_WITHOUT_VAE_UNCERTAINTY,53,Q loss,606,0.004719672258943319
GAS,BAD,UCB_WITHOUT_VAE_UNCERTAINTY,53,Q loss,607,0.005339635536074638
GAS,BAD,UCB_WITHOUT_VAE_UNCERTAINTY,53,Q loss,608,0.0026142108254134655
GAS,BAD,UCB_WITHOUT_VAE_UNCERTAINTY,53,Q loss,609,0.0024595370050519705
GAS,BAD,UCB_WITHOUT_VAE_UNCERTAINTY,53,Q loss,610,0.0018745600245893002
GAS,BAD,UCB_WITHOUT_VAE_UNCERTAINTY,53,Q loss,611,0.009114539250731468
GAS,BAD,UCB_WITHOUT_VAE_UNCERTAINTY,53,Q loss,612,0.005371599458158016
GAS,BAD,UCB_WITHOUT_VAE_UNCERTAINTY,53,Q loss,613,0.0015232464065775275
GAS,BAD,UCB_WITHOUT_VAE_UNCERTAINTY,53,Q loss,614,0.006734127178788185
GAS,BAD,UCB_WITHOUT_VAE_UNCERTAINTY,53,Q loss,615,0.004988404922187328
GAS,BAD,UCB_WITHOUT_VAE_UNCERTAINTY,53,Q loss,616,0.003636807668954134
GAS,BAD,UCB_WITHOUT_VAE_UNCERTAINTY,53,Q loss,617,0.004450335633009672
GAS,BAD,UCB_WITHOUT_VAE_UNCERTAINTY,53,Q loss,618,0.003348317462950945
GAS,BAD,UCB_WITHOUT_VAE_UNCERTAINTY,53,Q loss,619,0.004056838806718588
GAS,BAD,UCB_WITHOUT_VAE_UNCERTAINTY,53,Q loss,620,0.0024397431407123804
GAS,BAD,UCB_WITHOUT_VAE_UNCERTAINTY,53,Q loss,621,0.003113784361630678
GAS,BAD,UCB_WITHOUT_VAE_UNCERTAINTY,53,Q loss,622,0.004247137811034918
GAS,BAD,UCB_WITHOUT_VAE_UNCERTAINTY,53,Q loss,623,0.003406610107049346
GAS,BAD,UCB_WITHOUT_VAE_UNCERTAINTY,53,Q loss,624,0.0036042972933501005
GAS,BAD,UCB_WITHOUT_VAE_UNCERTAINTY,53,Q loss,625,0.001361337723210454
GAS,BAD,UCB_WITHOUT_VAE_UNCERTAINTY,53,Q loss,626,0.0015564647037535906
GAS,BAD,UCB_WITHOUT_VAE_UNCERTAINTY,53,Q loss,627,0.001901303417980671
GAS,BAD,UCB_WITHOUT_VAE_UNCERTAINTY,53,Q loss,628,0.004302585497498512
GAS,BAD,UCB_WITHOUT_VAE_UNCERTAINTY,53,Q loss,629,0.005601649172604084
GAS,BAD,UCB_WITHOUT_VAE_UNCERTAINTY,53,Q loss,630,0.0038256715051829815
GAS,BAD,UCB_WITHOUT_VAE_UNCERTAINTY,53,Q loss,631,0.001218841876834631
GAS,BAD,UCB_WITHOUT_VAE_UNCERTAINTY,53,Q loss,632,0.0023243671748787165
GAS,BAD,UCB_WITHOUT_VAE_UNCERTAINTY,53,Q loss,633,0.0056143635883927345
GAS,BAD,UCB_WITHOUT_VAE_UNCERTAINTY,53,Q loss,634,0.0019577625207602978
GAS,BAD,UCB_WITHOUT_VAE_UNCERTAINTY,53,Q loss,635,0.004477435722947121
GAS,BAD,UCB_WITHOUT_VAE_UNCERTAINTY,53,Q loss,636,0.003196913516148925
GAS,BAD,UCB_WITHOUT_VAE_UNCERTAINTY,53,Q loss,637,0.003262818790972233
GAS,BAD,UCB_WITHOUT_VAE_UNCERTAINTY,53,Q loss,638,0.0008941934793256223
GAS,BAD,UCB_WITHOUT_VAE_UNCERTAINTY,53,Q loss,639,0.004755931906402111
GAS,BAD,UCB_WITHOUT_VAE_UNCERTAINTY,53,Q loss,640,0.00445971917361021
GAS,BAD,UCB_WITHOUT_VAE_UNCERTAINTY,53,Q loss,641,0.0026960603427141905
GAS,BAD,UCB_WITHOUT_VAE_UNCERTAINTY,53,Q loss,642,0.002104189246892929
GAS,BAD,UCB_WITHOUT_VAE_UNCERTAINTY,53,Q loss,643,0.002906973473727703
GAS,BAD,UCB_WITHOUT_VAE_UNCERTAINTY,53,Q loss,644,0.0013727135956287384
GAS,BAD,UCB_WITHOUT_VAE_UNCERTAINTY,53,Q loss,645,0.0029767355881631374
GAS,BAD,UCB_WITHOUT_VAE_UNCERTAINTY,53,Q loss,646,0.0047909473069012165
GAS,BAD,UCB_WITHOUT_VAE_UNCERTAINTY,53,Q loss,647,0.0044129155576229095
GAS,BAD,UCB_WITHOUT_VAE_UNCERTAINTY,53,Q loss,648,0.004394270479679108
GAS,BAD,UCB_WITHOUT_VAE_UNCERTAINTY,53,Q loss,649,0.003768613561987877
GAS,BAD,UCB_WITHOUT_VAE_UNCERTAINTY,53,Q loss,650,0.001945870229974389
GAS,BAD,UCB_WITHOUT_VAE_UNCERTAINTY,53,Q loss,651,0.0019515093881636858
GAS,BAD,UCB_WITHOUT_VAE_UNCERTAINTY,53,Q loss,652,0.0013453136198222637
GAS,BAD,UCB_WITHOUT_VAE_UNCERTAINTY,53,Q loss,653,0.003081950591877103
GAS,BAD,UCB_WITHOUT_VAE_UNCERTAINTY,53,Q loss,654,0.002608194015920162
GAS,BAD,UCB_WITHOUT_VAE_UNCERTAINTY,53,Q loss,655,0.0020827436819672585
GAS,BAD,UCB_WITHOUT_VAE_UNCERTAINTY,53,Q loss,656,0.0008165342733263969
GAS,BAD,UCB_WITHOUT_VAE_UNCERTAINTY,53,Q loss,657,0.006260737776756287
GAS,BAD,UCB_WITHOUT_VAE_UNCERTAINTY,53,Q loss,658,0.0028626280836760998
GAS,BAD,UCB_WITHOUT_VAE_UNCERTAINTY,53,Q loss,659,0.004776026122272015
GAS,BAD,UCB_WITHOUT_VAE_UNCERTAINTY,53,Q loss,660,0.0021720952354371548
GAS,BAD,UCB_WITHOUT_VAE_UNCERTAINTY,53,Q loss,661,0.0029868273995816708
GAS,BAD,UCB_WITHOUT_VAE_UNCERTAINTY,53,Q loss,662,0.0003740474348887801
GAS,BAD,UCB_WITHOUT_VAE_UNCERTAINTY,53,Q loss,663,0.000991739914752543
GAS,BAD,UCB_WITHOUT_VAE_UNCERTAINTY,53,Q loss,664,0.003181424457579851
GAS,BAD,UCB_WITHOUT_VAE_UNCERTAINTY,53,Q loss,665,0.012387190014123917
GAS,BAD,UCB_WITHOUT_VAE_UNCERTAINTY,53,Q loss,666,0.005144787952303886
GAS,BAD,UCB_WITHOUT_VAE_UNCERTAINTY,53,Q loss,667,0.0022423977497965097
GAS,BAD,UCB_WITHOUT_VAE_UNCERTAINTY,53,Q loss,668,0.003577659372240305
GAS,BAD,UCB_WITHOUT_VAE_UNCERTAINTY,53,Q loss,669,0.0077315401285886765
GAS,BAD,UCB_WITHOUT_VAE_UNCERTAINTY,53,Q loss,670,0.00219355383887887
GAS,BAD,UCB_WITHOUT_VAE_UNCERTAINTY,53,Q loss,671,0.005033689551055431
GAS,BAD,UCB_WITHOUT_VAE_UNCERTAINTY,53,Q loss,672,0.0026008975692093372
GAS,BAD,UCB_WITHOUT_VAE_UNCERTAINTY,53,Q loss,673,0.0020587986800819635
GAS,BAD,UCB_WITHOUT_VAE_UNCERTAINTY,53,Q loss,674,0.004122843965888023
GAS,BAD,UCB_WITHOUT_VAE_UNCERTAINTY,53,Q loss,675,0.002667246386408806
GAS,BAD,UCB_WITHOUT_VAE_UNCERTAINTY,53,Q loss,676,0.0021774962078779936
GAS,BAD,UCB_WITHOUT_VAE_UNCERTAINTY,53,Q loss,677,0.0062415702268481255
GAS,BAD,UCB_WITHOUT_VAE_UNCERTAINTY,53,Q loss,678,0.0013212093617767096
GAS,BAD,UCB_WITHOUT_VAE_UNCERTAINTY,53,Q loss,679,0.0026450506411492825
GAS,BAD,UCB_WITHOUT_VAE_UNCERTAINTY,53,Q loss,680,0.0009886461775749922
GAS,BAD,UCB_WITHOUT_VAE_UNCERTAINTY,53,Q loss,681,0.0008497439557686448
GAS,BAD,UCB_WITHOUT_VAE_UNCERTAINTY,53,Q loss,682,0.00260403985157609
GAS,BAD,UCB_WITHOUT_VAE_UNCERTAINTY,53,Q loss,683,0.015260565094649792
GAS,BAD,UCB_WITHOUT_VAE_UNCERTAINTY,53,Q loss,684,0.003391031874343753
GAS,BAD,UCB_WITHOUT_VAE_UNCERTAINTY,53,Q loss,685,0.0008178785792551935
GAS,BAD,UCB_WITHOUT_VAE_UNCERTAINTY,53,Q loss,686,0.004188391380012035
GAS,BAD,UCB_WITHOUT_VAE_UNCERTAINTY,53,Q loss,687,0.0014889934100210667
GAS,BAD,UCB_WITHOUT_VAE_UNCERTAINTY,53,Q loss,688,0.003152561606839299
GAS,BAD,UCB_WITHOUT_VAE_UNCERTAINTY,53,Q loss,689,0.003684526775032282
GAS,BAD,UCB_WITHOUT_VAE_UNCERTAINTY,53,Q loss,690,0.0036914246156811714
GAS,BAD,UCB_WITHOUT_VAE_UNCERTAINTY,53,Q loss,691,0.0015389088075608015
GAS,BAD,UCB_WITHOUT_VAE_UNCERTAINTY,53,Q loss,692,0.003190193325281143
GAS,BAD,UCB_WITHOUT_VAE_UNCERTAINTY,53,Q loss,693,0.0047666835598647594
GAS,BAD,UCB_WITHOUT_VAE_UNCERTAINTY,53,Q loss,694,0.002563649555668235
GAS,BAD,UCB_WITHOUT_VAE_UNCERTAINTY,53,Q loss,695,0.002342080697417259
GAS,BAD,UCB_WITHOUT_VAE_UNCERTAINTY,53,Q loss,696,0.00211913394741714
GAS,BAD,UCB_WITHOUT_VAE_UNCERTAINTY,53,Q loss,697,0.0028211139142513275
GAS,BAD,UCB_WITHOUT_VAE_UNCERTAINTY,53,Q loss,698,0.003384040202945471
GAS,BAD,UCB_WITHOUT_VAE_UNCERTAINTY,53,Q loss,699,0.0034342322032898664
GAS,BAD,UCB_WITHOUT_VAE_UNCERTAINTY,53,Q loss,700,0.0031705975998193026
GAS,BAD,UCB_WITHOUT_VAE_UNCERTAINTY,53,Q loss,701,0.00826555397361517
GAS,BAD,UCB_WITHOUT_VAE_UNCERTAINTY,53,Q loss,702,0.0034055679570883512
GAS,BAD,UCB_WITHOUT_VAE_UNCERTAINTY,53,Q loss,703,0.002983454614877701
GAS,BAD,UCB_WITHOUT_VAE_UNCERTAINTY,53,Q loss,704,0.00237424299120903
GAS,BAD,UCB_WITHOUT_VAE_UNCERTAINTY,53,Q loss,705,0.003258641343563795
GAS,BAD,UCB_WITHOUT_VAE_UNCERTAINTY,53,Q loss,706,0.005910902749747038
GAS,BAD,UCB_WITHOUT_VAE_UNCERTAINTY,53,Q loss,707,0.0025396361015737057
GAS,BAD,UCB_WITHOUT_VAE_UNCERTAINTY,53,Q loss,708,0.0031035824213176966
GAS,BAD,UCB_WITHOUT_VAE_UNCERTAINTY,53,Q loss,709,0.0016309567727148533
GAS,BAD,UCB_WITHOUT_VAE_UNCERTAINTY,53,Q loss,710,0.003466944908723235
GAS,BAD,UCB_WITHOUT_VAE_UNCERTAINTY,53,Q loss,711,0.002948764245957136
GAS,BAD,UCB_WITHOUT_VAE_UNCERTAINTY,53,Q loss,712,0.0021270387805998325
GAS,BAD,UCB_WITHOUT_VAE_UNCERTAINTY,53,Q loss,713,0.005343905184417963
GAS,BAD,UCB_WITHOUT_VAE_UNCERTAINTY,53,Q loss,714,0.003980288282036781
GAS,BAD,UCB_WITHOUT_VAE_UNCERTAINTY,53,Q loss,715,0.0058925822377204895
GAS,BAD,UCB_WITHOUT_VAE_UNCERTAINTY,53,Q loss,716,0.005416543688625097
GAS,BAD,UCB_WITHOUT_VAE_UNCERTAINTY,53,Q loss,717,0.002514422405511141
GAS,BAD,UCB_WITHOUT_VAE_UNCERTAINTY,53,Q loss,718,0.0030503205489367247
GAS,BAD,UCB_WITHOUT_VAE_UNCERTAINTY,53,Q loss,719,0.011894205585122108
GAS,BAD,UCB_WITHOUT_VAE_UNCERTAINTY,53,Q loss,720,0.002047369722276926
GAS,BAD,UCB_WITHOUT_VAE_UNCERTAINTY,53,Q loss,721,0.0013986460398882627
GAS,BAD,UCB_WITHOUT_VAE_UNCERTAINTY,53,Q loss,722,0.002359478734433651
GAS,BAD,UCB_WITHOUT_VAE_UNCERTAINTY,53,Q loss,723,0.004165716003626585
GAS,BAD,UCB_WITHOUT_VAE_UNCERTAINTY,53,Q loss,724,0.001061048242263496
GAS,BAD,UCB_WITHOUT_VAE_UNCERTAINTY,53,Q loss,725,0.002146118553355336
GAS,BAD,UCB_WITHOUT_VAE_UNCERTAINTY,53,Q loss,726,0.0026796520687639713
GAS,BAD,UCB_WITHOUT_VAE_UNCERTAINTY,53,Q loss,727,0.001482570543885231
GAS,BAD,UCB_WITHOUT_VAE_UNCERTAINTY,53,Q loss,728,0.0028365321923047304
GAS,BAD,UCB_WITHOUT_VAE_UNCERTAINTY,53,Q loss,729,0.0037943620700389147
GAS,BAD,UCB_WITHOUT_VAE_UNCERTAINTY,53,Q loss,730,0.0037710394244641066
GAS,BAD,UCB_WITHOUT_VAE_UNCERTAINTY,53,Q loss,731,0.005355510860681534
GAS,BAD,UCB_WITHOUT_VAE_UNCERTAINTY,53,Q loss,732,0.0007408462115563452
GAS,BAD,UCB_WITHOUT_VAE_UNCERTAINTY,53,Q loss,733,0.0026619043201208115
GAS,BAD,UCB_WITHOUT_VAE_UNCERTAINTY,53,Q loss,734,0.002223564311861992
GAS,BAD,UCB_WITHOUT_VAE_UNCERTAINTY,53,Q loss,735,0.002022276632487774
GAS,BAD,UCB_WITHOUT_VAE_UNCERTAINTY,53,Q loss,736,0.0031385028269141912
GAS,BAD,UCB_WITHOUT_VAE_UNCERTAINTY,53,Q loss,737,0.006325241643935442
GAS,BAD,UCB_WITHOUT_VAE_UNCERTAINTY,53,Q loss,738,0.003171130083501339
GAS,BAD,UCB_WITHOUT_VAE_UNCERTAINTY,53,Q loss,739,0.0018399468390271068
GAS,BAD,UCB_WITHOUT_VAE_UNCERTAINTY,53,Q loss,740,0.0036087059415876865
GAS,BAD,UCB_WITHOUT_VAE_UNCERTAINTY,53,Q loss,741,0.001158410799689591
GAS,BAD,UCB_WITHOUT_VAE_UNCERTAINTY,53,Q loss,742,0.0010987191926687956
GAS,BAD,UCB_WITHOUT_VAE_UNCERTAINTY,53,Q loss,743,0.0025617536157369614
GAS,BAD,UCB_WITHOUT_VAE_UNCERTAINTY,53,Q loss,744,0.004522103816270828
GAS,BAD,UCB_WITHOUT_VAE_UNCERTAINTY,53,Q loss,745,0.002302157925441861
GAS,BAD,UCB_WITHOUT_VAE_UNCERTAINTY,53,Q loss,746,0.0010745448525995016
GAS,BAD,UCB_WITHOUT_VAE_UNCERTAINTY,53,Q loss,747,0.00144089269451797
GAS,BAD,UCB_WITHOUT_VAE_UNCERTAINTY,53,Q loss,748,0.003624723292887211
GAS,BAD,UCB_WITHOUT_VAE_UNCERTAINTY,53,Q loss,749,0.003323073498904705
GAS,BAD,UCB_WITHOUT_VAE_UNCERTAINTY,53,Q loss,750,0.003396174870431423
GAS,BAD,UCB_WITHOUT_VAE_UNCERTAINTY,53,Q loss,751,0.0013851074036210775
GAS,BAD,UCB_WITHOUT_VAE_UNCERTAINTY,53,Q loss,752,0.003159153275191784
GAS,BAD,UCB_WITHOUT_VAE_UNCERTAINTY,53,Q loss,753,0.0020338608883321285
GAS,BAD,UCB_WITHOUT_VAE_UNCERTAINTY,53,Q loss,754,0.002711924957111478
GAS,BAD,UCB_WITHOUT_VAE_UNCERTAINTY,53,Q loss,755,0.004760104697197676
GAS,BAD,UCB_WITHOUT_VAE_UNCERTAINTY,53,Q loss,756,0.0027487692423164845
GAS,BAD,UCB_WITHOUT_VAE_UNCERTAINTY,53,Q loss,757,0.003173715667799115
GAS,BAD,UCB_WITHOUT_VAE_UNCERTAINTY,53,Q loss,758,0.003216959536075592
GAS,BAD,UCB_WITHOUT_VAE_UNCERTAINTY,53,Q loss,759,0.002256528940051794
GAS,BAD,UCB_WITHOUT_VAE_UNCERTAINTY,53,Q loss,760,0.0034368191845715046
GAS,BAD,UCB_WITHOUT_VAE_UNCERTAINTY,53,Q loss,761,0.002221442759037018
GAS,BAD,UCB_WITHOUT_VAE_UNCERTAINTY,53,Q loss,762,0.0025351056829094887
GAS,BAD,UCB_WITHOUT_VAE_UNCERTAINTY,53,Q loss,763,0.0010395683348178864
GAS,BAD,UCB_WITHOUT_VAE_UNCERTAINTY,53,Q loss,764,0.0009492876706644893
GAS,BAD,UCB_WITHOUT_VAE_UNCERTAINTY,53,Q loss,765,0.0012660874053835869
GAS,BAD,UCB_WITHOUT_VAE_UNCERTAINTY,53,Q loss,766,0.007789356168359518
GAS,BAD,UCB_WITHOUT_VAE_UNCERTAINTY,53,Q loss,767,0.0026992051862180233
GAS,BAD,UCB_WITHOUT_VAE_UNCERTAINTY,53,Q loss,768,0.004044788423925638
GAS,BAD,UCB_WITHOUT_VAE_UNCERTAINTY,53,Q loss,769,0.002790186321362853
GAS,BAD,UCB_WITHOUT_VAE_UNCERTAINTY,53,Q loss,770,0.004971737042069435
GAS,BAD,UCB_WITHOUT_VAE_UNCERTAINTY,53,Q loss,771,0.0009504144545644522
GAS,BAD,UCB_WITHOUT_VAE_UNCERTAINTY,53,Q loss,772,0.0030998503789305687
GAS,BAD,UCB_WITHOUT_VAE_UNCERTAINTY,53,Q loss,773,0.002898826962336898
GAS,BAD,UCB_WITHOUT_VAE_UNCERTAINTY,53,Q loss,774,0.004142123274505138
GAS,BAD,UCB_WITHOUT_VAE_UNCERTAINTY,53,Q loss,775,0.0010022871429100633
GAS,BAD,UCB_WITHOUT_VAE_UNCERTAINTY,53,Q loss,776,0.0029056032653898
GAS,BAD,UCB_WITHOUT_VAE_UNCERTAINTY,53,Q loss,777,0.0021493034437298775
GAS,BAD,UCB_WITHOUT_VAE_UNCERTAINTY,53,Q loss,778,0.0018147537484765053
GAS,BAD,UCB_WITHOUT_VAE_UNCERTAINTY,53,Q loss,779,0.0024003223516047
GAS,BAD,UCB_WITHOUT_VAE_UNCERTAINTY,53,Q loss,780,0.001510347705334425
GAS,BAD,UCB_WITHOUT_VAE_UNCERTAINTY,53,Q loss,781,0.0017131088534370065
GAS,BAD,UCB_WITHOUT_VAE_UNCERTAINTY,53,Q loss,782,0.003877855371683836
GAS,BAD,UCB_WITHOUT_VAE_UNCERTAINTY,53,Q loss,783,0.001336758374236524
GAS,BAD,UCB_WITHOUT_VAE_UNCERTAINTY,53,Q loss,784,0.0013757511042058468
GAS,BAD,UCB_WITHOUT_VAE_UNCERTAINTY,53,Q loss,785,0.001255903858691454
GAS,BAD,UCB_WITHOUT_VAE_UNCERTAINTY,53,Q loss,786,0.004582108464092016
GAS,BAD,UCB_WITHOUT_VAE_UNCERTAINTY,53,Q loss,787,0.0017791674472391605
GAS,BAD,UCB_WITHOUT_VAE_UNCERTAINTY,53,Q loss,788,0.005905183032155037
GAS,BAD,UCB_WITHOUT_VAE_UNCERTAINTY,53,Q loss,789,0.002485445234924555
GAS,BAD,UCB_WITHOUT_VAE_UNCERTAINTY,53,Q loss,790,0.0014812962617725134
GAS,BAD,UCB_WITHOUT_VAE_UNCERTAINTY,53,Q loss,791,0.003337766509503126
GAS,BAD,UCB_WITHOUT_VAE_UNCERTAINTY,53,Q loss,792,0.0017975608352571726
GAS,BAD,UCB_WITHOUT_VAE_UNCERTAINTY,53,Q loss,793,0.002481869887560606
GAS,BAD,UCB_WITHOUT_VAE_UNCERTAINTY,53,Q loss,794,0.0025557188782840967
GAS,BAD,UCB_WITHOUT_VAE_UNCERTAINTY,53,Q loss,795,0.0013412737753242254
GAS,BAD,UCB_WITHOUT_VAE_UNCERTAINTY,53,Q loss,796,0.0014193663373589516
GAS,BAD,UCB_WITHOUT_VAE_UNCERTAINTY,53,Q loss,797,0.0023673041723668575
GAS,BAD,UCB_WITHOUT_VAE_UNCERTAINTY,53,Q loss,798,0.0015608821995556355
GAS,BAD,UCB_WITHOUT_VAE_UNCERTAINTY,53,Q loss,799,0.002180019859224558
GAS,BAD,UCB_WITHOUT_VAE_UNCERTAINTY,53,Q loss,800,0.0010128750000149012
GAS,BAD,UCB_WITHOUT_VAE_UNCERTAINTY,53,Q loss,801,0.0036163495387881994
GAS,BAD,UCB_WITHOUT_VAE_UNCERTAINTY,53,Q loss,802,0.0035123233683407307
GAS,BAD,UCB_WITHOUT_VAE_UNCERTAINTY,53,Q loss,803,0.0022036582231521606
GAS,BAD,UCB_WITHOUT_VAE_UNCERTAINTY,53,Q loss,804,0.003007598454132676
GAS,BAD,UCB_WITHOUT_VAE_UNCERTAINTY,53,Q loss,805,0.0004348656511865556
GAS,BAD,UCB_WITHOUT_VAE_UNCERTAINTY,53,Q loss,806,0.005372889805585146
GAS,BAD,UCB_WITHOUT_VAE_UNCERTAINTY,53,Q loss,807,0.002721198834478855
GAS,BAD,UCB_WITHOUT_VAE_UNCERTAINTY,53,Q loss,808,0.0032302523031830788
GAS,BAD,UCB_WITHOUT_VAE_UNCERTAINTY,53,Q loss,809,0.0034520092885941267
GAS,BAD,UCB_WITHOUT_VAE_UNCERTAINTY,53,Cost loss,0,0.1251228004693985
GAS,BAD,UCB_WITHOUT_VAE_UNCERTAINTY,53,Cost loss,1,0.12311120331287384
GAS,BAD,UCB_WITHOUT_VAE_UNCERTAINTY,53,Cost loss,2,0.12154632806777954
GAS,BAD,UCB_WITHOUT_VAE_UNCERTAINTY,53,Cost loss,3,0.12101197987794876
GAS,BAD,UCB_WITHOUT_VAE_UNCERTAINTY,53,Cost loss,4,0.11966341733932495
GAS,BAD,UCB_WITHOUT_VAE_UNCERTAINTY,53,Cost loss,5,0.118694968521595
GAS,BAD,UCB_WITHOUT_VAE_UNCERTAINTY,53,Cost loss,6,0.11811879277229309
GAS,BAD,UCB_WITHOUT_VAE_UNCERTAINTY,53,Cost loss,7,0.11591195315122604
GAS,BAD,UCB_WITHOUT_VAE_UNCERTAINTY,53,Cost loss,8,0.11442776024341583
GAS,BAD,UCB_WITHOUT_VAE_UNCERTAINTY,53,Cost loss,9,0.11159143596887589
GAS,BAD,UCB_WITHOUT_VAE_UNCERTAINTY,53,Cost loss,10,0.1103300005197525
GAS,BAD,UCB_WITHOUT_VAE_UNCERTAINTY,53,Cost loss,11,0.11127451062202454
GAS,BAD,UCB_WITHOUT_VAE_UNCERTAINTY,53,Cost loss,12,0.10962501913309097
GAS,BAD,UCB_WITHOUT_VAE_UNCERTAINTY,53,Cost loss,13,0.10819316655397415
GAS,BAD,UCB_WITHOUT_VAE_UNCERTAINTY,53,Cost loss,14,0.1059265285730362
GAS,BAD,UCB_WITHOUT_VAE_UNCERTAINTY,53,Cost loss,15,0.1046924963593483
GAS,BAD,UCB_WITHOUT_VAE_UNCERTAINTY,53,Cost loss,16,0.10494888573884964
GAS,BAD,UCB_WITHOUT_VAE_UNCERTAINTY,53,Cost loss,17,0.10377543419599533
GAS,BAD,UCB_WITHOUT_VAE_UNCERTAINTY,53,Cost loss,18,0.10317744314670563
GAS,BAD,UCB_WITHOUT_VAE_UNCERTAINTY,53,Cost loss,19,0.09902054071426392
GAS,BAD,UCB_WITHOUT_VAE_UNCERTAINTY,53,Cost loss,20,0.0993102490901947
GAS,BAD,UCB_WITHOUT_VAE_UNCERTAINTY,53,Cost loss,21,0.09768521040678024
GAS,BAD,UCB_WITHOUT_VAE_UNCERTAINTY,53,Cost loss,22,0.09771903604269028
GAS,BAD,UCB_WITHOUT_VAE_UNCERTAINTY,53,Cost loss,23,0.09641099721193314
GAS,BAD,UCB_WITHOUT_VAE_UNCERTAINTY,53,Cost loss,24,0.09634983539581299
GAS,BAD,UCB_WITHOUT_VAE_UNCERTAINTY,53,Cost loss,25,0.09440277516841888
GAS,BAD,UCB_WITHOUT_VAE_UNCERTAINTY,53,Cost loss,26,0.09395645558834076
GAS,BAD,UCB_WITHOUT_VAE_UNCERTAINTY,53,Cost loss,27,0.09190216660499573
GAS,BAD,UCB_WITHOUT_VAE_UNCERTAINTY,53,Cost loss,28,0.0892002061009407
GAS,BAD,UCB_WITHOUT_VAE_UNCERTAINTY,53,Cost loss,29,0.0898158997297287
GAS,BAD,UCB_WITHOUT_VAE_UNCERTAINTY,53,Cost loss,30,0.08972327411174774
GAS,BAD,UCB_WITHOUT_VAE_UNCERTAINTY,53,Cost loss,31,0.08688151836395264
GAS,BAD,UCB_WITHOUT_VAE_UNCERTAINTY,53,Cost loss,32,0.0862954705953598
GAS,BAD,UCB_WITHOUT_VAE_UNCERTAINTY,53,Cost loss,33,0.08551708608865738
GAS,BAD,UCB_WITHOUT_VAE_UNCERTAINTY,53,Cost loss,34,0.08269011974334717
GAS,BAD,UCB_WITHOUT_VAE_UNCERTAINTY,53,Cost loss,35,0.08281484246253967
GAS,BAD,UCB_WITHOUT_VAE_UNCERTAINTY,53,Cost loss,36,0.08120989799499512
GAS,BAD,UCB_WITHOUT_VAE_UNCERTAINTY,53,Cost loss,37,0.08053675293922424
GAS,BAD,UCB_WITHOUT_VAE_UNCERTAINTY,53,Cost loss,38,0.0784388929605484
GAS,BAD,UCB_WITHOUT_VAE_UNCERTAINTY,53,Cost loss,39,0.07822263240814209
GAS,BAD,UCB_WITHOUT_VAE_UNCERTAINTY,53,Cost loss,40,0.07829602062702179
GAS,BAD,UCB_WITHOUT_VAE_UNCERTAINTY,53,Cost loss,41,0.0768534243106842
GAS,BAD,UCB_WITHOUT_VAE_UNCERTAINTY,53,Cost loss,42,0.07544802129268646
GAS,BAD,UCB_WITHOUT_VAE_UNCERTAINTY,53,Cost loss,43,0.07365316897630692
GAS,BAD,UCB_WITHOUT_VAE_UNCERTAINTY,53,Cost loss,44,0.0726020336151123
GAS,BAD,UCB_WITHOUT_VAE_UNCERTAINTY,53,Cost loss,45,0.07008515298366547
GAS,BAD,UCB_WITHOUT_VAE_UNCERTAINTY,53,Cost loss,46,0.07148069143295288
GAS,BAD,UCB_WITHOUT_VAE_UNCERTAINTY,53,Cost loss,47,0.07217223942279816
GAS,BAD,UCB_WITHOUT_VAE_UNCERTAINTY,53,Cost loss,48,0.07058803737163544
GAS,BAD,UCB_WITHOUT_VAE_UNCERTAINTY,53,Cost loss,49,0.06782470643520355
GAS,BAD,UCB_WITHOUT_VAE_UNCERTAINTY,53,Cost loss,50,0.0675172209739685
GAS,BAD,UCB_WITHOUT_VAE_UNCERTAINTY,53,Cost loss,51,0.06501322984695435
GAS,BAD,UCB_WITHOUT_VAE_UNCERTAINTY,53,Cost loss,52,0.06333686411380768
GAS,BAD,UCB_WITHOUT_VAE_UNCERTAINTY,53,Cost loss,53,0.06413339078426361
GAS,BAD,UCB_WITHOUT_VAE_UNCERTAINTY,53,Cost loss,54,0.06093542277812958
GAS,BAD,UCB_WITHOUT_VAE_UNCERTAINTY,53,Cost loss,55,0.06088310480117798
GAS,BAD,UCB_WITHOUT_VAE_UNCERTAINTY,53,Cost loss,56,0.06120549142360687
GAS,BAD,UCB_WITHOUT_VAE_UNCERTAINTY,53,Cost loss,57,0.05957498773932457
GAS,BAD,UCB_WITHOUT_VAE_UNCERTAINTY,53,Cost loss,58,0.05764119699597359
GAS,BAD,UCB_WITHOUT_VAE_UNCERTAINTY,53,Cost loss,59,0.056808046996593475
GAS,BAD,UCB_WITHOUT_VAE_UNCERTAINTY,53,Cost loss,60,0.057158976793289185
GAS,BAD,UCB_WITHOUT_VAE_UNCERTAINTY,53,Cost loss,61,0.05553802102804184
GAS,BAD,UCB_WITHOUT_VAE_UNCERTAINTY,53,Cost loss,62,0.05512716621160507
GAS,BAD,UCB_WITHOUT_VAE_UNCERTAINTY,53,Cost loss,63,0.052708692848682404
GAS,BAD,UCB_WITHOUT_VAE_UNCERTAINTY,53,Cost loss,64,0.05229063332080841
GAS,BAD,UCB_WITHOUT_VAE_UNCERTAINTY,53,Cost loss,65,0.0518035888671875
GAS,BAD,UCB_WITHOUT_VAE_UNCERTAINTY,53,Cost loss,66,0.05136070400476456
GAS,BAD,UCB_WITHOUT_VAE_UNCERTAINTY,53,Cost loss,67,0.05008940398693085
GAS,BAD,UCB_WITHOUT_VAE_UNCERTAINTY,53,Cost loss,68,0.04996706545352936
GAS,BAD,UCB_WITHOUT_VAE_UNCERTAINTY,53,Cost loss,69,0.047611579298973083
GAS,BAD,UCB_WITHOUT_VAE_UNCERTAINTY,53,Cost loss,70,0.04743916168808937
GAS,BAD,UCB_WITHOUT_VAE_UNCERTAINTY,53,Cost loss,71,0.04682618007063866
GAS,BAD,UCB_WITHOUT_VAE_UNCERTAINTY,53,Cost loss,72,0.04627024009823799
GAS,BAD,UCB_WITHOUT_VAE_UNCERTAINTY,53,Cost loss,73,0.044607747346162796
GAS,BAD,UCB_WITHOUT_VAE_UNCERTAINTY,53,Cost loss,74,0.043120916932821274
GAS,BAD,UCB_WITHOUT_VAE_UNCERTAINTY,53,Cost loss,75,0.04291576147079468
GAS,BAD,UCB_WITHOUT_VAE_UNCERTAINTY,53,Cost loss,76,0.04241158440709114
GAS,BAD,UCB_WITHOUT_VAE_UNCERTAINTY,53,Cost loss,77,0.04146174341440201
GAS,BAD,UCB_WITHOUT_VAE_UNCERTAINTY,53,Cost loss,78,0.04014430195093155
GAS,BAD,UCB_WITHOUT_VAE_UNCERTAINTY,53,Cost loss,79,0.039763178676366806
GAS,BAD,UCB_WITHOUT_VAE_UNCERTAINTY,53,Cost loss,80,0.03932495042681694
GAS,BAD,UCB_WITHOUT_VAE_UNCERTAINTY,53,Cost loss,81,0.037072692066431046
GAS,BAD,UCB_WITHOUT_VAE_UNCERTAINTY,53,Cost loss,82,0.03739016503095627
GAS,BAD,UCB_WITHOUT_VAE_UNCERTAINTY,53,Cost loss,83,0.038089875131845474
GAS,BAD,UCB_WITHOUT_VAE_UNCERTAINTY,53,Cost loss,84,0.03723747283220291
GAS,BAD,UCB_WITHOUT_VAE_UNCERTAINTY,53,Cost loss,85,0.034719038754701614
GAS,BAD,UCB_WITHOUT_VAE_UNCERTAINTY,53,Cost loss,86,0.03604242205619812
GAS,BAD,UCB_WITHOUT_VAE_UNCERTAINTY,53,Cost loss,87,0.03470141440629959
GAS,BAD,UCB_WITHOUT_VAE_UNCERTAINTY,53,Cost loss,88,0.03460437059402466
GAS,BAD,UCB_WITHOUT_VAE_UNCERTAINTY,53,Cost loss,89,0.033033475279808044
GAS,BAD,UCB_WITHOUT_VAE_UNCERTAINTY,53,Cost loss,90,0.03257565572857857
GAS,BAD,UCB_WITHOUT_VAE_UNCERTAINTY,53,Cost loss,91,0.030910992994904518
GAS,BAD,UCB_WITHOUT_VAE_UNCERTAINTY,53,Cost loss,92,0.031079750508069992
GAS,BAD,UCB_WITHOUT_VAE_UNCERTAINTY,53,Cost loss,93,0.030104495584964752
GAS,BAD,UCB_WITHOUT_VAE_UNCERTAINTY,53,Cost loss,94,0.03146745264530182
GAS,BAD,UCB_WITHOUT_VAE_UNCERTAINTY,53,Cost loss,95,0.028915341943502426
GAS,BAD,UCB_WITHOUT_VAE_UNCERTAINTY,53,Cost loss,96,0.028441332280635834
GAS,BAD,UCB_WITHOUT_VAE_UNCERTAINTY,53,Cost loss,97,0.028351765125989914
GAS,BAD,UCB_WITHOUT_VAE_UNCERTAINTY,53,Cost loss,98,0.029087089002132416
GAS,BAD,UCB_WITHOUT_VAE_UNCERTAINTY,53,Cost loss,99,0.027094095945358276
GAS,BAD,UCB_WITHOUT_VAE_UNCERTAINTY,53,Cost loss,100,0.026873160153627396
GAS,BAD,UCB_WITHOUT_VAE_UNCERTAINTY,53,Cost loss,101,0.024622704833745956
GAS,BAD,UCB_WITHOUT_VAE_UNCERTAINTY,53,Cost loss,102,0.024616705253720284
GAS,BAD,UCB_WITHOUT_VAE_UNCERTAINTY,53,Cost loss,103,0.024720437824726105
GAS,BAD,UCB_WITHOUT_VAE_UNCERTAINTY,53,Cost loss,104,0.025736182928085327
GAS,BAD,UCB_WITHOUT_VAE_UNCERTAINTY,53,Cost loss,105,0.0224752239882946
GAS,BAD,UCB_WITHOUT_VAE_UNCERTAINTY,53,Cost loss,106,0.023587921634316444
GAS,BAD,UCB_WITHOUT_VAE_UNCERTAINTY,53,Cost loss,107,0.023905254900455475
GAS,BAD,UCB_WITHOUT_VAE_UNCERTAINTY,53,Cost loss,108,0.021266721189022064
GAS,BAD,UCB_WITHOUT_VAE_UNCERTAINTY,53,Cost loss,109,0.020689046010375023
GAS,BAD,UCB_WITHOUT_VAE_UNCERTAINTY,53,Cost loss,110,0.020528852939605713
GAS,BAD,UCB_WITHOUT_VAE_UNCERTAINTY,53,Cost loss,111,0.019820131361484528
GAS,BAD,UCB_WITHOUT_VAE_UNCERTAINTY,53,Cost loss,112,0.018167197704315186
GAS,BAD,UCB_WITHOUT_VAE_UNCERTAINTY,53,Cost loss,113,0.018862571567296982
GAS,BAD,UCB_WITHOUT_VAE_UNCERTAINTY,53,Cost loss,114,0.018679235130548477
GAS,BAD,UCB_WITHOUT_VAE_UNCERTAINTY,53,Cost loss,115,0.019016843289136887
GAS,BAD,UCB_WITHOUT_VAE_UNCERTAINTY,53,Cost loss,116,0.01830616034567356
GAS,BAD,UCB_WITHOUT_VAE_UNCERTAINTY,53,Cost loss,117,0.016618376597762108
GAS,BAD,UCB_WITHOUT_VAE_UNCERTAINTY,53,Cost loss,118,0.017121419310569763
GAS,BAD,UCB_WITHOUT_VAE_UNCERTAINTY,53,Cost loss,119,0.015262993983924389
GAS,BAD,UCB_WITHOUT_VAE_UNCERTAINTY,53,Cost loss,120,0.014522939920425415
GAS,BAD,UCB_WITHOUT_VAE_UNCERTAINTY,53,Cost loss,121,0.015050597488880157
GAS,BAD,UCB_WITHOUT_VAE_UNCERTAINTY,53,Cost loss,122,0.014499545097351074
GAS,BAD,UCB_WITHOUT_VAE_UNCERTAINTY,53,Cost loss,123,0.014411714859306812
GAS,BAD,UCB_WITHOUT_VAE_UNCERTAINTY,53,Cost loss,124,0.013593808747828007
GAS,BAD,UCB_WITHOUT_VAE_UNCERTAINTY,53,Cost loss,125,0.013646034523844719
GAS,BAD,UCB_WITHOUT_VAE_UNCERTAINTY,53,Cost loss,126,0.012868117541074753
GAS,BAD,UCB_WITHOUT_VAE_UNCERTAINTY,53,Cost loss,127,0.012326383963227272
GAS,BAD,UCB_WITHOUT_VAE_UNCERTAINTY,53,Cost loss,128,0.01209498941898346
GAS,BAD,UCB_WITHOUT_VAE_UNCERTAINTY,53,Cost loss,129,0.01161899697035551
GAS,BAD,UCB_WITHOUT_VAE_UNCERTAINTY,53,Cost loss,130,0.01127787958830595
GAS,BAD,UCB_WITHOUT_VAE_UNCERTAINTY,53,Cost loss,131,0.01066414825618267
GAS,BAD,UCB_WITHOUT_VAE_UNCERTAINTY,53,Cost loss,132,0.01037344429641962
GAS,BAD,UCB_WITHOUT_VAE_UNCERTAINTY,53,Cost loss,133,0.010266056284308434
GAS,BAD,UCB_WITHOUT_VAE_UNCERTAINTY,53,Cost loss,134,0.010061897337436676
GAS,BAD,UCB_WITHOUT_VAE_UNCERTAINTY,53,Cost loss,135,0.010546715930104256
GAS,BAD,UCB_WITHOUT_VAE_UNCERTAINTY,53,Cost loss,136,0.010450108908116817
GAS,BAD,UCB_WITHOUT_VAE_UNCERTAINTY,53,Cost loss,137,0.009847912937402725
GAS,BAD,UCB_WITHOUT_VAE_UNCERTAINTY,53,Cost loss,138,0.009650623425841331
GAS,BAD,UCB_WITHOUT_VAE_UNCERTAINTY,53,Cost loss,139,0.009622054174542427
GAS,BAD,UCB_WITHOUT_VAE_UNCERTAINTY,53,Cost loss,140,0.009671857580542564
GAS,BAD,UCB_WITHOUT_VAE_UNCERTAINTY,53,Cost loss,141,0.00951961986720562
GAS,BAD,UCB_WITHOUT_VAE_UNCERTAINTY,53,Cost loss,142,0.009539896622300148
GAS,BAD,UCB_WITHOUT_VAE_UNCERTAINTY,53,Cost loss,143,0.009523864835500717
GAS,BAD,UCB_WITHOUT_VAE_UNCERTAINTY,53,Cost loss,144,0.009048845618963242
GAS,BAD,UCB_WITHOUT_VAE_UNCERTAINTY,54,Q loss,0,0.02241632156074047
GAS,BAD,UCB_WITHOUT_VAE_UNCERTAINTY,54,Q loss,1,0.01268856879323721
GAS,BAD,UCB_WITHOUT_VAE_UNCERTAINTY,54,Q loss,2,0.010893693193793297
GAS,BAD,UCB_WITHOUT_VAE_UNCERTAINTY,54,Q loss,3,0.057072609663009644
GAS,BAD,UCB_WITHOUT_VAE_UNCERTAINTY,54,Q loss,4,0.029669852927327156
GAS,BAD,UCB_WITHOUT_VAE_UNCERTAINTY,54,Q loss,5,0.03146898373961449
GAS,BAD,UCB_WITHOUT_VAE_UNCERTAINTY,54,Q loss,6,0.01598406210541725
GAS,BAD,UCB_WITHOUT_VAE_UNCERTAINTY,54,Q loss,7,0.013698399998247623
GAS,BAD,UCB_WITHOUT_VAE_UNCERTAINTY,54,Q loss,8,0.012423143722116947
GAS,BAD,UCB_WITHOUT_VAE_UNCERTAINTY,54,Q loss,9,0.01362833846360445
GAS,BAD,UCB_WITHOUT_VAE_UNCERTAINTY,54,Q loss,10,0.03986603766679764
GAS,BAD,UCB_WITHOUT_VAE_UNCERTAINTY,54,Q loss,11,0.020716380327939987
GAS,BAD,UCB_WITHOUT_VAE_UNCERTAINTY,54,Q loss,12,0.023517191410064697
GAS,BAD,UCB_WITHOUT_VAE_UNCERTAINTY,54,Q loss,13,0.03477843850851059
GAS,BAD,UCB_WITHOUT_VAE_UNCERTAINTY,54,Q loss,14,0.015608435496687889
GAS,BAD,UCB_WITHOUT_VAE_UNCERTAINTY,54,Q loss,15,0.015613168478012085
GAS,BAD,UCB_WITHOUT_VAE_UNCERTAINTY,54,Q loss,16,0.016141677275300026
GAS,BAD,UCB_WITHOUT_VAE_UNCERTAINTY,54,Q loss,17,0.03119659423828125
GAS,BAD,UCB_WITHOUT_VAE_UNCERTAINTY,54,Q loss,18,0.014841185882687569
GAS,BAD,UCB_WITHOUT_VAE_UNCERTAINTY,54,Q loss,19,0.020269326865673065
GAS,BAD,UCB_WITHOUT_VAE_UNCERTAINTY,54,Q loss,20,0.013718592934310436
GAS,BAD,UCB_WITHOUT_VAE_UNCERTAINTY,54,Q loss,21,0.033990200608968735
GAS,BAD,UCB_WITHOUT_VAE_UNCERTAINTY,54,Q loss,22,0.03694453462958336
GAS,BAD,UCB_WITHOUT_VAE_UNCERTAINTY,54,Q loss,23,0.0668281763792038
GAS,BAD,UCB_WITHOUT_VAE_UNCERTAINTY,54,Q loss,24,0.020171556621789932
GAS,BAD,UCB_WITHOUT_VAE_UNCERTAINTY,54,Q loss,25,0.023791532963514328
GAS,BAD,UCB_WITHOUT_VAE_UNCERTAINTY,54,Q loss,26,0.01801137812435627
GAS,BAD,UCB_WITHOUT_VAE_UNCERTAINTY,54,Q loss,27,0.013435093685984612
GAS,BAD,UCB_WITHOUT_VAE_UNCERTAINTY,54,Q loss,28,0.044551074504852295
GAS,BAD,UCB_WITHOUT_VAE_UNCERTAINTY,54,Q loss,29,0.023715272545814514
GAS,BAD,UCB_WITHOUT_VAE_UNCERTAINTY,54,Q loss,30,0.02611379139125347
GAS,BAD,UCB_WITHOUT_VAE_UNCERTAINTY,54,Q loss,31,0.039600636810064316
GAS,BAD,UCB_WITHOUT_VAE_UNCERTAINTY,54,Q loss,32,0.02194751240313053
GAS,BAD,UCB_WITHOUT_VAE_UNCERTAINTY,54,Q loss,33,0.016276441514492035
GAS,BAD,UCB_WITHOUT_VAE_UNCERTAINTY,54,Q loss,34,0.02582419663667679
GAS,BAD,UCB_WITHOUT_VAE_UNCERTAINTY,54,Q loss,35,0.04295851290225983
GAS,BAD,UCB_WITHOUT_VAE_UNCERTAINTY,54,Q loss,36,0.017354203388094902
GAS,BAD,UCB_WITHOUT_VAE_UNCERTAINTY,54,Q loss,37,0.0143423518165946
GAS,BAD,UCB_WITHOUT_VAE_UNCERTAINTY,54,Q loss,38,0.013094487600028515
GAS,BAD,UCB_WITHOUT_VAE_UNCERTAINTY,54,Q loss,39,0.0405789390206337
GAS,BAD,UCB_WITHOUT_VAE_UNCERTAINTY,54,Q loss,40,0.03249480202794075
GAS,BAD,UCB_WITHOUT_VAE_UNCERTAINTY,54,Q loss,41,0.058975331485271454
GAS,BAD,UCB_WITHOUT_VAE_UNCERTAINTY,54,Q loss,42,0.009950248524546623
GAS,BAD,UCB_WITHOUT_VAE_UNCERTAINTY,54,Q loss,43,0.01663857139647007
GAS,BAD,UCB_WITHOUT_VAE_UNCERTAINTY,54,Q loss,44,0.023889077827334404
GAS,BAD,UCB_WITHOUT_VAE_UNCERTAINTY,54,Q loss,45,0.019355393946170807
GAS,BAD,UCB_WITHOUT_VAE_UNCERTAINTY,54,Q loss,46,0.05343126505613327
GAS,BAD,UCB_WITHOUT_VAE_UNCERTAINTY,54,Q loss,47,0.025377556681632996
GAS,BAD,UCB_WITHOUT_VAE_UNCERTAINTY,54,Q loss,48,0.02560490369796753
GAS,BAD,UCB_WITHOUT_VAE_UNCERTAINTY,54,Q loss,49,0.04371604323387146
GAS,BAD,UCB_WITHOUT_VAE_UNCERTAINTY,54,Q loss,50,0.035327352583408356
GAS,BAD,UCB_WITHOUT_VAE_UNCERTAINTY,54,Q loss,51,0.010313640348613262
GAS,BAD,UCB_WITHOUT_VAE_UNCERTAINTY,54,Q loss,52,0.014377736486494541
GAS,BAD,UCB_WITHOUT_VAE_UNCERTAINTY,54,Q loss,53,0.049136318266391754
GAS,BAD,UCB_WITHOUT_VAE_UNCERTAINTY,54,Q loss,54,0.012497070245444775
GAS,BAD,UCB_WITHOUT_VAE_UNCERTAINTY,54,Q loss,55,0.017191629856824875
GAS,BAD,UCB_WITHOUT_VAE_UNCERTAINTY,54,Q loss,56,0.01279879454523325
GAS,BAD,UCB_WITHOUT_VAE_UNCERTAINTY,54,Q loss,57,0.05107036605477333
GAS,BAD,UCB_WITHOUT_VAE_UNCERTAINTY,54,Q loss,58,0.028472712263464928
GAS,BAD,UCB_WITHOUT_VAE_UNCERTAINTY,54,Q loss,59,0.05270565301179886
GAS,BAD,UCB_WITHOUT_VAE_UNCERTAINTY,54,Q loss,60,0.012072153389453888
GAS,BAD,UCB_WITHOUT_VAE_UNCERTAINTY,54,Q loss,61,0.022745030000805855
GAS,BAD,UCB_WITHOUT_VAE_UNCERTAINTY,54,Q loss,62,0.023110201582312584
GAS,BAD,UCB_WITHOUT_VAE_UNCERTAINTY,54,Q loss,63,0.01445864699780941
GAS,BAD,UCB_WITHOUT_VAE_UNCERTAINTY,54,Q loss,64,0.02898971550166607
GAS,BAD,UCB_WITHOUT_VAE_UNCERTAINTY,54,Q loss,65,0.02164575457572937
GAS,BAD,UCB_WITHOUT_VAE_UNCERTAINTY,54,Q loss,66,0.015110306441783905
GAS,BAD,UCB_WITHOUT_VAE_UNCERTAINTY,54,Q loss,67,0.02555748261511326
GAS,BAD,UCB_WITHOUT_VAE_UNCERTAINTY,54,Q loss,68,0.0257661584764719
GAS,BAD,UCB_WITHOUT_VAE_UNCERTAINTY,54,Q loss,69,0.016031654551625252
GAS,BAD,UCB_WITHOUT_VAE_UNCERTAINTY,54,Q loss,70,0.018502667546272278
GAS,BAD,UCB_WITHOUT_VAE_UNCERTAINTY,54,Q loss,71,0.06278570741415024
GAS,BAD,UCB_WITHOUT_VAE_UNCERTAINTY,54,Q loss,72,0.013610521331429482
GAS,BAD,UCB_WITHOUT_VAE_UNCERTAINTY,54,Q loss,73,0.01896825060248375
GAS,BAD,UCB_WITHOUT_VAE_UNCERTAINTY,54,Q loss,74,0.010061994194984436
GAS,BAD,UCB_WITHOUT_VAE_UNCERTAINTY,54,Q loss,75,0.04396390914916992
GAS,BAD,UCB_WITHOUT_VAE_UNCERTAINTY,54,Q loss,76,0.042656075209379196
GAS,BAD,UCB_WITHOUT_VAE_UNCERTAINTY,54,Q loss,77,0.0697128102183342
GAS,BAD,UCB_WITHOUT_VAE_UNCERTAINTY,54,Q loss,78,0.022090014070272446
GAS,BAD,UCB_WITHOUT_VAE_UNCERTAINTY,54,Q loss,79,0.02743534743785858
GAS,BAD,UCB_WITHOUT_VAE_UNCERTAINTY,54,Q loss,80,0.029281694442033768
GAS,BAD,UCB_WITHOUT_VAE_UNCERTAINTY,54,Q loss,81,0.011314570903778076
GAS,BAD,UCB_WITHOUT_VAE_UNCERTAINTY,54,Q loss,82,0.037066347897052765
GAS,BAD,UCB_WITHOUT_VAE_UNCERTAINTY,54,Q loss,83,0.019847599789500237
GAS,BAD,UCB_WITHOUT_VAE_UNCERTAINTY,54,Q loss,84,0.01778411492705345
GAS,BAD,UCB_WITHOUT_VAE_UNCERTAINTY,54,Q loss,85,0.05193718895316124
GAS,BAD,UCB_WITHOUT_VAE_UNCERTAINTY,54,Q loss,86,0.034559816122055054
GAS,BAD,UCB_WITHOUT_VAE_UNCERTAINTY,54,Q loss,87,0.015158988535404205
GAS,BAD,UCB_WITHOUT_VAE_UNCERTAINTY,54,Q loss,88,0.02012212947010994
GAS,BAD,UCB_WITHOUT_VAE_UNCERTAINTY,54,Q loss,89,0.03819893300533295
GAS,BAD,UCB_WITHOUT_VAE_UNCERTAINTY,54,Q loss,90,0.009726946242153645
GAS,BAD,UCB_WITHOUT_VAE_UNCERTAINTY,54,Q loss,91,0.009802740067243576
GAS,BAD,UCB_WITHOUT_VAE_UNCERTAINTY,54,Q loss,92,0.008484012447297573
GAS,BAD,UCB_WITHOUT_VAE_UNCERTAINTY,54,Q loss,93,0.05423027276992798
GAS,BAD,UCB_WITHOUT_VAE_UNCERTAINTY,54,Q loss,94,0.039827167987823486
GAS,BAD,UCB_WITHOUT_VAE_UNCERTAINTY,54,Q loss,95,0.05359466373920441
GAS,BAD,UCB_WITHOUT_VAE_UNCERTAINTY,54,Q loss,96,0.011900758370757103
GAS,BAD,UCB_WITHOUT_VAE_UNCERTAINTY,54,Q loss,97,0.021917138248682022
GAS,BAD,UCB_WITHOUT_VAE_UNCERTAINTY,54,Q loss,98,0.018497783690690994
GAS,BAD,UCB_WITHOUT_VAE_UNCERTAINTY,54,Q loss,99,0.010126485489308834
GAS,BAD,UCB_WITHOUT_VAE_UNCERTAINTY,54,Q loss,100,0.04682984948158264
GAS,BAD,UCB_WITHOUT_VAE_UNCERTAINTY,54,Q loss,101,0.018177099525928497
GAS,BAD,UCB_WITHOUT_VAE_UNCERTAINTY,54,Q loss,102,0.012311521917581558
GAS,BAD,UCB_WITHOUT_VAE_UNCERTAINTY,54,Q loss,103,0.020813243463635445
GAS,BAD,UCB_WITHOUT_VAE_UNCERTAINTY,54,Q loss,104,0.025468766689300537
GAS,BAD,UCB_WITHOUT_VAE_UNCERTAINTY,54,Q loss,105,0.010180744342505932
GAS,BAD,UCB_WITHOUT_VAE_UNCERTAINTY,54,Q loss,106,0.013699190691113472
GAS,BAD,UCB_WITHOUT_VAE_UNCERTAINTY,54,Q loss,107,0.037462975829839706
GAS,BAD,UCB_WITHOUT_VAE_UNCERTAINTY,54,Q loss,108,0.0075502037070691586
GAS,BAD,UCB_WITHOUT_VAE_UNCERTAINTY,54,Q loss,109,0.011027729138731956
GAS,BAD,UCB_WITHOUT_VAE_UNCERTAINTY,54,Q loss,110,0.007084833923727274
GAS,BAD,UCB_WITHOUT_VAE_UNCERTAINTY,54,Q loss,111,0.0353778675198555
GAS,BAD,UCB_WITHOUT_VAE_UNCERTAINTY,54,Q loss,112,0.031759653240442276
GAS,BAD,UCB_WITHOUT_VAE_UNCERTAINTY,54,Q loss,113,0.055182263255119324
GAS,BAD,UCB_WITHOUT_VAE_UNCERTAINTY,54,Q loss,114,0.008637841790914536
GAS,BAD,UCB_WITHOUT_VAE_UNCERTAINTY,54,Q loss,115,0.013723354786634445
GAS,BAD,UCB_WITHOUT_VAE_UNCERTAINTY,54,Q loss,116,0.011754472739994526
GAS,BAD,UCB_WITHOUT_VAE_UNCERTAINTY,54,Q loss,117,0.009406177327036858
GAS,BAD,UCB_WITHOUT_VAE_UNCERTAINTY,54,Q loss,118,0.020704185590147972
GAS,BAD,UCB_WITHOUT_VAE_UNCERTAINTY,54,Q loss,119,0.024061128497123718
GAS,BAD,UCB_WITHOUT_VAE_UNCERTAINTY,54,Q loss,120,0.006731032393872738
GAS,BAD,UCB_WITHOUT_VAE_UNCERTAINTY,54,Q loss,121,0.024584822356700897
GAS,BAD,UCB_WITHOUT_VAE_UNCERTAINTY,54,Q loss,122,0.022006342187523842
GAS,BAD,UCB_WITHOUT_VAE_UNCERTAINTY,54,Q loss,123,0.011561723425984383
GAS,BAD,UCB_WITHOUT_VAE_UNCERTAINTY,54,Q loss,124,0.01865086331963539
GAS,BAD,UCB_WITHOUT_VAE_UNCERTAINTY,54,Q loss,125,0.034861303865909576
GAS,BAD,UCB_WITHOUT_VAE_UNCERTAINTY,54,Q loss,126,0.005766692571341991
GAS,BAD,UCB_WITHOUT_VAE_UNCERTAINTY,54,Q loss,127,0.011390811763703823
GAS,BAD,UCB_WITHOUT_VAE_UNCERTAINTY,54,Q loss,128,0.010832363739609718
GAS,BAD,UCB_WITHOUT_VAE_UNCERTAINTY,54,Q loss,129,0.029605429619550705
GAS,BAD,UCB_WITHOUT_VAE_UNCERTAINTY,54,Q loss,130,0.0325787179172039
GAS,BAD,UCB_WITHOUT_VAE_UNCERTAINTY,54,Q loss,131,0.052258677780628204
GAS,BAD,UCB_WITHOUT_VAE_UNCERTAINTY,54,Q loss,132,0.018266139551997185
GAS,BAD,UCB_WITHOUT_VAE_UNCERTAINTY,54,Q loss,133,0.024007733911275864
GAS,BAD,UCB_WITHOUT_VAE_UNCERTAINTY,54,Q loss,134,0.018293991684913635
GAS,BAD,UCB_WITHOUT_VAE_UNCERTAINTY,54,Q loss,135,0.006672469899058342
GAS,BAD,UCB_WITHOUT_VAE_UNCERTAINTY,54,Q loss,136,0.028558697551488876
GAS,BAD,UCB_WITHOUT_VAE_UNCERTAINTY,54,Q loss,137,0.00938020832836628
GAS,BAD,UCB_WITHOUT_VAE_UNCERTAINTY,54,Q loss,138,0.007550032343715429
GAS,BAD,UCB_WITHOUT_VAE_UNCERTAINTY,54,Q loss,139,0.0356709323823452
GAS,BAD,UCB_WITHOUT_VAE_UNCERTAINTY,54,Q loss,140,0.022859001532197
GAS,BAD,UCB_WITHOUT_VAE_UNCERTAINTY,54,Q loss,141,0.006406380329281092
GAS,BAD,UCB_WITHOUT_VAE_UNCERTAINTY,54,Q loss,142,0.01419425942003727
GAS,BAD,UCB_WITHOUT_VAE_UNCERTAINTY,54,Q loss,143,0.026012634858489037
GAS,BAD,UCB_WITHOUT_VAE_UNCERTAINTY,54,Q loss,144,0.0059883021749556065
GAS,BAD,UCB_WITHOUT_VAE_UNCERTAINTY,54,Q loss,145,0.007995910942554474
GAS,BAD,UCB_WITHOUT_VAE_UNCERTAINTY,54,Q loss,146,0.00463364040479064
GAS,BAD,UCB_WITHOUT_VAE_UNCERTAINTY,54,Q loss,147,0.022645870223641396
GAS,BAD,UCB_WITHOUT_VAE_UNCERTAINTY,54,Q loss,148,0.026914384216070175
GAS,BAD,UCB_WITHOUT_VAE_UNCERTAINTY,54,Q loss,149,0.04999115318059921
GAS,BAD,UCB_WITHOUT_VAE_UNCERTAINTY,54,Q loss,150,0.006102687679231167
GAS,BAD,UCB_WITHOUT_VAE_UNCERTAINTY,54,Q loss,151,0.01819915696978569
GAS,BAD,UCB_WITHOUT_VAE_UNCERTAINTY,54,Q loss,152,0.010433304123580456
GAS,BAD,UCB_WITHOUT_VAE_UNCERTAINTY,54,Q loss,153,0.00786033645272255
GAS,BAD,UCB_WITHOUT_VAE_UNCERTAINTY,54,Q loss,154,0.025843027979135513
GAS,BAD,UCB_WITHOUT_VAE_UNCERTAINTY,54,Q loss,155,0.017662571743130684
GAS,BAD,UCB_WITHOUT_VAE_UNCERTAINTY,54,Q loss,156,0.005383734591305256
GAS,BAD,UCB_WITHOUT_VAE_UNCERTAINTY,54,Q loss,157,0.0282602421939373
GAS,BAD,UCB_WITHOUT_VAE_UNCERTAINTY,54,Q loss,158,0.011581752449274063
GAS,BAD,UCB_WITHOUT_VAE_UNCERTAINTY,54,Q loss,159,0.0066254413686692715
GAS,BAD,UCB_WITHOUT_VAE_UNCERTAINTY,54,Q loss,160,0.01234184205532074
GAS,BAD,UCB_WITHOUT_VAE_UNCERTAINTY,54,Q loss,161,0.01848643459379673
GAS,BAD,UCB_WITHOUT_VAE_UNCERTAINTY,54,Q loss,162,0.006680664140731096
GAS,BAD,UCB_WITHOUT_VAE_UNCERTAINTY,54,Q loss,163,0.006090941373258829
GAS,BAD,UCB_WITHOUT_VAE_UNCERTAINTY,54,Q loss,164,0.006657489575445652
GAS,BAD,UCB_WITHOUT_VAE_UNCERTAINTY,54,Q loss,165,0.0285785011947155
GAS,BAD,UCB_WITHOUT_VAE_UNCERTAINTY,54,Q loss,166,0.022627826780080795
GAS,BAD,UCB_WITHOUT_VAE_UNCERTAINTY,54,Q loss,167,0.04538498818874359
GAS,BAD,UCB_WITHOUT_VAE_UNCERTAINTY,54,Q loss,168,0.006300672888755798
GAS,BAD,UCB_WITHOUT_VAE_UNCERTAINTY,54,Q loss,169,0.017489032819867134
GAS,BAD,UCB_WITHOUT_VAE_UNCERTAINTY,54,Q loss,170,0.01275731809437275
GAS,BAD,UCB_WITHOUT_VAE_UNCERTAINTY,54,Q loss,171,0.00424228236079216
GAS,BAD,UCB_WITHOUT_VAE_UNCERTAINTY,54,Q loss,172,0.01630266383290291
GAS,BAD,UCB_WITHOUT_VAE_UNCERTAINTY,54,Q loss,173,0.006450967397540808
GAS,BAD,UCB_WITHOUT_VAE_UNCERTAINTY,54,Q loss,174,0.006295368075370789
GAS,BAD,UCB_WITHOUT_VAE_UNCERTAINTY,54,Q loss,175,0.01596466451883316
GAS,BAD,UCB_WITHOUT_VAE_UNCERTAINTY,54,Q loss,176,0.019267410039901733
GAS,BAD,UCB_WITHOUT_VAE_UNCERTAINTY,54,Q loss,177,0.007994582876563072
GAS,BAD,UCB_WITHOUT_VAE_UNCERTAINTY,54,Q loss,178,0.010286311618983746
GAS,BAD,UCB_WITHOUT_VAE_UNCERTAINTY,54,Q loss,179,0.016969025135040283
GAS,BAD,UCB_WITHOUT_VAE_UNCERTAINTY,54,Q loss,180,0.008102119900286198
GAS,BAD,UCB_WITHOUT_VAE_UNCERTAINTY,54,Q loss,181,0.005289744585752487
GAS,BAD,UCB_WITHOUT_VAE_UNCERTAINTY,54,Q loss,182,0.006819800473749638
GAS,BAD,UCB_WITHOUT_VAE_UNCERTAINTY,54,Q loss,183,0.020706165581941605
GAS,BAD,UCB_WITHOUT_VAE_UNCERTAINTY,54,Q loss,184,0.018960196524858475
GAS,BAD,UCB_WITHOUT_VAE_UNCERTAINTY,54,Q loss,185,0.042524710297584534
GAS,BAD,UCB_WITHOUT_VAE_UNCERTAINTY,54,Q loss,186,0.004708973225206137
GAS,BAD,UCB_WITHOUT_VAE_UNCERTAINTY,54,Q loss,187,0.015386444516479969
GAS,BAD,UCB_WITHOUT_VAE_UNCERTAINTY,54,Q loss,188,0.012054719030857086
GAS,BAD,UCB_WITHOUT_VAE_UNCERTAINTY,54,Q loss,189,0.005249982234090567
GAS,BAD,UCB_WITHOUT_VAE_UNCERTAINTY,54,Q loss,190,0.020075907930731773
GAS,BAD,UCB_WITHOUT_VAE_UNCERTAINTY,54,Q loss,191,0.005471290089190006
GAS,BAD,UCB_WITHOUT_VAE_UNCERTAINTY,54,Q loss,192,0.005766742397099733
GAS,BAD,UCB_WITHOUT_VAE_UNCERTAINTY,54,Q loss,193,0.010281643830239773
GAS,BAD,UCB_WITHOUT_VAE_UNCERTAINTY,54,Q loss,194,0.012367436662316322
GAS,BAD,UCB_WITHOUT_VAE_UNCERTAINTY,54,Q loss,195,0.007191795855760574
GAS,BAD,UCB_WITHOUT_VAE_UNCERTAINTY,54,Q loss,196,0.007731611840426922
GAS,BAD,UCB_WITHOUT_VAE_UNCERTAINTY,54,Q loss,197,0.012770860455930233
GAS,BAD,UCB_WITHOUT_VAE_UNCERTAINTY,54,Q loss,198,0.0016100904904305935
GAS,BAD,UCB_WITHOUT_VAE_UNCERTAINTY,54,Q loss,199,0.006253965198993683
GAS,BAD,UCB_WITHOUT_VAE_UNCERTAINTY,54,Q loss,200,0.0028661517426371574
GAS,BAD,UCB_WITHOUT_VAE_UNCERTAINTY,54,Q loss,201,0.014658071100711823
GAS,BAD,UCB_WITHOUT_VAE_UNCERTAINTY,54,Q loss,202,0.021447889506816864
GAS,BAD,UCB_WITHOUT_VAE_UNCERTAINTY,54,Q loss,203,0.037274934351444244
GAS,BAD,UCB_WITHOUT_VAE_UNCERTAINTY,54,Q loss,204,0.00387668632902205
GAS,BAD,UCB_WITHOUT_VAE_UNCERTAINTY,54,Q loss,205,0.01198895089328289
GAS,BAD,UCB_WITHOUT_VAE_UNCERTAINTY,54,Q loss,206,0.012919588014483452
GAS,BAD,UCB_WITHOUT_VAE_UNCERTAINTY,54,Q loss,207,0.0034524621441960335
GAS,BAD,UCB_WITHOUT_VAE_UNCERTAINTY,54,Q loss,208,0.011384984478354454
GAS,BAD,UCB_WITHOUT_VAE_UNCERTAINTY,54,Q loss,209,0.008638067170977592
GAS,BAD,UCB_WITHOUT_VAE_UNCERTAINTY,54,Q loss,210,0.003077011089771986
GAS,BAD,UCB_WITHOUT_VAE_UNCERTAINTY,54,Q loss,211,0.009795719757676125
GAS,BAD,UCB_WITHOUT_VAE_UNCERTAINTY,54,Q loss,212,0.013046110048890114
GAS,BAD,UCB_WITHOUT_VAE_UNCERTAINTY,54,Q loss,213,0.0036042099818587303
GAS,BAD,UCB_WITHOUT_VAE_UNCERTAINTY,54,Q loss,214,0.006252041086554527
GAS,BAD,UCB_WITHOUT_VAE_UNCERTAINTY,54,Q loss,215,0.009925957769155502
GAS,BAD,UCB_WITHOUT_VAE_UNCERTAINTY,54,Q loss,216,0.00321821216493845
GAS,BAD,UCB_WITHOUT_VAE_UNCERTAINTY,54,Q loss,217,0.00523228058591485
GAS,BAD,UCB_WITHOUT_VAE_UNCERTAINTY,54,Q loss,218,0.003589675761759281
GAS,BAD,UCB_WITHOUT_VAE_UNCERTAINTY,54,Q loss,219,0.020580250769853592
GAS,BAD,UCB_WITHOUT_VAE_UNCERTAINTY,54,Q loss,220,0.0192577987909317
GAS,BAD,UCB_WITHOUT_VAE_UNCERTAINTY,54,Q loss,221,0.03808073699474335
GAS,BAD,UCB_WITHOUT_VAE_UNCERTAINTY,54,Q loss,222,0.009486858732998371
GAS,BAD,UCB_WITHOUT_VAE_UNCERTAINTY,54,Q loss,223,0.014041973277926445
GAS,BAD,UCB_WITHOUT_VAE_UNCERTAINTY,54,Q loss,224,0.009224524721503258
GAS,BAD,UCB_WITHOUT_VAE_UNCERTAINTY,54,Q loss,225,0.002875156234949827
GAS,BAD,UCB_WITHOUT_VAE_UNCERTAINTY,54,Q loss,226,0.01792939007282257
GAS,BAD,UCB_WITHOUT_VAE_UNCERTAINTY,54,Q loss,227,0.0056798746809363365
GAS,BAD,UCB_WITHOUT_VAE_UNCERTAINTY,54,Q loss,228,0.004695279989391565
GAS,BAD,UCB_WITHOUT_VAE_UNCERTAINTY,54,Q loss,229,0.009079350158572197
GAS,BAD,UCB_WITHOUT_VAE_UNCERTAINTY,54,Q loss,230,0.011193308979272842
GAS,BAD,UCB_WITHOUT_VAE_UNCERTAINTY,54,Q loss,231,0.00258422177284956
GAS,BAD,UCB_WITHOUT_VAE_UNCERTAINTY,54,Q loss,232,0.005085868760943413
GAS,BAD,UCB_WITHOUT_VAE_UNCERTAINTY,54,Q loss,233,0.006140829063951969
GAS,BAD,UCB_WITHOUT_VAE_UNCERTAINTY,54,Q loss,234,0.0024634962901473045
GAS,BAD,UCB_WITHOUT_VAE_UNCERTAINTY,54,Q loss,235,0.002819403540343046
GAS,BAD,UCB_WITHOUT_VAE_UNCERTAINTY,54,Q loss,236,0.005259173456579447
GAS,BAD,UCB_WITHOUT_VAE_UNCERTAINTY,54,Q loss,237,0.014791840687394142
GAS,BAD,UCB_WITHOUT_VAE_UNCERTAINTY,54,Q loss,238,0.021772043779492378
GAS,BAD,UCB_WITHOUT_VAE_UNCERTAINTY,54,Q loss,239,0.03188154101371765
GAS,BAD,UCB_WITHOUT_VAE_UNCERTAINTY,54,Q loss,240,0.005895785056054592
GAS,BAD,UCB_WITHOUT_VAE_UNCERTAINTY,54,Q loss,241,0.010076256468892097
GAS,BAD,UCB_WITHOUT_VAE_UNCERTAINTY,54,Q loss,242,0.007884020917117596
GAS,BAD,UCB_WITHOUT_VAE_UNCERTAINTY,54,Q loss,243,0.004669716581702232
GAS,BAD,UCB_WITHOUT_VAE_UNCERTAINTY,54,Q loss,244,0.008542745374143124
GAS,BAD,UCB_WITHOUT_VAE_UNCERTAINTY,54,Q loss,245,0.004067630972713232
GAS,BAD,UCB_WITHOUT_VAE_UNCERTAINTY,54,Q loss,246,0.0017978554824367166
GAS,BAD,UCB_WITHOUT_VAE_UNCERTAINTY,54,Q loss,247,0.009286022745072842
GAS,BAD,UCB_WITHOUT_VAE_UNCERTAINTY,54,Q loss,248,0.008027562871575356
GAS,BAD,UCB_WITHOUT_VAE_UNCERTAINTY,54,Q loss,249,0.002376195974647999
GAS,BAD,UCB_WITHOUT_VAE_UNCERTAINTY,54,Q loss,250,0.004085335414856672
GAS,BAD,UCB_WITHOUT_VAE_UNCERTAINTY,54,Q loss,251,0.014374754391610622
GAS,BAD,UCB_WITHOUT_VAE_UNCERTAINTY,54,Q loss,252,0.0038735424168407917
GAS,BAD,UCB_WITHOUT_VAE_UNCERTAINTY,54,Q loss,253,0.0038714506663382053
GAS,BAD,UCB_WITHOUT_VAE_UNCERTAINTY,54,Q loss,254,0.002907734364271164
GAS,BAD,UCB_WITHOUT_VAE_UNCERTAINTY,54,Q loss,255,0.009774458594620228
GAS,BAD,UCB_WITHOUT_VAE_UNCERTAINTY,54,Q loss,256,0.02069077081978321
GAS,BAD,UCB_WITHOUT_VAE_UNCERTAINTY,54,Q loss,257,0.03609630838036537
GAS,BAD,UCB_WITHOUT_VAE_UNCERTAINTY,54,Q loss,258,0.004859656095504761
GAS,BAD,UCB_WITHOUT_VAE_UNCERTAINTY,54,Q loss,259,0.008252261206507683
GAS,BAD,UCB_WITHOUT_VAE_UNCERTAINTY,54,Q loss,260,0.008091481402516365
GAS,BAD,UCB_WITHOUT_VAE_UNCERTAINTY,54,Q loss,261,0.003455179976299405
GAS,BAD,UCB_WITHOUT_VAE_UNCERTAINTY,54,Q loss,262,0.004727030172944069
GAS,BAD,UCB_WITHOUT_VAE_UNCERTAINTY,54,Q loss,263,0.002867738250643015
GAS,BAD,UCB_WITHOUT_VAE_UNCERTAINTY,54,Q loss,264,0.002944543492048979
GAS,BAD,UCB_WITHOUT_VAE_UNCERTAINTY,54,Q loss,265,0.01019201148301363
GAS,BAD,UCB_WITHOUT_VAE_UNCERTAINTY,54,Q loss,266,0.006431488320231438
GAS,BAD,UCB_WITHOUT_VAE_UNCERTAINTY,54,Q loss,267,0.0030724897515028715
GAS,BAD,UCB_WITHOUT_VAE_UNCERTAINTY,54,Q loss,268,0.0031568100675940514
GAS,BAD,UCB_WITHOUT_VAE_UNCERTAINTY,54,Q loss,269,0.005116287153214216
GAS,BAD,UCB_WITHOUT_VAE_UNCERTAINTY,54,Q loss,270,0.002351651666685939
GAS,BAD,UCB_WITHOUT_VAE_UNCERTAINTY,54,Q loss,271,0.002428041771054268
GAS,BAD,UCB_WITHOUT_VAE_UNCERTAINTY,54,Q loss,272,0.0021636472083628178
GAS,BAD,UCB_WITHOUT_VAE_UNCERTAINTY,54,Q loss,273,0.01238146610558033
GAS,BAD,UCB_WITHOUT_VAE_UNCERTAINTY,54,Q loss,274,0.017427749931812286
GAS,BAD,UCB_WITHOUT_VAE_UNCERTAINTY,54,Q loss,275,0.03228253126144409
GAS,BAD,UCB_WITHOUT_VAE_UNCERTAINTY,54,Q loss,276,0.004487182945013046
GAS,BAD,UCB_WITHOUT_VAE_UNCERTAINTY,54,Q loss,277,0.008123757317662239
GAS,BAD,UCB_WITHOUT_VAE_UNCERTAINTY,54,Q loss,278,0.008516944013535976
GAS,BAD,UCB_WITHOUT_VAE_UNCERTAINTY,54,Q loss,279,0.0013082162477076054
GAS,BAD,UCB_WITHOUT_VAE_UNCERTAINTY,54,Q loss,280,0.004801266826689243
GAS,BAD,UCB_WITHOUT_VAE_UNCERTAINTY,54,Q loss,281,0.003192384960129857
GAS,BAD,UCB_WITHOUT_VAE_UNCERTAINTY,54,Q loss,282,0.0026728217490017414
GAS,BAD,UCB_WITHOUT_VAE_UNCERTAINTY,54,Q loss,283,0.007704252377152443
GAS,BAD,UCB_WITHOUT_VAE_UNCERTAINTY,54,Q loss,284,0.006159269250929356
GAS,BAD,UCB_WITHOUT_VAE_UNCERTAINTY,54,Q loss,285,0.0031815373804420233
GAS,BAD,UCB_WITHOUT_VAE_UNCERTAINTY,54,Q loss,286,0.004066864028573036
GAS,BAD,UCB_WITHOUT_VAE_UNCERTAINTY,54,Q loss,287,0.007432557176798582
GAS,BAD,UCB_WITHOUT_VAE_UNCERTAINTY,54,Q loss,288,0.00315812136977911
GAS,BAD,UCB_WITHOUT_VAE_UNCERTAINTY,54,Q loss,289,0.0028954152949154377
GAS,BAD,UCB_WITHOUT_VAE_UNCERTAINTY,54,Q loss,290,0.0029508783482015133
GAS,BAD,UCB_WITHOUT_VAE_UNCERTAINTY,54,Q loss,291,0.019311802461743355
GAS,BAD,UCB_WITHOUT_VAE_UNCERTAINTY,54,Q loss,292,0.020005226135253906
GAS,BAD,UCB_WITHOUT_VAE_UNCERTAINTY,54,Q loss,293,0.029147174209356308
GAS,BAD,UCB_WITHOUT_VAE_UNCERTAINTY,54,Q loss,294,0.0017046798020601273
GAS,BAD,UCB_WITHOUT_VAE_UNCERTAINTY,54,Q loss,295,0.008035436272621155
GAS,BAD,UCB_WITHOUT_VAE_UNCERTAINTY,54,Q loss,296,0.007885794155299664
GAS,BAD,UCB_WITHOUT_VAE_UNCERTAINTY,54,Q loss,297,0.004286151845008135
GAS,BAD,UCB_WITHOUT_VAE_UNCERTAINTY,54,Q loss,298,0.012148460373282433
GAS,BAD,UCB_WITHOUT_VAE_UNCERTAINTY,54,Q loss,299,0.004098380915820599
GAS,BAD,UCB_WITHOUT_VAE_UNCERTAINTY,54,Q loss,300,0.0022002693731337786
GAS,BAD,UCB_WITHOUT_VAE_UNCERTAINTY,54,Q loss,301,0.004706250969320536
GAS,BAD,UCB_WITHOUT_VAE_UNCERTAINTY,54,Q loss,302,0.007330156862735748
GAS,BAD,UCB_WITHOUT_VAE_UNCERTAINTY,54,Q loss,303,0.004312071017920971
GAS,BAD,UCB_WITHOUT_VAE_UNCERTAINTY,54,Q loss,304,0.0018313737818971276
GAS,BAD,UCB_WITHOUT_VAE_UNCERTAINTY,54,Q loss,305,0.00991673581302166
GAS,BAD,UCB_WITHOUT_VAE_UNCERTAINTY,54,Q loss,306,0.005472749471664429
GAS,BAD,UCB_WITHOUT_VAE_UNCERTAINTY,54,Q loss,307,0.003164920723065734
GAS,BAD,UCB_WITHOUT_VAE_UNCERTAINTY,54,Q loss,308,0.002218452747911215
GAS,BAD,UCB_WITHOUT_VAE_UNCERTAINTY,54,Q loss,309,0.011372675187885761
GAS,BAD,UCB_WITHOUT_VAE_UNCERTAINTY,54,Q loss,310,0.014287455007433891
GAS,BAD,UCB_WITHOUT_VAE_UNCERTAINTY,54,Q loss,311,0.024596014991402626
GAS,BAD,UCB_WITHOUT_VAE_UNCERTAINTY,54,Q loss,312,0.001810987712815404
GAS,BAD,UCB_WITHOUT_VAE_UNCERTAINTY,54,Q loss,313,0.011295674368739128
GAS,BAD,UCB_WITHOUT_VAE_UNCERTAINTY,54,Q loss,314,0.01174505241215229
GAS,BAD,UCB_WITHOUT_VAE_UNCERTAINTY,54,Q loss,315,0.0014588149497285485
GAS,BAD,UCB_WITHOUT_VAE_UNCERTAINTY,54,Q loss,316,0.006217661313712597
GAS,BAD,UCB_WITHOUT_VAE_UNCERTAINTY,54,Q loss,317,0.002810707315802574
GAS,BAD,UCB_WITHOUT_VAE_UNCERTAINTY,54,Q loss,318,0.003066904842853546
GAS,BAD,UCB_WITHOUT_VAE_UNCERTAINTY,54,Q loss,319,0.00910599809139967
GAS,BAD,UCB_WITHOUT_VAE_UNCERTAINTY,54,Q loss,320,0.007179512642323971
GAS,BAD,UCB_WITHOUT_VAE_UNCERTAINTY,54,Q loss,321,0.0015486166812479496
GAS,BAD,UCB_WITHOUT_VAE_UNCERTAINTY,54,Q loss,322,0.004202116280794144
GAS,BAD,UCB_WITHOUT_VAE_UNCERTAINTY,54,Q loss,323,0.0056015378795564175
GAS,BAD,UCB_WITHOUT_VAE_UNCERTAINTY,54,Q loss,324,0.0034060468897223473
GAS,BAD,UCB_WITHOUT_VAE_UNCERTAINTY,54,Q loss,325,0.003656944492831826
GAS,BAD,UCB_WITHOUT_VAE_UNCERTAINTY,54,Q loss,326,0.004224840551614761
GAS,BAD,UCB_WITHOUT_VAE_UNCERTAINTY,54,Q loss,327,0.008072637021541595
GAS,BAD,UCB_WITHOUT_VAE_UNCERTAINTY,54,Q loss,328,0.014752941206097603
GAS,BAD,UCB_WITHOUT_VAE_UNCERTAINTY,54,Q loss,329,0.024012932553887367
GAS,BAD,UCB_WITHOUT_VAE_UNCERTAINTY,54,Q loss,330,0.003867956344038248
GAS,BAD,UCB_WITHOUT_VAE_UNCERTAINTY,54,Q loss,331,0.004936534911394119
GAS,BAD,UCB_WITHOUT_VAE_UNCERTAINTY,54,Q loss,332,0.006413287483155727
GAS,BAD,UCB_WITHOUT_VAE_UNCERTAINTY,54,Q loss,333,0.004168565385043621
GAS,BAD,UCB_WITHOUT_VAE_UNCERTAINTY,54,Q loss,334,0.005723135080188513
GAS,BAD,UCB_WITHOUT_VAE_UNCERTAINTY,54,Q loss,335,0.0038883041124790907
GAS,BAD,UCB_WITHOUT_VAE_UNCERTAINTY,54,Q loss,336,0.0016644077841192484
GAS,BAD,UCB_WITHOUT_VAE_UNCERTAINTY,54,Q loss,337,0.004781947936862707
GAS,BAD,UCB_WITHOUT_VAE_UNCERTAINTY,54,Q loss,338,0.004320233128964901
GAS,BAD,UCB_WITHOUT_VAE_UNCERTAINTY,54,Q loss,339,0.0033370517194271088
GAS,BAD,UCB_WITHOUT_VAE_UNCERTAINTY,54,Q loss,340,0.004072011448442936
GAS,BAD,UCB_WITHOUT_VAE_UNCERTAINTY,54,Q loss,341,0.006671785376966
GAS,BAD,UCB_WITHOUT_VAE_UNCERTAINTY,54,Q loss,342,0.00478645134717226
GAS,BAD,UCB_WITHOUT_VAE_UNCERTAINTY,54,Q loss,343,0.004380812868475914
GAS,BAD,UCB_WITHOUT_VAE_UNCERTAINTY,54,Q loss,344,0.006959732621908188
GAS,BAD,UCB_WITHOUT_VAE_UNCERTAINTY,54,Q loss,345,0.008998112753033638
GAS,BAD,UCB_WITHOUT_VAE_UNCERTAINTY,54,Q loss,346,0.0125960111618042
GAS,BAD,UCB_WITHOUT_VAE_UNCERTAINTY,54,Q loss,347,0.023860616609454155
GAS,BAD,UCB_WITHOUT_VAE_UNCERTAINTY,54,Q loss,348,0.002202353673055768
GAS,BAD,UCB_WITHOUT_VAE_UNCERTAINTY,54,Q loss,349,0.005588402971625328
GAS,BAD,UCB_WITHOUT_VAE_UNCERTAINTY,54,Q loss,350,0.006064399611204863
GAS,BAD,UCB_WITHOUT_VAE_UNCERTAINTY,54,Q loss,351,0.001250067027285695
GAS,BAD,UCB_WITHOUT_VAE_UNCERTAINTY,54,Q loss,352,0.015959125012159348
GAS,BAD,UCB_WITHOUT_VAE_UNCERTAINTY,54,Q loss,353,0.001572329318150878
GAS,BAD,UCB_WITHOUT_VAE_UNCERTAINTY,54,Q loss,354,0.004849735647439957
GAS,BAD,UCB_WITHOUT_VAE_UNCERTAINTY,54,Q loss,355,0.007466710172593594
GAS,BAD,UCB_WITHOUT_VAE_UNCERTAINTY,54,Q loss,356,0.0036219381727278233
GAS,BAD,UCB_WITHOUT_VAE_UNCERTAINTY,54,Q loss,357,0.0034344163723289967
GAS,BAD,UCB_WITHOUT_VAE_UNCERTAINTY,54,Q loss,358,0.0010693275835365057
GAS,BAD,UCB_WITHOUT_VAE_UNCERTAINTY,54,Q loss,359,0.005006748717278242
GAS,BAD,UCB_WITHOUT_VAE_UNCERTAINTY,54,Q loss,360,0.0024105110205709934
GAS,BAD,UCB_WITHOUT_VAE_UNCERTAINTY,54,Q loss,361,0.0028516724705696106
GAS,BAD,UCB_WITHOUT_VAE_UNCERTAINTY,54,Q loss,362,0.0022285154554992914
GAS,BAD,UCB_WITHOUT_VAE_UNCERTAINTY,54,Q loss,363,0.010896602645516396
GAS,BAD,UCB_WITHOUT_VAE_UNCERTAINTY,54,Q loss,364,0.010003238916397095
GAS,BAD,UCB_WITHOUT_VAE_UNCERTAINTY,54,Q loss,365,0.02126118540763855
GAS,BAD,UCB_WITHOUT_VAE_UNCERTAINTY,54,Q loss,366,0.0020304664503782988
GAS,BAD,UCB_WITHOUT_VAE_UNCERTAINTY,54,Q loss,367,0.0047247144393622875
GAS,BAD,UCB_WITHOUT_VAE_UNCERTAINTY,54,Q loss,368,0.00621155695989728
GAS,BAD,UCB_WITHOUT_VAE_UNCERTAINTY,54,Q loss,369,0.0038203499279916286
GAS,BAD,UCB_WITHOUT_VAE_UNCERTAINTY,54,Q loss,370,0.005641634110361338
GAS,BAD,UCB_WITHOUT_VAE_UNCERTAINTY,54,Q loss,371,0.0032566022127866745
GAS,BAD,UCB_WITHOUT_VAE_UNCERTAINTY,54,Q loss,372,0.0014246051432564855
GAS,BAD,UCB_WITHOUT_VAE_UNCERTAINTY,54,Q loss,373,0.009811952710151672
GAS,BAD,UCB_WITHOUT_VAE_UNCERTAINTY,54,Q loss,374,0.01287840586155653
GAS,BAD,UCB_WITHOUT_VAE_UNCERTAINTY,54,Q loss,375,0.0028229928575456142
GAS,BAD,UCB_WITHOUT_VAE_UNCERTAINTY,54,Q loss,376,0.0027183094061911106
GAS,BAD,UCB_WITHOUT_VAE_UNCERTAINTY,54,Q loss,377,0.0026852930895984173
GAS,BAD,UCB_WITHOUT_VAE_UNCERTAINTY,54,Q loss,378,0.0036420333199203014
GAS,BAD,UCB_WITHOUT_VAE_UNCERTAINTY,54,Q loss,379,0.004989581182599068
GAS,BAD,UCB_WITHOUT_VAE_UNCERTAINTY,54,Q loss,380,0.003537935670465231
GAS,BAD,UCB_WITHOUT_VAE_UNCERTAINTY,54,Q loss,381,0.006397657562047243
GAS,BAD,UCB_WITHOUT_VAE_UNCERTAINTY,54,Q loss,382,0.010425351560115814
GAS,BAD,UCB_WITHOUT_VAE_UNCERTAINTY,54,Q loss,383,0.01912754774093628
GAS,BAD,UCB_WITHOUT_VAE_UNCERTAINTY,54,Q loss,384,0.0026945422869175673
GAS,BAD,UCB_WITHOUT_VAE_UNCERTAINTY,54,Q loss,385,0.005515296012163162
GAS,BAD,UCB_WITHOUT_VAE_UNCERTAINTY,54,Q loss,386,0.006157931871712208
GAS,BAD,UCB_WITHOUT_VAE_UNCERTAINTY,54,Q loss,387,0.0014867690624669194
GAS,BAD,UCB_WITHOUT_VAE_UNCERTAINTY,54,Q loss,388,0.004693850874900818
GAS,BAD,UCB_WITHOUT_VAE_UNCERTAINTY,54,Q loss,389,0.00158358970656991
GAS,BAD,UCB_WITHOUT_VAE_UNCERTAINTY,54,Q loss,390,0.0029874281026422977
GAS,BAD,UCB_WITHOUT_VAE_UNCERTAINTY,54,Q loss,391,0.0034619553480297327
GAS,BAD,UCB_WITHOUT_VAE_UNCERTAINTY,54,Q loss,392,0.0030097621493041515
GAS,BAD,UCB_WITHOUT_VAE_UNCERTAINTY,54,Q loss,393,0.0030711903236806393
GAS,BAD,UCB_WITHOUT_VAE_UNCERTAINTY,54,Q loss,394,0.004765470512211323
GAS,BAD,UCB_WITHOUT_VAE_UNCERTAINTY,54,Q loss,395,0.008987939916551113
GAS,BAD,UCB_WITHOUT_VAE_UNCERTAINTY,54,Q loss,396,0.0032258513383567333
GAS,BAD,UCB_WITHOUT_VAE_UNCERTAINTY,54,Q loss,397,0.0032801670022308826
GAS,BAD,UCB_WITHOUT_VAE_UNCERTAINTY,54,Q loss,398,0.003737754188477993
GAS,BAD,UCB_WITHOUT_VAE_UNCERTAINTY,54,Q loss,399,0.006144490092992783
GAS,BAD,UCB_WITHOUT_VAE_UNCERTAINTY,54,Q loss,400,0.011925260536372662
GAS,BAD,UCB_WITHOUT_VAE_UNCERTAINTY,54,Q loss,401,0.02161937579512596
GAS,BAD,UCB_WITHOUT_VAE_UNCERTAINTY,54,Q loss,402,0.004276388790458441
GAS,BAD,UCB_WITHOUT_VAE_UNCERTAINTY,54,Q loss,403,0.003904372453689575
GAS,BAD,UCB_WITHOUT_VAE_UNCERTAINTY,54,Q loss,404,0.0039104740135371685
GAS,BAD,UCB_WITHOUT_VAE_UNCERTAINTY,54,Q loss,405,0.004608080722391605
GAS,BAD,UCB_WITHOUT_VAE_UNCERTAINTY,54,Q loss,406,0.008057739585638046
GAS,BAD,UCB_WITHOUT_VAE_UNCERTAINTY,54,Q loss,407,0.002823343500494957
GAS,BAD,UCB_WITHOUT_VAE_UNCERTAINTY,54,Q loss,408,0.0030423328280448914
GAS,BAD,UCB_WITHOUT_VAE_UNCERTAINTY,54,Q loss,409,0.0032028183341026306
GAS,BAD,UCB_WITHOUT_VAE_UNCERTAINTY,54,Q loss,410,0.00842287763953209
GAS,BAD,UCB_WITHOUT_VAE_UNCERTAINTY,54,Q loss,411,0.0029025112744420767
GAS,BAD,UCB_WITHOUT_VAE_UNCERTAINTY,54,Q loss,412,0.0008463680278509855
GAS,BAD,UCB_WITHOUT_VAE_UNCERTAINTY,54,Q loss,413,0.004743528086692095
GAS,BAD,UCB_WITHOUT_VAE_UNCERTAINTY,54,Q loss,414,0.002200895920395851
GAS,BAD,UCB_WITHOUT_VAE_UNCERTAINTY,54,Q loss,415,0.002288887742906809
GAS,BAD,UCB_WITHOUT_VAE_UNCERTAINTY,54,Q loss,416,0.0015328323934227228
GAS,BAD,UCB_WITHOUT_VAE_UNCERTAINTY,54,Q loss,417,0.006573235150426626
GAS,BAD,UCB_WITHOUT_VAE_UNCERTAINTY,54,Q loss,418,0.00989728607237339
GAS,BAD,UCB_WITHOUT_VAE_UNCERTAINTY,54,Q loss,419,0.01762513443827629
GAS,BAD,UCB_WITHOUT_VAE_UNCERTAINTY,54,Q loss,420,0.0014816601760685444
GAS,BAD,UCB_WITHOUT_VAE_UNCERTAINTY,54,Q loss,421,0.005518362391740084
GAS,BAD,UCB_WITHOUT_VAE_UNCERTAINTY,54,Q loss,422,0.006277812644839287
GAS,BAD,UCB_WITHOUT_VAE_UNCERTAINTY,54,Q loss,423,0.0026455726474523544
GAS,BAD,UCB_WITHOUT_VAE_UNCERTAINTY,54,Q loss,424,0.002674322808161378
GAS,BAD,UCB_WITHOUT_VAE_UNCERTAINTY,54,Q loss,425,0.002185774501413107
GAS,BAD,UCB_WITHOUT_VAE_UNCERTAINTY,54,Q loss,426,0.002105554798617959
GAS,BAD,UCB_WITHOUT_VAE_UNCERTAINTY,54,Q loss,427,0.0038737880531698465
GAS,BAD,UCB_WITHOUT_VAE_UNCERTAINTY,54,Q loss,428,0.005841050297021866
GAS,BAD,UCB_WITHOUT_VAE_UNCERTAINTY,54,Q loss,429,0.0017967041349038482
GAS,BAD,UCB_WITHOUT_VAE_UNCERTAINTY,54,Q loss,430,0.0035895665641874075
GAS,BAD,UCB_WITHOUT_VAE_UNCERTAINTY,54,Q loss,431,0.005956167820841074
GAS,BAD,UCB_WITHOUT_VAE_UNCERTAINTY,54,Q loss,432,0.0038806074298918247
GAS,BAD,UCB_WITHOUT_VAE_UNCERTAINTY,54,Q loss,433,0.005650883074849844
GAS,BAD,UCB_WITHOUT_VAE_UNCERTAINTY,54,Q loss,434,0.00275239790789783
GAS,BAD,UCB_WITHOUT_VAE_UNCERTAINTY,54,Q loss,435,0.010509621351957321
GAS,BAD,UCB_WITHOUT_VAE_UNCERTAINTY,54,Q loss,436,0.007301300764083862
GAS,BAD,UCB_WITHOUT_VAE_UNCERTAINTY,54,Q loss,437,0.01817447319626808
GAS,BAD,UCB_WITHOUT_VAE_UNCERTAINTY,54,Q loss,438,0.0010428100358694792
GAS,BAD,UCB_WITHOUT_VAE_UNCERTAINTY,54,Q loss,439,0.004884210880845785
GAS,BAD,UCB_WITHOUT_VAE_UNCERTAINTY,54,Q loss,440,0.005044823046773672
GAS,BAD,UCB_WITHOUT_VAE_UNCERTAINTY,54,Q loss,441,0.0017706064973026514
GAS,BAD,UCB_WITHOUT_VAE_UNCERTAINTY,54,Q loss,442,0.005765565671026707
GAS,BAD,UCB_WITHOUT_VAE_UNCERTAINTY,54,Q loss,443,0.0013393794652074575
GAS,BAD,UCB_WITHOUT_VAE_UNCERTAINTY,54,Q loss,444,0.0016074771992862225
GAS,BAD,UCB_WITHOUT_VAE_UNCERTAINTY,54,Q loss,445,0.005556744523346424
GAS,BAD,UCB_WITHOUT_VAE_UNCERTAINTY,54,Q loss,446,0.0057820845395326614
GAS,BAD,UCB_WITHOUT_VAE_UNCERTAINTY,54,Q loss,447,0.003871652064844966
GAS,BAD,UCB_WITHOUT_VAE_UNCERTAINTY,54,Q loss,448,0.007875775918364525
GAS,BAD,UCB_WITHOUT_VAE_UNCERTAINTY,54,Q loss,449,0.0016161467647179961
GAS,BAD,UCB_WITHOUT_VAE_UNCERTAINTY,54,Q loss,450,0.001416297280229628
GAS,BAD,UCB_WITHOUT_VAE_UNCERTAINTY,54,Q loss,451,0.0032363361679017544
GAS,BAD,UCB_WITHOUT_VAE_UNCERTAINTY,54,Q loss,452,0.0025439318269491196
GAS,BAD,UCB_WITHOUT_VAE_UNCERTAINTY,54,Q loss,453,0.004468080587685108
GAS,BAD,UCB_WITHOUT_VAE_UNCERTAINTY,54,Q loss,454,0.010267974808812141
GAS,BAD,UCB_WITHOUT_VAE_UNCERTAINTY,54,Q loss,455,0.01761893555521965
GAS,BAD,UCB_WITHOUT_VAE_UNCERTAINTY,54,Q loss,456,0.006985344924032688
GAS,BAD,UCB_WITHOUT_VAE_UNCERTAINTY,54,Q loss,457,0.00519078504294157
GAS,BAD,UCB_WITHOUT_VAE_UNCERTAINTY,54,Q loss,458,0.004173429682850838
GAS,BAD,UCB_WITHOUT_VAE_UNCERTAINTY,54,Q loss,459,0.004531319718807936
GAS,BAD,UCB_WITHOUT_VAE_UNCERTAINTY,54,Q loss,460,0.00697102677077055
GAS,BAD,UCB_WITHOUT_VAE_UNCERTAINTY,54,Q loss,461,0.004436631686985493
GAS,BAD,UCB_WITHOUT_VAE_UNCERTAINTY,54,Q loss,462,0.004001230001449585
GAS,BAD,UCB_WITHOUT_VAE_UNCERTAINTY,54,Q loss,463,0.008061589673161507
GAS,BAD,UCB_WITHOUT_VAE_UNCERTAINTY,54,Q loss,464,0.006786423269659281
GAS,BAD,UCB_WITHOUT_VAE_UNCERTAINTY,54,Q loss,465,0.0006381947314366698
GAS,BAD,UCB_WITHOUT_VAE_UNCERTAINTY,54,Q loss,466,0.0029384633526206017
GAS,BAD,UCB_WITHOUT_VAE_UNCERTAINTY,54,Q loss,467,0.008727251552045345
GAS,BAD,UCB_WITHOUT_VAE_UNCERTAINTY,54,Q loss,468,0.0015374848153442144
GAS,BAD,UCB_WITHOUT_VAE_UNCERTAINTY,54,Q loss,469,0.0036618856247514486
GAS,BAD,UCB_WITHOUT_VAE_UNCERTAINTY,54,Q loss,470,0.0015397812239825726
GAS,BAD,UCB_WITHOUT_VAE_UNCERTAINTY,54,Q loss,471,0.01312587782740593
GAS,BAD,UCB_WITHOUT_VAE_UNCERTAINTY,54,Q loss,472,0.009623859077692032
GAS,BAD,UCB_WITHOUT_VAE_UNCERTAINTY,54,Q loss,473,0.021070750430226326
GAS,BAD,UCB_WITHOUT_VAE_UNCERTAINTY,54,Q loss,474,0.0031437124125659466
GAS,BAD,UCB_WITHOUT_VAE_UNCERTAINTY,54,Q loss,475,0.005486532114446163
GAS,BAD,UCB_WITHOUT_VAE_UNCERTAINTY,54,Q loss,476,0.006909212097525597
GAS,BAD,UCB_WITHOUT_VAE_UNCERTAINTY,54,Q loss,477,0.0010356494458392262
GAS,BAD,UCB_WITHOUT_VAE_UNCERTAINTY,54,Q loss,478,0.006497981958091259
GAS,BAD,UCB_WITHOUT_VAE_UNCERTAINTY,54,Q loss,479,0.0027890545316040516
GAS,BAD,UCB_WITHOUT_VAE_UNCERTAINTY,54,Q loss,480,0.0028494587168097496
GAS,BAD,UCB_WITHOUT_VAE_UNCERTAINTY,54,Q loss,481,0.008164424449205399
GAS,BAD,UCB_WITHOUT_VAE_UNCERTAINTY,54,Q loss,482,0.002262318041175604
GAS,BAD,UCB_WITHOUT_VAE_UNCERTAINTY,54,Q loss,483,0.0007613436318933964
GAS,BAD,UCB_WITHOUT_VAE_UNCERTAINTY,54,Q loss,484,0.0006063194014132023
GAS,BAD,UCB_WITHOUT_VAE_UNCERTAINTY,54,Q loss,485,0.002966945990920067
GAS,BAD,UCB_WITHOUT_VAE_UNCERTAINTY,54,Q loss,486,0.003674257081001997
GAS,BAD,UCB_WITHOUT_VAE_UNCERTAINTY,54,Q loss,487,0.0026137514505535364
GAS,BAD,UCB_WITHOUT_VAE_UNCERTAINTY,54,Q loss,488,0.001427575945854187
GAS,BAD,UCB_WITHOUT_VAE_UNCERTAINTY,54,Q loss,489,0.003196896053850651
GAS,BAD,UCB_WITHOUT_VAE_UNCERTAINTY,54,Q loss,490,0.007827181369066238
GAS,BAD,UCB_WITHOUT_VAE_UNCERTAINTY,54,Q loss,491,0.01940307393670082
GAS,BAD,UCB_WITHOUT_VAE_UNCERTAINTY,54,Q loss,492,0.0034591015428304672
GAS,BAD,UCB_WITHOUT_VAE_UNCERTAINTY,54,Q loss,493,0.007916359230875969
GAS,BAD,UCB_WITHOUT_VAE_UNCERTAINTY,54,Q loss,494,0.010736439377069473
GAS,BAD,UCB_WITHOUT_VAE_UNCERTAINTY,54,Q loss,495,0.0016517541371285915
GAS,BAD,UCB_WITHOUT_VAE_UNCERTAINTY,54,Q loss,496,0.0056876130402088165
GAS,BAD,UCB_WITHOUT_VAE_UNCERTAINTY,54,Q loss,497,0.0024181916378438473
GAS,BAD,UCB_WITHOUT_VAE_UNCERTAINTY,54,Q loss,498,0.005226363427937031
GAS,BAD,UCB_WITHOUT_VAE_UNCERTAINTY,54,Q loss,499,0.0074605331756174564
GAS,BAD,UCB_WITHOUT_VAE_UNCERTAINTY,54,Q loss,500,0.0052344948053359985
GAS,BAD,UCB_WITHOUT_VAE_UNCERTAINTY,54,Q loss,501,0.001270888140425086
GAS,BAD,UCB_WITHOUT_VAE_UNCERTAINTY,54,Q loss,502,0.0045864637941122055
GAS,BAD,UCB_WITHOUT_VAE_UNCERTAINTY,54,Q loss,503,0.009312627837061882
GAS,BAD,UCB_WITHOUT_VAE_UNCERTAINTY,54,Q loss,504,0.002247235272079706
GAS,BAD,UCB_WITHOUT_VAE_UNCERTAINTY,54,Q loss,505,0.0029505519196391106
GAS,BAD,UCB_WITHOUT_VAE_UNCERTAINTY,54,Q loss,506,0.0026931455358862877
GAS,BAD,UCB_WITHOUT_VAE_UNCERTAINTY,54,Q loss,507,0.0066134012304246426
GAS,BAD,UCB_WITHOUT_VAE_UNCERTAINTY,54,Q loss,508,0.006487385369837284
GAS,BAD,UCB_WITHOUT_VAE_UNCERTAINTY,54,Q loss,509,0.019945964217185974
GAS,BAD,UCB_WITHOUT_VAE_UNCERTAINTY,54,Q loss,510,0.0014149716589599848
GAS,BAD,UCB_WITHOUT_VAE_UNCERTAINTY,54,Q loss,511,0.004247232340276241
GAS,BAD,UCB_WITHOUT_VAE_UNCERTAINTY,54,Q loss,512,0.009830002672970295
GAS,BAD,UCB_WITHOUT_VAE_UNCERTAINTY,54,Q loss,513,0.00291977496817708
GAS,BAD,UCB_WITHOUT_VAE_UNCERTAINTY,54,Q loss,514,0.009587617591023445
GAS,BAD,UCB_WITHOUT_VAE_UNCERTAINTY,54,Q loss,515,0.008501299656927586
GAS,BAD,UCB_WITHOUT_VAE_UNCERTAINTY,54,Q loss,516,0.005097081884741783
GAS,BAD,UCB_WITHOUT_VAE_UNCERTAINTY,54,Q loss,517,0.003454439342021942
GAS,BAD,UCB_WITHOUT_VAE_UNCERTAINTY,54,Q loss,518,0.0011901722755283117
GAS,BAD,UCB_WITHOUT_VAE_UNCERTAINTY,54,Q loss,519,0.004021810367703438
GAS,BAD,UCB_WITHOUT_VAE_UNCERTAINTY,54,Q loss,520,0.010386668145656586
GAS,BAD,UCB_WITHOUT_VAE_UNCERTAINTY,54,Q loss,521,0.0018134217243641615
GAS,BAD,UCB_WITHOUT_VAE_UNCERTAINTY,54,Q loss,522,0.0028720980044454336
GAS,BAD,UCB_WITHOUT_VAE_UNCERTAINTY,54,Q loss,523,0.0060574933886528015
GAS,BAD,UCB_WITHOUT_VAE_UNCERTAINTY,54,Q loss,524,0.0010866080410778522
GAS,BAD,UCB_WITHOUT_VAE_UNCERTAINTY,54,Q loss,525,0.004303683992475271
GAS,BAD,UCB_WITHOUT_VAE_UNCERTAINTY,54,Q loss,526,0.007008105516433716
GAS,BAD,UCB_WITHOUT_VAE_UNCERTAINTY,54,Q loss,527,0.0112307108938694
GAS,BAD,UCB_WITHOUT_VAE_UNCERTAINTY,54,Q loss,528,0.0023262472823262215
GAS,BAD,UCB_WITHOUT_VAE_UNCERTAINTY,54,Q loss,529,0.008412512019276619
GAS,BAD,UCB_WITHOUT_VAE_UNCERTAINTY,54,Q loss,530,0.0031865157652646303
GAS,BAD,UCB_WITHOUT_VAE_UNCERTAINTY,54,Q loss,531,0.002247530734166503
GAS,BAD,UCB_WITHOUT_VAE_UNCERTAINTY,54,Q loss,532,0.005108388606458902
GAS,BAD,UCB_WITHOUT_VAE_UNCERTAINTY,54,Q loss,533,0.0015808138996362686
GAS,BAD,UCB_WITHOUT_VAE_UNCERTAINTY,54,Q loss,534,0.002745470032095909
GAS,BAD,UCB_WITHOUT_VAE_UNCERTAINTY,54,Q loss,535,0.004540527239441872
GAS,BAD,UCB_WITHOUT_VAE_UNCERTAINTY,54,Q loss,536,0.003047720994800329
GAS,BAD,UCB_WITHOUT_VAE_UNCERTAINTY,54,Q loss,537,0.00293667777441442
GAS,BAD,UCB_WITHOUT_VAE_UNCERTAINTY,54,Q loss,538,0.004750791471451521
GAS,BAD,UCB_WITHOUT_VAE_UNCERTAINTY,54,Q loss,539,0.003895448986440897
GAS,BAD,UCB_WITHOUT_VAE_UNCERTAINTY,54,Q loss,540,0.0008936617523431778
GAS,BAD,UCB_WITHOUT_VAE_UNCERTAINTY,54,Q loss,541,0.002632355783134699
GAS,BAD,UCB_WITHOUT_VAE_UNCERTAINTY,54,Q loss,542,0.0020600338466465473
GAS,BAD,UCB_WITHOUT_VAE_UNCERTAINTY,54,Q loss,543,0.003059293143451214
GAS,BAD,UCB_WITHOUT_VAE_UNCERTAINTY,54,Q loss,544,0.007966851815581322
GAS,BAD,UCB_WITHOUT_VAE_UNCERTAINTY,54,Q loss,545,0.014198673889040947
GAS,BAD,UCB_WITHOUT_VAE_UNCERTAINTY,54,Q loss,546,0.0038387468084692955
GAS,BAD,UCB_WITHOUT_VAE_UNCERTAINTY,54,Q loss,547,0.005240548402070999
GAS,BAD,UCB_WITHOUT_VAE_UNCERTAINTY,54,Q loss,548,0.009446081705391407
GAS,BAD,UCB_WITHOUT_VAE_UNCERTAINTY,54,Q loss,549,0.0016768290661275387
GAS,BAD,UCB_WITHOUT_VAE_UNCERTAINTY,54,Q loss,550,0.007882904261350632
GAS,BAD,UCB_WITHOUT_VAE_UNCERTAINTY,54,Q loss,551,0.0033903734292834997
GAS,BAD,UCB_WITHOUT_VAE_UNCERTAINTY,54,Q loss,552,0.0037189284339547157
GAS,BAD,UCB_WITHOUT_VAE_UNCERTAINTY,54,Q loss,553,0.005495013669133186
GAS,BAD,UCB_WITHOUT_VAE_UNCERTAINTY,54,Q loss,554,0.010960076004266739
GAS,BAD,UCB_WITHOUT_VAE_UNCERTAINTY,54,Q loss,555,0.0006616096361540258
GAS,BAD,UCB_WITHOUT_VAE_UNCERTAINTY,54,Q loss,556,0.013824411667883396
GAS,BAD,UCB_WITHOUT_VAE_UNCERTAINTY,54,Q loss,557,0.0059582567773759365
GAS,BAD,UCB_WITHOUT_VAE_UNCERTAINTY,54,Q loss,558,0.0009582892525941133
GAS,BAD,UCB_WITHOUT_VAE_UNCERTAINTY,54,Q loss,559,0.002821611240506172
GAS,BAD,UCB_WITHOUT_VAE_UNCERTAINTY,54,Q loss,560,0.005614023189991713
GAS,BAD,UCB_WITHOUT_VAE_UNCERTAINTY,54,Q loss,561,0.005699720233678818
GAS,BAD,UCB_WITHOUT_VAE_UNCERTAINTY,54,Q loss,562,0.012099599465727806
GAS,BAD,UCB_WITHOUT_VAE_UNCERTAINTY,54,Q loss,563,0.016820944845676422
GAS,BAD,UCB_WITHOUT_VAE_UNCERTAINTY,54,Q loss,564,0.0019634326454252005
GAS,BAD,UCB_WITHOUT_VAE_UNCERTAINTY,54,Q loss,565,0.002459990791976452
GAS,BAD,UCB_WITHOUT_VAE_UNCERTAINTY,54,Q loss,566,0.011596884578466415
GAS,BAD,UCB_WITHOUT_VAE_UNCERTAINTY,54,Q loss,567,0.0041073402389883995
GAS,BAD,UCB_WITHOUT_VAE_UNCERTAINTY,54,Q loss,568,0.0036256886087358
GAS,BAD,UCB_WITHOUT_VAE_UNCERTAINTY,54,Q loss,569,0.0017095946241170168
GAS,BAD,UCB_WITHOUT_VAE_UNCERTAINTY,54,Q loss,570,0.007930424064397812
GAS,BAD,UCB_WITHOUT_VAE_UNCERTAINTY,54,Q loss,571,0.01705152541399002
GAS,BAD,UCB_WITHOUT_VAE_UNCERTAINTY,54,Q loss,572,0.007172527257353067
GAS,BAD,UCB_WITHOUT_VAE_UNCERTAINTY,54,Q loss,573,0.0022852018009871244
GAS,BAD,UCB_WITHOUT_VAE_UNCERTAINTY,54,Q loss,574,0.005019248463213444
GAS,BAD,UCB_WITHOUT_VAE_UNCERTAINTY,54,Q loss,575,0.0026886556297540665
GAS,BAD,UCB_WITHOUT_VAE_UNCERTAINTY,54,Q loss,576,0.0008882610127329826
GAS,BAD,UCB_WITHOUT_VAE_UNCERTAINTY,54,Q loss,577,0.0024826889857649803
GAS,BAD,UCB_WITHOUT_VAE_UNCERTAINTY,54,Q loss,578,0.0034557341132313013
GAS,BAD,UCB_WITHOUT_VAE_UNCERTAINTY,54,Q loss,579,0.011684312485158443
GAS,BAD,UCB_WITHOUT_VAE_UNCERTAINTY,54,Q loss,580,0.005354425869882107
GAS,BAD,UCB_WITHOUT_VAE_UNCERTAINTY,54,Q loss,581,0.009839020669460297
GAS,BAD,UCB_WITHOUT_VAE_UNCERTAINTY,54,Q loss,582,0.006133456248790026
GAS,BAD,UCB_WITHOUT_VAE_UNCERTAINTY,54,Q loss,583,0.008620209991931915
GAS,BAD,UCB_WITHOUT_VAE_UNCERTAINTY,54,Q loss,584,0.004166201688349247
GAS,BAD,UCB_WITHOUT_VAE_UNCERTAINTY,54,Q loss,585,0.0027135885320603848
GAS,BAD,UCB_WITHOUT_VAE_UNCERTAINTY,54,Q loss,586,0.012166472151875496
GAS,BAD,UCB_WITHOUT_VAE_UNCERTAINTY,54,Q loss,587,0.00481044314801693
GAS,BAD,UCB_WITHOUT_VAE_UNCERTAINTY,54,Q loss,588,0.0013832831755280495
GAS,BAD,UCB_WITHOUT_VAE_UNCERTAINTY,54,Q loss,589,0.0027649374678730965
GAS,BAD,UCB_WITHOUT_VAE_UNCERTAINTY,54,Q loss,590,0.008226709440350533
GAS,BAD,UCB_WITHOUT_VAE_UNCERTAINTY,54,Q loss,591,0.0048402827233076096
GAS,BAD,UCB_WITHOUT_VAE_UNCERTAINTY,54,Q loss,592,0.001894776476547122
GAS,BAD,UCB_WITHOUT_VAE_UNCERTAINTY,54,Q loss,593,0.00314141227863729
GAS,BAD,UCB_WITHOUT_VAE_UNCERTAINTY,54,Q loss,594,0.00175251136533916
GAS,BAD,UCB_WITHOUT_VAE_UNCERTAINTY,54,Q loss,595,0.002252541482448578
GAS,BAD,UCB_WITHOUT_VAE_UNCERTAINTY,54,Q loss,596,0.001644421136006713
GAS,BAD,UCB_WITHOUT_VAE_UNCERTAINTY,54,Q loss,597,0.005594851449131966
GAS,BAD,UCB_WITHOUT_VAE_UNCERTAINTY,54,Q loss,598,0.011415425688028336
GAS,BAD,UCB_WITHOUT_VAE_UNCERTAINTY,54,Q loss,599,0.011626171879470348
GAS,BAD,UCB_WITHOUT_VAE_UNCERTAINTY,54,Q loss,600,0.0023618442937731743
GAS,BAD,UCB_WITHOUT_VAE_UNCERTAINTY,54,Q loss,601,0.004529925063252449
GAS,BAD,UCB_WITHOUT_VAE_UNCERTAINTY,54,Q loss,602,0.00603663781657815
GAS,BAD,UCB_WITHOUT_VAE_UNCERTAINTY,54,Q loss,603,0.0025781774893403053
GAS,BAD,UCB_WITHOUT_VAE_UNCERTAINTY,54,Q loss,604,0.015296533703804016
GAS,BAD,UCB_WITHOUT_VAE_UNCERTAINTY,54,Q loss,605,0.0011030561290681362
GAS,BAD,UCB_WITHOUT_VAE_UNCERTAINTY,54,Q loss,606,0.002810240490362048
GAS,BAD,UCB_WITHOUT_VAE_UNCERTAINTY,54,Q loss,607,0.003786159912124276
GAS,BAD,UCB_WITHOUT_VAE_UNCERTAINTY,54,Q loss,608,0.0029148156754672527
GAS,BAD,UCB_WITHOUT_VAE_UNCERTAINTY,54,Q loss,609,0.0035477501805871725
GAS,BAD,UCB_WITHOUT_VAE_UNCERTAINTY,54,Q loss,610,0.002756832865998149
GAS,BAD,UCB_WITHOUT_VAE_UNCERTAINTY,54,Q loss,611,0.005881119519472122
GAS,BAD,UCB_WITHOUT_VAE_UNCERTAINTY,54,Q loss,612,0.0028522126376628876
GAS,BAD,UCB_WITHOUT_VAE_UNCERTAINTY,54,Q loss,613,0.0026440643705427647
GAS,BAD,UCB_WITHOUT_VAE_UNCERTAINTY,54,Q loss,614,0.0026598996482789516
GAS,BAD,UCB_WITHOUT_VAE_UNCERTAINTY,54,Q loss,615,0.008853495121002197
GAS,BAD,UCB_WITHOUT_VAE_UNCERTAINTY,54,Q loss,616,0.0068903723731637
GAS,BAD,UCB_WITHOUT_VAE_UNCERTAINTY,54,Q loss,617,0.015986155718564987
GAS,BAD,UCB_WITHOUT_VAE_UNCERTAINTY,54,Q loss,618,0.004925621673464775
GAS,BAD,UCB_WITHOUT_VAE_UNCERTAINTY,54,Q loss,619,0.00318780611269176
GAS,BAD,UCB_WITHOUT_VAE_UNCERTAINTY,54,Q loss,620,0.004276227205991745
GAS,BAD,UCB_WITHOUT_VAE_UNCERTAINTY,54,Q loss,621,0.002634621225297451
GAS,BAD,UCB_WITHOUT_VAE_UNCERTAINTY,54,Q loss,622,0.005672061815857887
GAS,BAD,UCB_WITHOUT_VAE_UNCERTAINTY,54,Q loss,623,0.002601528074592352
GAS,BAD,UCB_WITHOUT_VAE_UNCERTAINTY,54,Q loss,624,0.008012980222702026
GAS,BAD,UCB_WITHOUT_VAE_UNCERTAINTY,54,Q loss,625,0.008219261653721333
GAS,BAD,UCB_WITHOUT_VAE_UNCERTAINTY,54,Q loss,626,0.007966933771967888
GAS,BAD,UCB_WITHOUT_VAE_UNCERTAINTY,54,Q loss,627,0.005246791988611221
GAS,BAD,UCB_WITHOUT_VAE_UNCERTAINTY,54,Q loss,628,0.008294563740491867
GAS,BAD,UCB_WITHOUT_VAE_UNCERTAINTY,54,Q loss,629,0.011304209008812904
GAS,BAD,UCB_WITHOUT_VAE_UNCERTAINTY,54,Q loss,630,0.004893786273896694
GAS,BAD,UCB_WITHOUT_VAE_UNCERTAINTY,54,Q loss,631,0.0024109380319714546
GAS,BAD,UCB_WITHOUT_VAE_UNCERTAINTY,54,Q loss,632,0.0023490884341299534
GAS,BAD,UCB_WITHOUT_VAE_UNCERTAINTY,54,Q loss,633,0.0034087798558175564
GAS,BAD,UCB_WITHOUT_VAE_UNCERTAINTY,54,Q loss,634,0.007822536863386631
GAS,BAD,UCB_WITHOUT_VAE_UNCERTAINTY,54,Q loss,635,0.010429784655570984
GAS,BAD,UCB_WITHOUT_VAE_UNCERTAINTY,54,Q loss,636,0.0022854655981063843
GAS,BAD,UCB_WITHOUT_VAE_UNCERTAINTY,54,Q loss,637,0.002010531257838011
GAS,BAD,UCB_WITHOUT_VAE_UNCERTAINTY,54,Q loss,638,0.001658812747336924
GAS,BAD,UCB_WITHOUT_VAE_UNCERTAINTY,54,Q loss,639,0.002354755997657776
GAS,BAD,UCB_WITHOUT_VAE_UNCERTAINTY,54,Q loss,640,0.0017345603555440903
GAS,BAD,UCB_WITHOUT_VAE_UNCERTAINTY,54,Q loss,641,0.001909269718453288
GAS,BAD,UCB_WITHOUT_VAE_UNCERTAINTY,54,Q loss,642,0.000932746974285692
GAS,BAD,UCB_WITHOUT_VAE_UNCERTAINTY,54,Q loss,643,0.0011258332524448633
GAS,BAD,UCB_WITHOUT_VAE_UNCERTAINTY,54,Q loss,644,0.009852606803178787
GAS,BAD,UCB_WITHOUT_VAE_UNCERTAINTY,54,Q loss,645,0.0023003986570984125
GAS,BAD,UCB_WITHOUT_VAE_UNCERTAINTY,54,Q loss,646,0.009076944552361965
GAS,BAD,UCB_WITHOUT_VAE_UNCERTAINTY,54,Q loss,647,0.003897859947755933
GAS,BAD,UCB_WITHOUT_VAE_UNCERTAINTY,54,Q loss,648,0.0028822598978877068
GAS,BAD,UCB_WITHOUT_VAE_UNCERTAINTY,54,Q loss,649,0.0038894338067620993
GAS,BAD,UCB_WITHOUT_VAE_UNCERTAINTY,54,Q loss,650,0.0011972934007644653
GAS,BAD,UCB_WITHOUT_VAE_UNCERTAINTY,54,Q loss,651,0.004343592561781406
GAS,BAD,UCB_WITHOUT_VAE_UNCERTAINTY,54,Q loss,652,0.00890888087451458
GAS,BAD,UCB_WITHOUT_VAE_UNCERTAINTY,54,Q loss,653,0.008327334187924862
GAS,BAD,UCB_WITHOUT_VAE_UNCERTAINTY,54,Q loss,654,0.0016928837867453694
GAS,BAD,UCB_WITHOUT_VAE_UNCERTAINTY,54,Q loss,655,0.0057384236715734005
GAS,BAD,UCB_WITHOUT_VAE_UNCERTAINTY,54,Q loss,656,0.0032299384474754333
GAS,BAD,UCB_WITHOUT_VAE_UNCERTAINTY,54,Q loss,657,0.00046774939983151853
GAS,BAD,UCB_WITHOUT_VAE_UNCERTAINTY,54,Q loss,658,0.004433595575392246
GAS,BAD,UCB_WITHOUT_VAE_UNCERTAINTY,54,Q loss,659,0.0037302726414054632
GAS,BAD,UCB_WITHOUT_VAE_UNCERTAINTY,54,Q loss,660,0.0030572907999157906
GAS,BAD,UCB_WITHOUT_VAE_UNCERTAINTY,54,Q loss,661,0.0020474446937441826
GAS,BAD,UCB_WITHOUT_VAE_UNCERTAINTY,54,Q loss,662,0.003558150725439191
GAS,BAD,UCB_WITHOUT_VAE_UNCERTAINTY,54,Q loss,663,0.0006607226678170264
GAS,BAD,UCB_WITHOUT_VAE_UNCERTAINTY,54,Q loss,664,0.0005638315342366695
GAS,BAD,UCB_WITHOUT_VAE_UNCERTAINTY,54,Q loss,665,0.002639484591782093
GAS,BAD,UCB_WITHOUT_VAE_UNCERTAINTY,54,Q loss,666,0.0026355553418397903
GAS,BAD,UCB_WITHOUT_VAE_UNCERTAINTY,54,Q loss,667,0.0018734992481768131
GAS,BAD,UCB_WITHOUT_VAE_UNCERTAINTY,54,Q loss,668,0.0037480711471289396
GAS,BAD,UCB_WITHOUT_VAE_UNCERTAINTY,54,Q loss,669,0.0029276558198034763
GAS,BAD,UCB_WITHOUT_VAE_UNCERTAINTY,54,Q loss,670,0.010268647223711014
GAS,BAD,UCB_WITHOUT_VAE_UNCERTAINTY,54,Q loss,671,0.01453745923936367
GAS,BAD,UCB_WITHOUT_VAE_UNCERTAINTY,54,Q loss,672,0.0009307978907600045
GAS,BAD,UCB_WITHOUT_VAE_UNCERTAINTY,54,Q loss,673,0.002147810533642769
GAS,BAD,UCB_WITHOUT_VAE_UNCERTAINTY,54,Q loss,674,0.004513319581747055
GAS,BAD,UCB_WITHOUT_VAE_UNCERTAINTY,54,Q loss,675,0.0016646917210891843
GAS,BAD,UCB_WITHOUT_VAE_UNCERTAINTY,54,Q loss,676,0.004101095255464315
GAS,BAD,UCB_WITHOUT_VAE_UNCERTAINTY,54,Q loss,677,0.00801664125174284
GAS,BAD,UCB_WITHOUT_VAE_UNCERTAINTY,54,Q loss,678,0.0019021602347493172
GAS,BAD,UCB_WITHOUT_VAE_UNCERTAINTY,54,Q loss,679,0.006500049959868193
GAS,BAD,UCB_WITHOUT_VAE_UNCERTAINTY,54,Q loss,680,0.004338881932199001
GAS,BAD,UCB_WITHOUT_VAE_UNCERTAINTY,54,Q loss,681,0.0018465311732143164
GAS,BAD,UCB_WITHOUT_VAE_UNCERTAINTY,54,Q loss,682,0.004982134327292442
GAS,BAD,UCB_WITHOUT_VAE_UNCERTAINTY,54,Q loss,683,0.0037758643738925457
GAS,BAD,UCB_WITHOUT_VAE_UNCERTAINTY,54,Q loss,684,0.0037638251669704914
GAS,BAD,UCB_WITHOUT_VAE_UNCERTAINTY,54,Q loss,685,0.0023586726747453213
GAS,BAD,UCB_WITHOUT_VAE_UNCERTAINTY,54,Q loss,686,0.0015568210510537028
GAS,BAD,UCB_WITHOUT_VAE_UNCERTAINTY,54,Q loss,687,0.003878716379404068
GAS,BAD,UCB_WITHOUT_VAE_UNCERTAINTY,54,Q loss,688,0.004144384525716305
GAS,BAD,UCB_WITHOUT_VAE_UNCERTAINTY,54,Q loss,689,0.015460667200386524
GAS,BAD,UCB_WITHOUT_VAE_UNCERTAINTY,54,Q loss,690,0.0038375910371541977
GAS,BAD,UCB_WITHOUT_VAE_UNCERTAINTY,54,Q loss,691,0.0027211622800678015
GAS,BAD,UCB_WITHOUT_VAE_UNCERTAINTY,54,Q loss,692,0.001292968401685357
GAS,BAD,UCB_WITHOUT_VAE_UNCERTAINTY,54,Q loss,693,0.0035569709725677967
GAS,BAD,UCB_WITHOUT_VAE_UNCERTAINTY,54,Q loss,694,0.009703246876597404
GAS,BAD,UCB_WITHOUT_VAE_UNCERTAINTY,54,Q loss,695,0.0028355426620692015
GAS,BAD,UCB_WITHOUT_VAE_UNCERTAINTY,54,Q loss,696,0.008102360181510448
GAS,BAD,UCB_WITHOUT_VAE_UNCERTAINTY,54,Q loss,697,0.005861208774149418
GAS,BAD,UCB_WITHOUT_VAE_UNCERTAINTY,54,Q loss,698,0.012245262041687965
GAS,BAD,UCB_WITHOUT_VAE_UNCERTAINTY,54,Q loss,699,0.0023990957997739315
GAS,BAD,UCB_WITHOUT_VAE_UNCERTAINTY,54,Q loss,700,0.012353263795375824
GAS,BAD,UCB_WITHOUT_VAE_UNCERTAINTY,54,Q loss,701,0.008154388517141342
GAS,BAD,UCB_WITHOUT_VAE_UNCERTAINTY,54,Q loss,702,0.0014463755069300532
GAS,BAD,UCB_WITHOUT_VAE_UNCERTAINTY,54,Q loss,703,0.0013745035976171494
GAS,BAD,UCB_WITHOUT_VAE_UNCERTAINTY,54,Q loss,704,0.0015762915136292577
GAS,BAD,UCB_WITHOUT_VAE_UNCERTAINTY,54,Q loss,705,0.006483879871666431
GAS,BAD,UCB_WITHOUT_VAE_UNCERTAINTY,54,Q loss,706,0.009059369564056396
GAS,BAD,UCB_WITHOUT_VAE_UNCERTAINTY,54,Q loss,707,0.011975035071372986
GAS,BAD,UCB_WITHOUT_VAE_UNCERTAINTY,54,Q loss,708,0.0006779592949897051
GAS,BAD,UCB_WITHOUT_VAE_UNCERTAINTY,54,Q loss,709,0.0031565178651362658
GAS,BAD,UCB_WITHOUT_VAE_UNCERTAINTY,54,Q loss,710,0.005020528566092253
GAS,BAD,UCB_WITHOUT_VAE_UNCERTAINTY,54,Q loss,711,0.0008736308664083481
GAS,BAD,UCB_WITHOUT_VAE_UNCERTAINTY,54,Q loss,712,0.002978603122755885
GAS,BAD,UCB_WITHOUT_VAE_UNCERTAINTY,54,Q loss,713,0.00523725338280201
GAS,BAD,UCB_WITHOUT_VAE_UNCERTAINTY,54,Q loss,714,0.00823370460420847
GAS,BAD,UCB_WITHOUT_VAE_UNCERTAINTY,54,Q loss,715,0.0028263679705560207
GAS,BAD,UCB_WITHOUT_VAE_UNCERTAINTY,54,Q loss,716,0.0019449108513072133
GAS,BAD,UCB_WITHOUT_VAE_UNCERTAINTY,54,Q loss,717,0.003911212086677551
GAS,BAD,UCB_WITHOUT_VAE_UNCERTAINTY,54,Q loss,718,0.003064493415877223
GAS,BAD,UCB_WITHOUT_VAE_UNCERTAINTY,54,Q loss,719,0.0007880870252847672
GAS,BAD,UCB_WITHOUT_VAE_UNCERTAINTY,54,Q loss,720,0.0017088709864765406
GAS,BAD,UCB_WITHOUT_VAE_UNCERTAINTY,54,Q loss,721,0.0013661854900419712
GAS,BAD,UCB_WITHOUT_VAE_UNCERTAINTY,54,Q loss,722,0.002390521578490734
GAS,BAD,UCB_WITHOUT_VAE_UNCERTAINTY,54,Q loss,723,0.002553488127887249
GAS,BAD,UCB_WITHOUT_VAE_UNCERTAINTY,54,Q loss,724,0.005811156705021858
GAS,BAD,UCB_WITHOUT_VAE_UNCERTAINTY,54,Q loss,725,0.008850861340761185
GAS,BAD,UCB_WITHOUT_VAE_UNCERTAINTY,54,Q loss,726,0.0016257506795227528
GAS,BAD,UCB_WITHOUT_VAE_UNCERTAINTY,54,Q loss,727,0.006748142186552286
GAS,BAD,UCB_WITHOUT_VAE_UNCERTAINTY,54,Q loss,728,0.0015287379501387477
GAS,BAD,UCB_WITHOUT_VAE_UNCERTAINTY,54,Q loss,729,0.0016534000169485807
GAS,BAD,UCB_WITHOUT_VAE_UNCERTAINTY,54,Q loss,730,0.003944508731365204
GAS,BAD,UCB_WITHOUT_VAE_UNCERTAINTY,54,Q loss,731,0.002506522461771965
GAS,BAD,UCB_WITHOUT_VAE_UNCERTAINTY,54,Q loss,732,0.0026470425073057413
GAS,BAD,UCB_WITHOUT_VAE_UNCERTAINTY,54,Q loss,733,0.002755142981186509
GAS,BAD,UCB_WITHOUT_VAE_UNCERTAINTY,54,Q loss,734,0.002686190651729703
GAS,BAD,UCB_WITHOUT_VAE_UNCERTAINTY,54,Q loss,735,0.0008673945558257401
GAS,BAD,UCB_WITHOUT_VAE_UNCERTAINTY,54,Q loss,736,0.0029677455313503742
GAS,BAD,UCB_WITHOUT_VAE_UNCERTAINTY,54,Q loss,737,0.003612091299146414
GAS,BAD,UCB_WITHOUT_VAE_UNCERTAINTY,54,Q loss,738,0.0020437119528651237
GAS,BAD,UCB_WITHOUT_VAE_UNCERTAINTY,54,Q loss,739,0.0008261867333203554
GAS,BAD,UCB_WITHOUT_VAE_UNCERTAINTY,54,Q loss,740,0.0020283260382711887
GAS,BAD,UCB_WITHOUT_VAE_UNCERTAINTY,54,Q loss,741,0.010800826363265514
GAS,BAD,UCB_WITHOUT_VAE_UNCERTAINTY,54,Q loss,742,0.0052713556215167046
GAS,BAD,UCB_WITHOUT_VAE_UNCERTAINTY,54,Q loss,743,0.009181415662169456
GAS,BAD,UCB_WITHOUT_VAE_UNCERTAINTY,54,Q loss,744,0.002613859483972192
GAS,BAD,UCB_WITHOUT_VAE_UNCERTAINTY,54,Q loss,745,0.006331236567348242
GAS,BAD,UCB_WITHOUT_VAE_UNCERTAINTY,54,Q loss,746,0.0032274022232741117
GAS,BAD,UCB_WITHOUT_VAE_UNCERTAINTY,54,Q loss,747,0.0025565591640770435
GAS,BAD,UCB_WITHOUT_VAE_UNCERTAINTY,54,Q loss,748,0.005517404526472092
GAS,BAD,UCB_WITHOUT_VAE_UNCERTAINTY,54,Q loss,749,0.002326690126210451
GAS,BAD,UCB_WITHOUT_VAE_UNCERTAINTY,54,Q loss,750,0.002673220820724964
GAS,BAD,UCB_WITHOUT_VAE_UNCERTAINTY,54,Q loss,751,0.011077607050538063
GAS,BAD,UCB_WITHOUT_VAE_UNCERTAINTY,54,Q loss,752,0.007460420951247215
GAS,BAD,UCB_WITHOUT_VAE_UNCERTAINTY,54,Q loss,753,0.004392022732645273
GAS,BAD,UCB_WITHOUT_VAE_UNCERTAINTY,54,Q loss,754,0.009803688153624535
GAS,BAD,UCB_WITHOUT_VAE_UNCERTAINTY,54,Q loss,755,0.009424201212823391
GAS,BAD,UCB_WITHOUT_VAE_UNCERTAINTY,54,Q loss,756,0.0024077515117824078
GAS,BAD,UCB_WITHOUT_VAE_UNCERTAINTY,54,Q loss,757,0.0029196422547101974
GAS,BAD,UCB_WITHOUT_VAE_UNCERTAINTY,54,Q loss,758,0.0008433497278019786
GAS,BAD,UCB_WITHOUT_VAE_UNCERTAINTY,54,Q loss,759,0.003285435028374195
GAS,BAD,UCB_WITHOUT_VAE_UNCERTAINTY,54,Q loss,760,0.010284077376127243
GAS,BAD,UCB_WITHOUT_VAE_UNCERTAINTY,54,Q loss,761,0.012075232341885567
GAS,BAD,UCB_WITHOUT_VAE_UNCERTAINTY,54,Q loss,762,0.0016451029805466533
GAS,BAD,UCB_WITHOUT_VAE_UNCERTAINTY,54,Q loss,763,0.002574840560555458
GAS,BAD,UCB_WITHOUT_VAE_UNCERTAINTY,54,Q loss,764,0.0021788734011352062
GAS,BAD,UCB_WITHOUT_VAE_UNCERTAINTY,54,Q loss,765,0.0028932972345501184
GAS,BAD,UCB_WITHOUT_VAE_UNCERTAINTY,54,Q loss,766,0.0022084687370806932
GAS,BAD,UCB_WITHOUT_VAE_UNCERTAINTY,54,Q loss,767,0.0017764292424544692
GAS,BAD,UCB_WITHOUT_VAE_UNCERTAINTY,54,Q loss,768,0.0028705878648906946
GAS,BAD,UCB_WITHOUT_VAE_UNCERTAINTY,54,Q loss,769,0.003409623634070158
GAS,BAD,UCB_WITHOUT_VAE_UNCERTAINTY,54,Q loss,770,0.007292930502444506
GAS,BAD,UCB_WITHOUT_VAE_UNCERTAINTY,54,Q loss,771,0.0012783616548404098
GAS,BAD,UCB_WITHOUT_VAE_UNCERTAINTY,54,Q loss,772,0.0025525835808366537
GAS,BAD,UCB_WITHOUT_VAE_UNCERTAINTY,54,Q loss,773,0.010090853087604046
GAS,BAD,UCB_WITHOUT_VAE_UNCERTAINTY,54,Q loss,774,0.001082911156117916
GAS,BAD,UCB_WITHOUT_VAE_UNCERTAINTY,54,Q loss,775,0.0022017676383256912
GAS,BAD,UCB_WITHOUT_VAE_UNCERTAINTY,54,Q loss,776,0.0022120343055576086
GAS,BAD,UCB_WITHOUT_VAE_UNCERTAINTY,54,Q loss,777,0.002358452882617712
GAS,BAD,UCB_WITHOUT_VAE_UNCERTAINTY,54,Q loss,778,0.008937467820942402
GAS,BAD,UCB_WITHOUT_VAE_UNCERTAINTY,54,Q loss,779,0.011896382085978985
GAS,BAD,UCB_WITHOUT_VAE_UNCERTAINTY,54,Q loss,780,0.0008091079071164131
GAS,BAD,UCB_WITHOUT_VAE_UNCERTAINTY,54,Q loss,781,0.0035132765769958496
GAS,BAD,UCB_WITHOUT_VAE_UNCERTAINTY,54,Q loss,782,0.004272294230759144
GAS,BAD,UCB_WITHOUT_VAE_UNCERTAINTY,54,Q loss,783,0.0012684022076427937
GAS,BAD,UCB_WITHOUT_VAE_UNCERTAINTY,54,Q loss,784,0.008589271456003189
GAS,BAD,UCB_WITHOUT_VAE_UNCERTAINTY,54,Q loss,785,0.0023346939124166965
GAS,BAD,UCB_WITHOUT_VAE_UNCERTAINTY,54,Q loss,786,0.002975005190819502
GAS,BAD,UCB_WITHOUT_VAE_UNCERTAINTY,54,Q loss,787,0.00137637322768569
GAS,BAD,UCB_WITHOUT_VAE_UNCERTAINTY,54,Q loss,788,0.0029696649871766567
GAS,BAD,UCB_WITHOUT_VAE_UNCERTAINTY,54,Q loss,789,0.003439937252551317
GAS,BAD,UCB_WITHOUT_VAE_UNCERTAINTY,54,Q loss,790,0.0069383070804178715
GAS,BAD,UCB_WITHOUT_VAE_UNCERTAINTY,54,Q loss,791,0.005610181950032711
GAS,BAD,UCB_WITHOUT_VAE_UNCERTAINTY,54,Q loss,792,0.001525201601907611
GAS,BAD,UCB_WITHOUT_VAE_UNCERTAINTY,54,Q loss,793,0.0024105776101350784
GAS,BAD,UCB_WITHOUT_VAE_UNCERTAINTY,54,Q loss,794,0.0011941060656681657
GAS,BAD,UCB_WITHOUT_VAE_UNCERTAINTY,54,Q loss,795,0.0066819218918681145
GAS,BAD,UCB_WITHOUT_VAE_UNCERTAINTY,54,Q loss,796,0.009102990850806236
GAS,BAD,UCB_WITHOUT_VAE_UNCERTAINTY,54,Q loss,797,0.011809355579316616
GAS,BAD,UCB_WITHOUT_VAE_UNCERTAINTY,54,Q loss,798,0.0013913976727053523
GAS,BAD,UCB_WITHOUT_VAE_UNCERTAINTY,54,Q loss,799,0.005234275944530964
GAS,BAD,UCB_WITHOUT_VAE_UNCERTAINTY,54,Q loss,800,0.0018741008825600147
GAS,BAD,UCB_WITHOUT_VAE_UNCERTAINTY,54,Q loss,801,0.003617173060774803
GAS,BAD,UCB_WITHOUT_VAE_UNCERTAINTY,54,Q loss,802,0.005093635059893131
GAS,BAD,UCB_WITHOUT_VAE_UNCERTAINTY,54,Q loss,803,0.006321282591670752
GAS,BAD,UCB_WITHOUT_VAE_UNCERTAINTY,54,Q loss,804,0.00196840800344944
GAS,BAD,UCB_WITHOUT_VAE_UNCERTAINTY,54,Q loss,805,0.005991984624415636
GAS,BAD,UCB_WITHOUT_VAE_UNCERTAINTY,54,Q loss,806,0.0066509791649878025
GAS,BAD,UCB_WITHOUT_VAE_UNCERTAINTY,54,Q loss,807,0.0025626367423683405
GAS,BAD,UCB_WITHOUT_VAE_UNCERTAINTY,54,Q loss,808,0.0020109741017222404
GAS,BAD,UCB_WITHOUT_VAE_UNCERTAINTY,54,Q loss,809,0.008988799527287483
GAS,BAD,UCB_WITHOUT_VAE_UNCERTAINTY,54,Cost loss,0,0.14932942390441895
GAS,BAD,UCB_WITHOUT_VAE_UNCERTAINTY,54,Cost loss,1,0.14732442796230316
GAS,BAD,UCB_WITHOUT_VAE_UNCERTAINTY,54,Cost loss,2,0.14732122421264648
GAS,BAD,UCB_WITHOUT_VAE_UNCERTAINTY,54,Cost loss,3,0.14581957459449768
GAS,BAD,UCB_WITHOUT_VAE_UNCERTAINTY,54,Cost loss,4,0.14273080229759216
GAS,BAD,UCB_WITHOUT_VAE_UNCERTAINTY,54,Cost loss,5,0.14052069187164307
GAS,BAD,UCB_WITHOUT_VAE_UNCERTAINTY,54,Cost loss,6,0.1375003308057785
GAS,BAD,UCB_WITHOUT_VAE_UNCERTAINTY,54,Cost loss,7,0.1357320100069046
GAS,BAD,UCB_WITHOUT_VAE_UNCERTAINTY,54,Cost loss,8,0.13433027267456055
GAS,BAD,UCB_WITHOUT_VAE_UNCERTAINTY,54,Cost loss,9,0.13285470008850098
GAS,BAD,UCB_WITHOUT_VAE_UNCERTAINTY,54,Cost loss,10,0.12948694825172424
GAS,BAD,UCB_WITHOUT_VAE_UNCERTAINTY,54,Cost loss,11,0.12878039479255676
GAS,BAD,UCB_WITHOUT_VAE_UNCERTAINTY,54,Cost loss,12,0.12848371267318726
GAS,BAD,UCB_WITHOUT_VAE_UNCERTAINTY,54,Cost loss,13,0.12637025117874146
GAS,BAD,UCB_WITHOUT_VAE_UNCERTAINTY,54,Cost loss,14,0.12342055141925812
GAS,BAD,UCB_WITHOUT_VAE_UNCERTAINTY,54,Cost loss,15,0.1218242198228836
GAS,BAD,UCB_WITHOUT_VAE_UNCERTAINTY,54,Cost loss,16,0.12179643660783768
GAS,BAD,UCB_WITHOUT_VAE_UNCERTAINTY,54,Cost loss,17,0.11931800097227097
GAS,BAD,UCB_WITHOUT_VAE_UNCERTAINTY,54,Cost loss,18,0.11903730034828186
GAS,BAD,UCB_WITHOUT_VAE_UNCERTAINTY,54,Cost loss,19,0.11556139588356018
GAS,BAD,UCB_WITHOUT_VAE_UNCERTAINTY,54,Cost loss,20,0.11623072624206543
GAS,BAD,UCB_WITHOUT_VAE_UNCERTAINTY,54,Cost loss,21,0.1116722971200943
GAS,BAD,UCB_WITHOUT_VAE_UNCERTAINTY,54,Cost loss,22,0.11218009889125824
GAS,BAD,UCB_WITHOUT_VAE_UNCERTAINTY,54,Cost loss,23,0.10993900895118713
GAS,BAD,UCB_WITHOUT_VAE_UNCERTAINTY,54,Cost loss,24,0.1089768037199974
GAS,BAD,UCB_WITHOUT_VAE_UNCERTAINTY,54,Cost loss,25,0.10734410583972931
GAS,BAD,UCB_WITHOUT_VAE_UNCERTAINTY,54,Cost loss,26,0.10614290833473206
GAS,BAD,UCB_WITHOUT_VAE_UNCERTAINTY,54,Cost loss,27,0.1050146222114563
GAS,BAD,UCB_WITHOUT_VAE_UNCERTAINTY,54,Cost loss,28,0.10383934527635574
GAS,BAD,UCB_WITHOUT_VAE_UNCERTAINTY,54,Cost loss,29,0.10081131756305695
GAS,BAD,UCB_WITHOUT_VAE_UNCERTAINTY,54,Cost loss,30,0.0993407666683197
GAS,BAD,UCB_WITHOUT_VAE_UNCERTAINTY,54,Cost loss,31,0.09918366372585297
GAS,BAD,UCB_WITHOUT_VAE_UNCERTAINTY,54,Cost loss,32,0.09887000173330307
GAS,BAD,UCB_WITHOUT_VAE_UNCERTAINTY,54,Cost loss,33,0.09915517270565033
GAS,BAD,UCB_WITHOUT_VAE_UNCERTAINTY,54,Cost loss,34,0.09606114029884338
GAS,BAD,UCB_WITHOUT_VAE_UNCERTAINTY,54,Cost loss,35,0.09465522319078445
GAS,BAD,UCB_WITHOUT_VAE_UNCERTAINTY,54,Cost loss,36,0.09197181463241577
GAS,BAD,UCB_WITHOUT_VAE_UNCERTAINTY,54,Cost loss,37,0.09226714074611664
GAS,BAD,UCB_WITHOUT_VAE_UNCERTAINTY,54,Cost loss,38,0.08988388627767563
GAS,BAD,UCB_WITHOUT_VAE_UNCERTAINTY,54,Cost loss,39,0.08867966383695602
GAS,BAD,UCB_WITHOUT_VAE_UNCERTAINTY,54,Cost loss,40,0.08603621274232864
GAS,BAD,UCB_WITHOUT_VAE_UNCERTAINTY,54,Cost loss,41,0.0833054631948471
GAS,BAD,UCB_WITHOUT_VAE_UNCERTAINTY,54,Cost loss,42,0.08497215807437897
GAS,BAD,UCB_WITHOUT_VAE_UNCERTAINTY,54,Cost loss,43,0.08162984251976013
GAS,BAD,UCB_WITHOUT_VAE_UNCERTAINTY,54,Cost loss,44,0.08371461182832718
GAS,BAD,UCB_WITHOUT_VAE_UNCERTAINTY,54,Cost loss,45,0.08120852708816528
GAS,BAD,UCB_WITHOUT_VAE_UNCERTAINTY,54,Cost loss,46,0.08234108984470367
GAS,BAD,UCB_WITHOUT_VAE_UNCERTAINTY,54,Cost loss,47,0.07850933074951172
GAS,BAD,UCB_WITHOUT_VAE_UNCERTAINTY,54,Cost loss,48,0.07912905514240265
GAS,BAD,UCB_WITHOUT_VAE_UNCERTAINTY,54,Cost loss,49,0.07949545979499817
GAS,BAD,UCB_WITHOUT_VAE_UNCERTAINTY,54,Cost loss,50,0.07264623045921326
GAS,BAD,UCB_WITHOUT_VAE_UNCERTAINTY,54,Cost loss,51,0.07359696179628372
GAS,BAD,UCB_WITHOUT_VAE_UNCERTAINTY,54,Cost loss,52,0.07371754944324493
GAS,BAD,UCB_WITHOUT_VAE_UNCERTAINTY,54,Cost loss,53,0.07332144677639008
GAS,BAD,UCB_WITHOUT_VAE_UNCERTAINTY,54,Cost loss,54,0.07247712463140488
GAS,BAD,UCB_WITHOUT_VAE_UNCERTAINTY,54,Cost loss,55,0.07029896229505539
GAS,BAD,UCB_WITHOUT_VAE_UNCERTAINTY,54,Cost loss,56,0.06907156109809875
GAS,BAD,UCB_WITHOUT_VAE_UNCERTAINTY,54,Cost loss,57,0.06902570277452469
GAS,BAD,UCB_WITHOUT_VAE_UNCERTAINTY,54,Cost loss,58,0.06539754569530487
GAS,BAD,UCB_WITHOUT_VAE_UNCERTAINTY,54,Cost loss,59,0.0644071102142334
GAS,BAD,UCB_WITHOUT_VAE_UNCERTAINTY,54,Cost loss,60,0.06480175256729126
GAS,BAD,UCB_WITHOUT_VAE_UNCERTAINTY,54,Cost loss,61,0.06528657674789429
GAS,BAD,UCB_WITHOUT_VAE_UNCERTAINTY,54,Cost loss,62,0.06282957643270493
GAS,BAD,UCB_WITHOUT_VAE_UNCERTAINTY,54,Cost loss,63,0.05916832387447357
GAS,BAD,UCB_WITHOUT_VAE_UNCERTAINTY,54,Cost loss,64,0.06234895810484886
GAS,BAD,UCB_WITHOUT_VAE_UNCERTAINTY,54,Cost loss,65,0.059617992490530014
GAS,BAD,UCB_WITHOUT_VAE_UNCERTAINTY,54,Cost loss,66,0.059831615537405014
GAS,BAD,UCB_WITHOUT_VAE_UNCERTAINTY,54,Cost loss,67,0.058980297297239304
GAS,BAD,UCB_WITHOUT_VAE_UNCERTAINTY,54,Cost loss,68,0.05695292726159096
GAS,BAD,UCB_WITHOUT_VAE_UNCERTAINTY,54,Cost loss,69,0.05762317404150963
GAS,BAD,UCB_WITHOUT_VAE_UNCERTAINTY,54,Cost loss,70,0.05465434864163399
GAS,BAD,UCB_WITHOUT_VAE_UNCERTAINTY,54,Cost loss,71,0.05548291653394699
GAS,BAD,UCB_WITHOUT_VAE_UNCERTAINTY,54,Cost loss,72,0.05374649167060852
GAS,BAD,UCB_WITHOUT_VAE_UNCERTAINTY,54,Cost loss,73,0.05676570534706116
GAS,BAD,UCB_WITHOUT_VAE_UNCERTAINTY,54,Cost loss,74,0.053706906735897064
GAS,BAD,UCB_WITHOUT_VAE_UNCERTAINTY,54,Cost loss,75,0.051340240985155106
GAS,BAD,UCB_WITHOUT_VAE_UNCERTAINTY,54,Cost loss,76,0.05021962523460388
GAS,BAD,UCB_WITHOUT_VAE_UNCERTAINTY,54,Cost loss,77,0.0500628687441349
GAS,BAD,UCB_WITHOUT_VAE_UNCERTAINTY,54,Cost loss,78,0.04968864470720291
GAS,BAD,UCB_WITHOUT_VAE_UNCERTAINTY,54,Cost loss,79,0.04826138913631439
GAS,BAD,UCB_WITHOUT_VAE_UNCERTAINTY,54,Cost loss,80,0.0488092303276062
GAS,BAD,UCB_WITHOUT_VAE_UNCERTAINTY,54,Cost loss,81,0.04864317923784256
GAS,BAD,UCB_WITHOUT_VAE_UNCERTAINTY,54,Cost loss,82,0.04659067839384079
GAS,BAD,UCB_WITHOUT_VAE_UNCERTAINTY,54,Cost loss,83,0.04616411030292511
GAS,BAD,UCB_WITHOUT_VAE_UNCERTAINTY,54,Cost loss,84,0.04555921256542206
GAS,BAD,UCB_WITHOUT_VAE_UNCERTAINTY,54,Cost loss,85,0.04432208463549614
GAS,BAD,UCB_WITHOUT_VAE_UNCERTAINTY,54,Cost loss,86,0.04415332153439522
GAS,BAD,UCB_WITHOUT_VAE_UNCERTAINTY,54,Cost loss,87,0.04280753433704376
GAS,BAD,UCB_WITHOUT_VAE_UNCERTAINTY,54,Cost loss,88,0.042629942297935486
GAS,BAD,UCB_WITHOUT_VAE_UNCERTAINTY,54,Cost loss,89,0.03985190391540527
GAS,BAD,UCB_WITHOUT_VAE_UNCERTAINTY,54,Cost loss,90,0.03954017534852028
GAS,BAD,UCB_WITHOUT_VAE_UNCERTAINTY,54,Cost loss,91,0.041017018258571625
GAS,BAD,UCB_WITHOUT_VAE_UNCERTAINTY,54,Cost loss,92,0.04036906361579895
GAS,BAD,UCB_WITHOUT_VAE_UNCERTAINTY,54,Cost loss,93,0.03863272815942764
GAS,BAD,UCB_WITHOUT_VAE_UNCERTAINTY,54,Cost loss,94,0.03922320902347565
GAS,BAD,UCB_WITHOUT_VAE_UNCERTAINTY,54,Cost loss,95,0.03847765550017357
GAS,BAD,UCB_WITHOUT_VAE_UNCERTAINTY,54,Cost loss,96,0.03702747821807861
GAS,BAD,UCB_WITHOUT_VAE_UNCERTAINTY,54,Cost loss,97,0.0381883904337883
GAS,BAD,UCB_WITHOUT_VAE_UNCERTAINTY,54,Cost loss,98,0.03522128611803055
GAS,BAD,UCB_WITHOUT_VAE_UNCERTAINTY,54,Cost loss,99,0.03482706844806671
GAS,BAD,UCB_WITHOUT_VAE_UNCERTAINTY,54,Cost loss,100,0.03503277897834778
GAS,BAD,UCB_WITHOUT_VAE_UNCERTAINTY,54,Cost loss,101,0.032819002866744995
GAS,BAD,UCB_WITHOUT_VAE_UNCERTAINTY,54,Cost loss,102,0.03383419290184975
GAS,BAD,UCB_WITHOUT_VAE_UNCERTAINTY,54,Cost loss,103,0.031658001244068146
GAS,BAD,UCB_WITHOUT_VAE_UNCERTAINTY,54,Cost loss,104,0.03088175132870674
GAS,BAD,UCB_WITHOUT_VAE_UNCERTAINTY,54,Cost loss,105,0.030808890238404274
GAS,BAD,UCB_WITHOUT_VAE_UNCERTAINTY,54,Cost loss,106,0.030107632279396057
GAS,BAD,UCB_WITHOUT_VAE_UNCERTAINTY,54,Cost loss,107,0.028909126296639442
GAS,BAD,UCB_WITHOUT_VAE_UNCERTAINTY,54,Cost loss,108,0.027325619012117386
GAS,BAD,UCB_WITHOUT_VAE_UNCERTAINTY,54,Cost loss,109,0.027824684977531433
GAS,BAD,UCB_WITHOUT_VAE_UNCERTAINTY,54,Cost loss,110,0.026062682271003723
GAS,BAD,UCB_WITHOUT_VAE_UNCERTAINTY,54,Cost loss,111,0.02549814060330391
GAS,BAD,UCB_WITHOUT_VAE_UNCERTAINTY,54,Cost loss,112,0.0266562532633543
GAS,BAD,UCB_WITHOUT_VAE_UNCERTAINTY,54,Cost loss,113,0.02555806003510952
GAS,BAD,UCB_WITHOUT_VAE_UNCERTAINTY,54,Cost loss,114,0.02371804788708687
GAS,BAD,UCB_WITHOUT_VAE_UNCERTAINTY,54,Cost loss,115,0.02450370416045189
GAS,BAD,UCB_WITHOUT_VAE_UNCERTAINTY,54,Cost loss,116,0.02182708866894245
GAS,BAD,UCB_WITHOUT_VAE_UNCERTAINTY,54,Cost loss,117,0.022257544100284576
GAS,BAD,UCB_WITHOUT_VAE_UNCERTAINTY,54,Cost loss,118,0.02104351855814457
GAS,BAD,UCB_WITHOUT_VAE_UNCERTAINTY,54,Cost loss,119,0.020902588963508606
GAS,BAD,UCB_WITHOUT_VAE_UNCERTAINTY,54,Cost loss,120,0.0199824720621109
GAS,BAD,UCB_WITHOUT_VAE_UNCERTAINTY,54,Cost loss,121,0.018921304494142532
GAS,BAD,UCB_WITHOUT_VAE_UNCERTAINTY,54,Cost loss,122,0.01925612799823284
GAS,BAD,UCB_WITHOUT_VAE_UNCERTAINTY,54,Cost loss,123,0.016655221581459045
GAS,BAD,UCB_WITHOUT_VAE_UNCERTAINTY,54,Cost loss,124,0.017864752560853958
GAS,BAD,UCB_WITHOUT_VAE_UNCERTAINTY,54,Cost loss,125,0.015624616295099258
GAS,BAD,UCB_WITHOUT_VAE_UNCERTAINTY,54,Cost loss,126,0.015655912458896637
GAS,BAD,UCB_WITHOUT_VAE_UNCERTAINTY,54,Cost loss,127,0.014516119845211506
GAS,BAD,UCB_WITHOUT_VAE_UNCERTAINTY,54,Cost loss,128,0.015112197026610374
GAS,BAD,UCB_WITHOUT_VAE_UNCERTAINTY,54,Cost loss,129,0.016099829226732254
GAS,BAD,UCB_WITHOUT_VAE_UNCERTAINTY,54,Cost loss,130,0.01403837837278843
GAS,BAD,UCB_WITHOUT_VAE_UNCERTAINTY,54,Cost loss,131,0.014078736305236816
GAS,BAD,UCB_WITHOUT_VAE_UNCERTAINTY,54,Cost loss,132,0.014604628086090088
GAS,BAD,UCB_WITHOUT_VAE_UNCERTAINTY,54,Cost loss,133,0.013251123949885368
GAS,BAD,UCB_WITHOUT_VAE_UNCERTAINTY,54,Cost loss,134,0.01553791482001543
GAS,BAD,UCB_WITHOUT_VAE_UNCERTAINTY,54,Cost loss,135,0.013632107526063919
GAS,BAD,UCB_WITHOUT_VAE_UNCERTAINTY,54,Cost loss,136,0.012810111045837402
GAS,BAD,UCB_WITHOUT_VAE_UNCERTAINTY,54,Cost loss,137,0.012344965711236
GAS,BAD,UCB_WITHOUT_VAE_UNCERTAINTY,54,Cost loss,138,0.012216512113809586
GAS,BAD,UCB_WITHOUT_VAE_UNCERTAINTY,54,Cost loss,139,0.010806222446262836
GAS,BAD,UCB_WITHOUT_VAE_UNCERTAINTY,54,Cost loss,140,0.011510813608765602
GAS,BAD,UCB_WITHOUT_VAE_UNCERTAINTY,54,Cost loss,141,0.012455365620553493
GAS,BAD,UCB_WITHOUT_VAE_UNCERTAINTY,54,Cost loss,142,0.011608571745455265
GAS,BAD,UCB_WITHOUT_VAE_UNCERTAINTY,54,Cost loss,143,0.010161708109080791
GAS,BAD,UCB_WITHOUT_VAE_UNCERTAINTY,54,Cost loss,144,0.011267101392149925
GAS,BAD,UCB_WITHOUT_VAE_UNCERTAINTY,55,Q loss,0,0.023553047329187393
GAS,BAD,UCB_WITHOUT_VAE_UNCERTAINTY,55,Q loss,1,0.01598373055458069
GAS,BAD,UCB_WITHOUT_VAE_UNCERTAINTY,55,Q loss,2,0.014589249156415462
GAS,BAD,UCB_WITHOUT_VAE_UNCERTAINTY,55,Q loss,3,0.044481776654720306
GAS,BAD,UCB_WITHOUT_VAE_UNCERTAINTY,55,Q loss,4,0.028250576928257942
GAS,BAD,UCB_WITHOUT_VAE_UNCERTAINTY,55,Q loss,5,0.03142257034778595
GAS,BAD,UCB_WITHOUT_VAE_UNCERTAINTY,55,Q loss,6,0.011524445377290249
GAS,BAD,UCB_WITHOUT_VAE_UNCERTAINTY,55,Q loss,7,0.024188034236431122
GAS,BAD,UCB_WITHOUT_VAE_UNCERTAINTY,55,Q loss,8,0.028489289805293083
GAS,BAD,UCB_WITHOUT_VAE_UNCERTAINTY,55,Q loss,9,0.02324330061674118
GAS,BAD,UCB_WITHOUT_VAE_UNCERTAINTY,55,Q loss,10,0.032643094658851624
GAS,BAD,UCB_WITHOUT_VAE_UNCERTAINTY,55,Q loss,11,0.03551703318953514
GAS,BAD,UCB_WITHOUT_VAE_UNCERTAINTY,55,Q loss,12,0.03460656851530075
GAS,BAD,UCB_WITHOUT_VAE_UNCERTAINTY,55,Q loss,13,0.027302082628011703
GAS,BAD,UCB_WITHOUT_VAE_UNCERTAINTY,55,Q loss,14,0.025171693414449692
GAS,BAD,UCB_WITHOUT_VAE_UNCERTAINTY,55,Q loss,15,0.02397448569536209
GAS,BAD,UCB_WITHOUT_VAE_UNCERTAINTY,55,Q loss,16,0.033888865262269974
GAS,BAD,UCB_WITHOUT_VAE_UNCERTAINTY,55,Q loss,17,0.052257735282182693
GAS,BAD,UCB_WITHOUT_VAE_UNCERTAINTY,55,Q loss,18,0.015067227184772491
GAS,BAD,UCB_WITHOUT_VAE_UNCERTAINTY,55,Q loss,19,0.019271109253168106
GAS,BAD,UCB_WITHOUT_VAE_UNCERTAINTY,55,Q loss,20,0.019019287079572678
GAS,BAD,UCB_WITHOUT_VAE_UNCERTAINTY,55,Q loss,21,0.032138124108314514
GAS,BAD,UCB_WITHOUT_VAE_UNCERTAINTY,55,Q loss,22,0.03777117282152176
GAS,BAD,UCB_WITHOUT_VAE_UNCERTAINTY,55,Q loss,23,0.04266460984945297
GAS,BAD,UCB_WITHOUT_VAE_UNCERTAINTY,55,Q loss,24,0.015704307705163956
GAS,BAD,UCB_WITHOUT_VAE_UNCERTAINTY,55,Q loss,25,0.041459809988737106
GAS,BAD,UCB_WITHOUT_VAE_UNCERTAINTY,55,Q loss,26,0.044445671141147614
GAS,BAD,UCB_WITHOUT_VAE_UNCERTAINTY,55,Q loss,27,0.03898013010621071
GAS,BAD,UCB_WITHOUT_VAE_UNCERTAINTY,55,Q loss,28,0.07491833716630936
GAS,BAD,UCB_WITHOUT_VAE_UNCERTAINTY,55,Q loss,29,0.033446162939071655
GAS,BAD,UCB_WITHOUT_VAE_UNCERTAINTY,55,Q loss,30,0.05390506982803345
GAS,BAD,UCB_WITHOUT_VAE_UNCERTAINTY,55,Q loss,31,0.07426412403583527
GAS,BAD,UCB_WITHOUT_VAE_UNCERTAINTY,55,Q loss,32,0.025553282350301743
GAS,BAD,UCB_WITHOUT_VAE_UNCERTAINTY,55,Q loss,33,0.06775715947151184
GAS,BAD,UCB_WITHOUT_VAE_UNCERTAINTY,55,Q loss,34,0.08010822534561157
GAS,BAD,UCB_WITHOUT_VAE_UNCERTAINTY,55,Q loss,35,0.09539198130369186
GAS,BAD,UCB_WITHOUT_VAE_UNCERTAINTY,55,Q loss,36,0.01021198183298111
GAS,BAD,UCB_WITHOUT_VAE_UNCERTAINTY,55,Q loss,37,0.01637030392885208
GAS,BAD,UCB_WITHOUT_VAE_UNCERTAINTY,55,Q loss,38,0.016594260931015015
GAS,BAD,UCB_WITHOUT_VAE_UNCERTAINTY,55,Q loss,39,0.03102755919098854
GAS,BAD,UCB_WITHOUT_VAE_UNCERTAINTY,55,Q loss,40,0.06001685932278633
GAS,BAD,UCB_WITHOUT_VAE_UNCERTAINTY,55,Q loss,41,0.04802451655268669
GAS,BAD,UCB_WITHOUT_VAE_UNCERTAINTY,55,Q loss,42,0.02802332118153572
GAS,BAD,UCB_WITHOUT_VAE_UNCERTAINTY,55,Q loss,43,0.026107795536518097
GAS,BAD,UCB_WITHOUT_VAE_UNCERTAINTY,55,Q loss,44,0.033019356429576874
GAS,BAD,UCB_WITHOUT_VAE_UNCERTAINTY,55,Q loss,45,0.03805685415863991
GAS,BAD,UCB_WITHOUT_VAE_UNCERTAINTY,55,Q loss,46,0.05467753857374191
GAS,BAD,UCB_WITHOUT_VAE_UNCERTAINTY,55,Q loss,47,0.0558195523917675
GAS,BAD,UCB_WITHOUT_VAE_UNCERTAINTY,55,Q loss,48,0.039536960422992706
GAS,BAD,UCB_WITHOUT_VAE_UNCERTAINTY,55,Q loss,49,0.042405255138874054
GAS,BAD,UCB_WITHOUT_VAE_UNCERTAINTY,55,Q loss,50,0.0412542000412941
GAS,BAD,UCB_WITHOUT_VAE_UNCERTAINTY,55,Q loss,51,0.0471445694565773
GAS,BAD,UCB_WITHOUT_VAE_UNCERTAINTY,55,Q loss,52,0.07640916109085083
GAS,BAD,UCB_WITHOUT_VAE_UNCERTAINTY,55,Q loss,53,0.05955231934785843
GAS,BAD,UCB_WITHOUT_VAE_UNCERTAINTY,55,Q loss,54,0.014645673334598541
GAS,BAD,UCB_WITHOUT_VAE_UNCERTAINTY,55,Q loss,55,0.014666780829429626
GAS,BAD,UCB_WITHOUT_VAE_UNCERTAINTY,55,Q loss,56,0.016917774453759193
GAS,BAD,UCB_WITHOUT_VAE_UNCERTAINTY,55,Q loss,57,0.059362638741731644
GAS,BAD,UCB_WITHOUT_VAE_UNCERTAINTY,55,Q loss,58,0.0342298299074173
GAS,BAD,UCB_WITHOUT_VAE_UNCERTAINTY,55,Q loss,59,0.0308780949562788
GAS,BAD,UCB_WITHOUT_VAE_UNCERTAINTY,55,Q loss,60,0.018958210945129395
GAS,BAD,UCB_WITHOUT_VAE_UNCERTAINTY,55,Q loss,61,0.021183175966143608
GAS,BAD,UCB_WITHOUT_VAE_UNCERTAINTY,55,Q loss,62,0.02313939481973648
GAS,BAD,UCB_WITHOUT_VAE_UNCERTAINTY,55,Q loss,63,0.027068693190813065
GAS,BAD,UCB_WITHOUT_VAE_UNCERTAINTY,55,Q loss,64,0.04075654596090317
GAS,BAD,UCB_WITHOUT_VAE_UNCERTAINTY,55,Q loss,65,0.028441470116376877
GAS,BAD,UCB_WITHOUT_VAE_UNCERTAINTY,55,Q loss,66,0.024647798389196396
GAS,BAD,UCB_WITHOUT_VAE_UNCERTAINTY,55,Q loss,67,0.034440070390701294
GAS,BAD,UCB_WITHOUT_VAE_UNCERTAINTY,55,Q loss,68,0.032081589102745056
GAS,BAD,UCB_WITHOUT_VAE_UNCERTAINTY,55,Q loss,69,0.0268732700496912
GAS,BAD,UCB_WITHOUT_VAE_UNCERTAINTY,55,Q loss,70,0.04880184680223465
GAS,BAD,UCB_WITHOUT_VAE_UNCERTAINTY,55,Q loss,71,0.036738380789756775
GAS,BAD,UCB_WITHOUT_VAE_UNCERTAINTY,55,Q loss,72,0.013414873741567135
GAS,BAD,UCB_WITHOUT_VAE_UNCERTAINTY,55,Q loss,73,0.021105116233229637
GAS,BAD,UCB_WITHOUT_VAE_UNCERTAINTY,55,Q loss,74,0.017653770744800568
GAS,BAD,UCB_WITHOUT_VAE_UNCERTAINTY,55,Q loss,75,0.029765497893095016
GAS,BAD,UCB_WITHOUT_VAE_UNCERTAINTY,55,Q loss,76,0.03724795579910278
GAS,BAD,UCB_WITHOUT_VAE_UNCERTAINTY,55,Q loss,77,0.07452182471752167
GAS,BAD,UCB_WITHOUT_VAE_UNCERTAINTY,55,Q loss,78,0.019701264798641205
GAS,BAD,UCB_WITHOUT_VAE_UNCERTAINTY,55,Q loss,79,0.0330173596739769
GAS,BAD,UCB_WITHOUT_VAE_UNCERTAINTY,55,Q loss,80,0.03211347758769989
GAS,BAD,UCB_WITHOUT_VAE_UNCERTAINTY,55,Q loss,81,0.04540006443858147
GAS,BAD,UCB_WITHOUT_VAE_UNCERTAINTY,55,Q loss,82,0.06125643104314804
GAS,BAD,UCB_WITHOUT_VAE_UNCERTAINTY,55,Q loss,83,0.044041913002729416
GAS,BAD,UCB_WITHOUT_VAE_UNCERTAINTY,55,Q loss,84,0.03331001475453377
GAS,BAD,UCB_WITHOUT_VAE_UNCERTAINTY,55,Q loss,85,0.044023651629686356
GAS,BAD,UCB_WITHOUT_VAE_UNCERTAINTY,55,Q loss,86,0.04769711196422577
GAS,BAD,UCB_WITHOUT_VAE_UNCERTAINTY,55,Q loss,87,0.032300785183906555
GAS,BAD,UCB_WITHOUT_VAE_UNCERTAINTY,55,Q loss,88,0.06676025688648224
GAS,BAD,UCB_WITHOUT_VAE_UNCERTAINTY,55,Q loss,89,0.07654614001512527
GAS,BAD,UCB_WITHOUT_VAE_UNCERTAINTY,55,Q loss,90,0.013103615492582321
GAS,BAD,UCB_WITHOUT_VAE_UNCERTAINTY,55,Q loss,91,0.016081180423498154
GAS,BAD,UCB_WITHOUT_VAE_UNCERTAINTY,55,Q loss,92,0.009082083590328693
GAS,BAD,UCB_WITHOUT_VAE_UNCERTAINTY,55,Q loss,93,0.03657886013388634
GAS,BAD,UCB_WITHOUT_VAE_UNCERTAINTY,55,Q loss,94,0.0322270393371582
GAS,BAD,UCB_WITHOUT_VAE_UNCERTAINTY,55,Q loss,95,0.04070873558521271
GAS,BAD,UCB_WITHOUT_VAE_UNCERTAINTY,55,Q loss,96,0.018384277820587158
GAS,BAD,UCB_WITHOUT_VAE_UNCERTAINTY,55,Q loss,97,0.01643197610974312
GAS,BAD,UCB_WITHOUT_VAE_UNCERTAINTY,55,Q loss,98,0.028545554727315903
GAS,BAD,UCB_WITHOUT_VAE_UNCERTAINTY,55,Q loss,99,0.01747085154056549
GAS,BAD,UCB_WITHOUT_VAE_UNCERTAINTY,55,Q loss,100,0.029932361096143723
GAS,BAD,UCB_WITHOUT_VAE_UNCERTAINTY,55,Q loss,101,0.03594450280070305
GAS,BAD,UCB_WITHOUT_VAE_UNCERTAINTY,55,Q loss,102,0.031023722141981125
GAS,BAD,UCB_WITHOUT_VAE_UNCERTAINTY,55,Q loss,103,0.036881960928440094
GAS,BAD,UCB_WITHOUT_VAE_UNCERTAINTY,55,Q loss,104,0.04007754474878311
GAS,BAD,UCB_WITHOUT_VAE_UNCERTAINTY,55,Q loss,105,0.03412003070116043
GAS,BAD,UCB_WITHOUT_VAE_UNCERTAINTY,55,Q loss,106,0.05629686266183853
GAS,BAD,UCB_WITHOUT_VAE_UNCERTAINTY,55,Q loss,107,0.04096287861466408
GAS,BAD,UCB_WITHOUT_VAE_UNCERTAINTY,55,Q loss,108,0.006626743823289871
GAS,BAD,UCB_WITHOUT_VAE_UNCERTAINTY,55,Q loss,109,0.01537612359970808
GAS,BAD,UCB_WITHOUT_VAE_UNCERTAINTY,55,Q loss,110,0.012444098480045795
GAS,BAD,UCB_WITHOUT_VAE_UNCERTAINTY,55,Q loss,111,0.029465846717357635
GAS,BAD,UCB_WITHOUT_VAE_UNCERTAINTY,55,Q loss,112,0.04138321802020073
GAS,BAD,UCB_WITHOUT_VAE_UNCERTAINTY,55,Q loss,113,0.04874807596206665
GAS,BAD,UCB_WITHOUT_VAE_UNCERTAINTY,55,Q loss,114,0.017232859507203102
GAS,BAD,UCB_WITHOUT_VAE_UNCERTAINTY,55,Q loss,115,0.03459041565656662
GAS,BAD,UCB_WITHOUT_VAE_UNCERTAINTY,55,Q loss,116,0.02161617949604988
GAS,BAD,UCB_WITHOUT_VAE_UNCERTAINTY,55,Q loss,117,0.03471057862043381
GAS,BAD,UCB_WITHOUT_VAE_UNCERTAINTY,55,Q loss,118,0.054058413952589035
GAS,BAD,UCB_WITHOUT_VAE_UNCERTAINTY,55,Q loss,119,0.045397501438856125
GAS,BAD,UCB_WITHOUT_VAE_UNCERTAINTY,55,Q loss,120,0.046921808272600174
GAS,BAD,UCB_WITHOUT_VAE_UNCERTAINTY,55,Q loss,121,0.05134940147399902
GAS,BAD,UCB_WITHOUT_VAE_UNCERTAINTY,55,Q loss,122,0.035249724984169006
GAS,BAD,UCB_WITHOUT_VAE_UNCERTAINTY,55,Q loss,123,0.04538239538669586
GAS,BAD,UCB_WITHOUT_VAE_UNCERTAINTY,55,Q loss,124,0.06840533763170242
GAS,BAD,UCB_WITHOUT_VAE_UNCERTAINTY,55,Q loss,125,0.07351257652044296
GAS,BAD,UCB_WITHOUT_VAE_UNCERTAINTY,55,Q loss,126,0.009952263906598091
GAS,BAD,UCB_WITHOUT_VAE_UNCERTAINTY,55,Q loss,127,0.011330818757414818
GAS,BAD,UCB_WITHOUT_VAE_UNCERTAINTY,55,Q loss,128,0.009719613939523697
GAS,BAD,UCB_WITHOUT_VAE_UNCERTAINTY,55,Q loss,129,0.023653488606214523
GAS,BAD,UCB_WITHOUT_VAE_UNCERTAINTY,55,Q loss,130,0.0430203452706337
GAS,BAD,UCB_WITHOUT_VAE_UNCERTAINTY,55,Q loss,131,0.053061529994010925
GAS,BAD,UCB_WITHOUT_VAE_UNCERTAINTY,55,Q loss,132,0.023322653025388718
GAS,BAD,UCB_WITHOUT_VAE_UNCERTAINTY,55,Q loss,133,0.023529227823019028
GAS,BAD,UCB_WITHOUT_VAE_UNCERTAINTY,55,Q loss,134,0.019038125872612
GAS,BAD,UCB_WITHOUT_VAE_UNCERTAINTY,55,Q loss,135,0.029647910967469215
GAS,BAD,UCB_WITHOUT_VAE_UNCERTAINTY,55,Q loss,136,0.037668634206056595
GAS,BAD,UCB_WITHOUT_VAE_UNCERTAINTY,55,Q loss,137,0.03599630296230316
GAS,BAD,UCB_WITHOUT_VAE_UNCERTAINTY,55,Q loss,138,0.042357608675956726
GAS,BAD,UCB_WITHOUT_VAE_UNCERTAINTY,55,Q loss,139,0.03584377467632294
GAS,BAD,UCB_WITHOUT_VAE_UNCERTAINTY,55,Q loss,140,0.023004673421382904
GAS,BAD,UCB_WITHOUT_VAE_UNCERTAINTY,55,Q loss,141,0.03115043416619301
GAS,BAD,UCB_WITHOUT_VAE_UNCERTAINTY,55,Q loss,142,0.015412924811244011
GAS,BAD,UCB_WITHOUT_VAE_UNCERTAINTY,55,Q loss,143,0.033971238881349564
GAS,BAD,UCB_WITHOUT_VAE_UNCERTAINTY,55,Q loss,144,0.007293413393199444
GAS,BAD,UCB_WITHOUT_VAE_UNCERTAINTY,55,Q loss,145,0.008074545301496983
GAS,BAD,UCB_WITHOUT_VAE_UNCERTAINTY,55,Q loss,146,0.0055602965876460075
GAS,BAD,UCB_WITHOUT_VAE_UNCERTAINTY,55,Q loss,147,0.01927034929394722
GAS,BAD,UCB_WITHOUT_VAE_UNCERTAINTY,55,Q loss,148,0.008527898229658604
GAS,BAD,UCB_WITHOUT_VAE_UNCERTAINTY,55,Q loss,149,0.027471601963043213
GAS,BAD,UCB_WITHOUT_VAE_UNCERTAINTY,55,Q loss,150,0.008559937588870525
GAS,BAD,UCB_WITHOUT_VAE_UNCERTAINTY,55,Q loss,151,0.012038961052894592
GAS,BAD,UCB_WITHOUT_VAE_UNCERTAINTY,55,Q loss,152,0.01320445816963911
GAS,BAD,UCB_WITHOUT_VAE_UNCERTAINTY,55,Q loss,153,0.010731304995715618
GAS,BAD,UCB_WITHOUT_VAE_UNCERTAINTY,55,Q loss,154,0.01843828149139881
GAS,BAD,UCB_WITHOUT_VAE_UNCERTAINTY,55,Q loss,155,0.019465548917651176
GAS,BAD,UCB_WITHOUT_VAE_UNCERTAINTY,55,Q loss,156,0.015828318893909454
GAS,BAD,UCB_WITHOUT_VAE_UNCERTAINTY,55,Q loss,157,0.012544721364974976
GAS,BAD,UCB_WITHOUT_VAE_UNCERTAINTY,55,Q loss,158,0.017923157662153244
GAS,BAD,UCB_WITHOUT_VAE_UNCERTAINTY,55,Q loss,159,0.026173846796154976
GAS,BAD,UCB_WITHOUT_VAE_UNCERTAINTY,55,Q loss,160,0.027911370620131493
GAS,BAD,UCB_WITHOUT_VAE_UNCERTAINTY,55,Q loss,161,0.021812696009874344
GAS,BAD,UCB_WITHOUT_VAE_UNCERTAINTY,55,Q loss,162,0.007862776517868042
GAS,BAD,UCB_WITHOUT_VAE_UNCERTAINTY,55,Q loss,163,0.005449493881314993
GAS,BAD,UCB_WITHOUT_VAE_UNCERTAINTY,55,Q loss,164,0.00917297974228859
GAS,BAD,UCB_WITHOUT_VAE_UNCERTAINTY,55,Q loss,165,0.012077306397259235
GAS,BAD,UCB_WITHOUT_VAE_UNCERTAINTY,55,Q loss,166,0.014585087075829506
GAS,BAD,UCB_WITHOUT_VAE_UNCERTAINTY,55,Q loss,167,0.04709088057279587
GAS,BAD,UCB_WITHOUT_VAE_UNCERTAINTY,55,Q loss,168,0.00890633836388588
GAS,BAD,UCB_WITHOUT_VAE_UNCERTAINTY,55,Q loss,169,0.01311698742210865
GAS,BAD,UCB_WITHOUT_VAE_UNCERTAINTY,55,Q loss,170,0.008304279297590256
GAS,BAD,UCB_WITHOUT_VAE_UNCERTAINTY,55,Q loss,171,0.01984167844057083
GAS,BAD,UCB_WITHOUT_VAE_UNCERTAINTY,55,Q loss,172,0.022633587941527367
GAS,BAD,UCB_WITHOUT_VAE_UNCERTAINTY,55,Q loss,173,0.02111608162522316
GAS,BAD,UCB_WITHOUT_VAE_UNCERTAINTY,55,Q loss,174,0.023242030292749405
GAS,BAD,UCB_WITHOUT_VAE_UNCERTAINTY,55,Q loss,175,0.0227944515645504
GAS,BAD,UCB_WITHOUT_VAE_UNCERTAINTY,55,Q loss,176,0.018212884664535522
GAS,BAD,UCB_WITHOUT_VAE_UNCERTAINTY,55,Q loss,177,0.032990068197250366
GAS,BAD,UCB_WITHOUT_VAE_UNCERTAINTY,55,Q loss,178,0.036274634301662445
GAS,BAD,UCB_WITHOUT_VAE_UNCERTAINTY,55,Q loss,179,0.033669859170913696
GAS,BAD,UCB_WITHOUT_VAE_UNCERTAINTY,55,Q loss,180,0.007056396454572678
GAS,BAD,UCB_WITHOUT_VAE_UNCERTAINTY,55,Q loss,181,0.005393107421696186
GAS,BAD,UCB_WITHOUT_VAE_UNCERTAINTY,55,Q loss,182,0.0036310465075075626
GAS,BAD,UCB_WITHOUT_VAE_UNCERTAINTY,55,Q loss,183,0.009318435564637184
GAS,BAD,UCB_WITHOUT_VAE_UNCERTAINTY,55,Q loss,184,0.01039602980017662
GAS,BAD,UCB_WITHOUT_VAE_UNCERTAINTY,55,Q loss,185,0.008675292134284973
GAS,BAD,UCB_WITHOUT_VAE_UNCERTAINTY,55,Q loss,186,0.00883498415350914
GAS,BAD,UCB_WITHOUT_VAE_UNCERTAINTY,55,Q loss,187,0.016586948186159134
GAS,BAD,UCB_WITHOUT_VAE_UNCERTAINTY,55,Q loss,188,0.007385330740362406
GAS,BAD,UCB_WITHOUT_VAE_UNCERTAINTY,55,Q loss,189,0.009887417778372765
GAS,BAD,UCB_WITHOUT_VAE_UNCERTAINTY,55,Q loss,190,0.014762524515390396
GAS,BAD,UCB_WITHOUT_VAE_UNCERTAINTY,55,Q loss,191,0.02854929119348526
GAS,BAD,UCB_WITHOUT_VAE_UNCERTAINTY,55,Q loss,192,0.017418302595615387
GAS,BAD,UCB_WITHOUT_VAE_UNCERTAINTY,55,Q loss,193,0.018990714102983475
GAS,BAD,UCB_WITHOUT_VAE_UNCERTAINTY,55,Q loss,194,0.02393525280058384
GAS,BAD,UCB_WITHOUT_VAE_UNCERTAINTY,55,Q loss,195,0.0169511828571558
GAS,BAD,UCB_WITHOUT_VAE_UNCERTAINTY,55,Q loss,196,0.01188959926366806
GAS,BAD,UCB_WITHOUT_VAE_UNCERTAINTY,55,Q loss,197,0.009037114679813385
GAS,BAD,UCB_WITHOUT_VAE_UNCERTAINTY,55,Q loss,198,0.0038223802112042904
GAS,BAD,UCB_WITHOUT_VAE_UNCERTAINTY,55,Q loss,199,0.008190665394067764
GAS,BAD,UCB_WITHOUT_VAE_UNCERTAINTY,55,Q loss,200,0.0030471617355942726
GAS,BAD,UCB_WITHOUT_VAE_UNCERTAINTY,55,Q loss,201,0.0026794816367328167
GAS,BAD,UCB_WITHOUT_VAE_UNCERTAINTY,55,Q loss,202,0.016272466629743576
GAS,BAD,UCB_WITHOUT_VAE_UNCERTAINTY,55,Q loss,203,0.014314517378807068
GAS,BAD,UCB_WITHOUT_VAE_UNCERTAINTY,55,Q loss,204,0.00425622658804059
GAS,BAD,UCB_WITHOUT_VAE_UNCERTAINTY,55,Q loss,205,0.006703035905957222
GAS,BAD,UCB_WITHOUT_VAE_UNCERTAINTY,55,Q loss,206,0.00967743992805481
GAS,BAD,UCB_WITHOUT_VAE_UNCERTAINTY,55,Q loss,207,0.011795422062277794
GAS,BAD,UCB_WITHOUT_VAE_UNCERTAINTY,55,Q loss,208,0.024440940469503403
GAS,BAD,UCB_WITHOUT_VAE_UNCERTAINTY,55,Q loss,209,0.0194137804210186
GAS,BAD,UCB_WITHOUT_VAE_UNCERTAINTY,55,Q loss,210,0.030422868207097054
GAS,BAD,UCB_WITHOUT_VAE_UNCERTAINTY,55,Q loss,211,0.005696149542927742
GAS,BAD,UCB_WITHOUT_VAE_UNCERTAINTY,55,Q loss,212,0.011824069544672966
GAS,BAD,UCB_WITHOUT_VAE_UNCERTAINTY,55,Q loss,213,0.01556464284658432
GAS,BAD,UCB_WITHOUT_VAE_UNCERTAINTY,55,Q loss,214,0.0209561288356781
GAS,BAD,UCB_WITHOUT_VAE_UNCERTAINTY,55,Q loss,215,0.01636698842048645
GAS,BAD,UCB_WITHOUT_VAE_UNCERTAINTY,55,Q loss,216,0.0031430216040462255
GAS,BAD,UCB_WITHOUT_VAE_UNCERTAINTY,55,Q loss,217,0.006279964931309223
GAS,BAD,UCB_WITHOUT_VAE_UNCERTAINTY,55,Q loss,218,0.003399347420781851
GAS,BAD,UCB_WITHOUT_VAE_UNCERTAINTY,55,Q loss,219,0.006992266047745943
GAS,BAD,UCB_WITHOUT_VAE_UNCERTAINTY,55,Q loss,220,0.01554932538419962
GAS,BAD,UCB_WITHOUT_VAE_UNCERTAINTY,55,Q loss,221,0.0060075125657022
GAS,BAD,UCB_WITHOUT_VAE_UNCERTAINTY,55,Q loss,222,0.0029665129259228706
GAS,BAD,UCB_WITHOUT_VAE_UNCERTAINTY,55,Q loss,223,0.006016859319061041
GAS,BAD,UCB_WITHOUT_VAE_UNCERTAINTY,55,Q loss,224,0.002429934684187174
GAS,BAD,UCB_WITHOUT_VAE_UNCERTAINTY,55,Q loss,225,0.010924902744591236
GAS,BAD,UCB_WITHOUT_VAE_UNCERTAINTY,55,Q loss,226,0.005509397014975548
GAS,BAD,UCB_WITHOUT_VAE_UNCERTAINTY,55,Q loss,227,0.009441519156098366
GAS,BAD,UCB_WITHOUT_VAE_UNCERTAINTY,55,Q loss,228,0.007765021175146103
GAS,BAD,UCB_WITHOUT_VAE_UNCERTAINTY,55,Q loss,229,0.008024223148822784
GAS,BAD,UCB_WITHOUT_VAE_UNCERTAINTY,55,Q loss,230,0.0055656349286437035
GAS,BAD,UCB_WITHOUT_VAE_UNCERTAINTY,55,Q loss,231,0.01030840165913105
GAS,BAD,UCB_WITHOUT_VAE_UNCERTAINTY,55,Q loss,232,0.01271626353263855
GAS,BAD,UCB_WITHOUT_VAE_UNCERTAINTY,55,Q loss,233,0.01391645148396492
GAS,BAD,UCB_WITHOUT_VAE_UNCERTAINTY,55,Q loss,234,0.0027157682925462723
GAS,BAD,UCB_WITHOUT_VAE_UNCERTAINTY,55,Q loss,235,0.0029783209320157766
GAS,BAD,UCB_WITHOUT_VAE_UNCERTAINTY,55,Q loss,236,0.0028964777011424303
GAS,BAD,UCB_WITHOUT_VAE_UNCERTAINTY,55,Q loss,237,0.0012256772024556994
GAS,BAD,UCB_WITHOUT_VAE_UNCERTAINTY,55,Q loss,238,0.0008562922012060881
GAS,BAD,UCB_WITHOUT_VAE_UNCERTAINTY,55,Q loss,239,0.013059889897704124
GAS,BAD,UCB_WITHOUT_VAE_UNCERTAINTY,55,Q loss,240,0.004304537549614906
GAS,BAD,UCB_WITHOUT_VAE_UNCERTAINTY,55,Q loss,241,0.0060072061605751514
GAS,BAD,UCB_WITHOUT_VAE_UNCERTAINTY,55,Q loss,242,0.010362020693719387
GAS,BAD,UCB_WITHOUT_VAE_UNCERTAINTY,55,Q loss,243,0.006983993109315634
GAS,BAD,UCB_WITHOUT_VAE_UNCERTAINTY,55,Q loss,244,0.0036591757088899612
GAS,BAD,UCB_WITHOUT_VAE_UNCERTAINTY,55,Q loss,245,0.01096365973353386
GAS,BAD,UCB_WITHOUT_VAE_UNCERTAINTY,55,Q loss,246,0.006355887278914452
GAS,BAD,UCB_WITHOUT_VAE_UNCERTAINTY,55,Q loss,247,0.005260985344648361
GAS,BAD,UCB_WITHOUT_VAE_UNCERTAINTY,55,Q loss,248,0.008745554834604263
GAS,BAD,UCB_WITHOUT_VAE_UNCERTAINTY,55,Q loss,249,0.01101832464337349
GAS,BAD,UCB_WITHOUT_VAE_UNCERTAINTY,55,Q loss,250,0.008665665984153748
GAS,BAD,UCB_WITHOUT_VAE_UNCERTAINTY,55,Q loss,251,0.009586863219738007
GAS,BAD,UCB_WITHOUT_VAE_UNCERTAINTY,55,Q loss,252,0.00430029584094882
GAS,BAD,UCB_WITHOUT_VAE_UNCERTAINTY,55,Q loss,253,0.004011159762740135
GAS,BAD,UCB_WITHOUT_VAE_UNCERTAINTY,55,Q loss,254,0.0022383483592420816
GAS,BAD,UCB_WITHOUT_VAE_UNCERTAINTY,55,Q loss,255,0.0015645255334675312
GAS,BAD,UCB_WITHOUT_VAE_UNCERTAINTY,55,Q loss,256,0.0031003134790807962
GAS,BAD,UCB_WITHOUT_VAE_UNCERTAINTY,55,Q loss,257,0.004954152274876833
GAS,BAD,UCB_WITHOUT_VAE_UNCERTAINTY,55,Q loss,258,0.0028862981125712395
GAS,BAD,UCB_WITHOUT_VAE_UNCERTAINTY,55,Q loss,259,0.003455114085227251
GAS,BAD,UCB_WITHOUT_VAE_UNCERTAINTY,55,Q loss,260,0.0037744934670627117
GAS,BAD,UCB_WITHOUT_VAE_UNCERTAINTY,55,Q loss,261,0.005340384319424629
GAS,BAD,UCB_WITHOUT_VAE_UNCERTAINTY,55,Q loss,262,0.007032203488051891
GAS,BAD,UCB_WITHOUT_VAE_UNCERTAINTY,55,Q loss,263,0.010812092572450638
GAS,BAD,UCB_WITHOUT_VAE_UNCERTAINTY,55,Q loss,264,0.012365483678877354
GAS,BAD,UCB_WITHOUT_VAE_UNCERTAINTY,55,Q loss,265,0.008360598236322403
GAS,BAD,UCB_WITHOUT_VAE_UNCERTAINTY,55,Q loss,266,0.00602811761200428
GAS,BAD,UCB_WITHOUT_VAE_UNCERTAINTY,55,Q loss,267,0.008197668939828873
GAS,BAD,UCB_WITHOUT_VAE_UNCERTAINTY,55,Q loss,268,0.003125918097794056
GAS,BAD,UCB_WITHOUT_VAE_UNCERTAINTY,55,Q loss,269,0.014110191725194454
GAS,BAD,UCB_WITHOUT_VAE_UNCERTAINTY,55,Q loss,270,0.0020162167493253946
GAS,BAD,UCB_WITHOUT_VAE_UNCERTAINTY,55,Q loss,271,0.00108523725066334
GAS,BAD,UCB_WITHOUT_VAE_UNCERTAINTY,55,Q loss,272,0.004617080092430115
GAS,BAD,UCB_WITHOUT_VAE_UNCERTAINTY,55,Q loss,273,0.0008367658010683954
GAS,BAD,UCB_WITHOUT_VAE_UNCERTAINTY,55,Q loss,274,0.00914796907454729
GAS,BAD,UCB_WITHOUT_VAE_UNCERTAINTY,55,Q loss,275,0.003943668678402901
GAS,BAD,UCB_WITHOUT_VAE_UNCERTAINTY,55,Q loss,276,0.002216080669313669
GAS,BAD,UCB_WITHOUT_VAE_UNCERTAINTY,55,Q loss,277,0.0021504147443920374
GAS,BAD,UCB_WITHOUT_VAE_UNCERTAINTY,55,Q loss,278,0.004854237660765648
GAS,BAD,UCB_WITHOUT_VAE_UNCERTAINTY,55,Q loss,279,0.009509274736046791
GAS,BAD,UCB_WITHOUT_VAE_UNCERTAINTY,55,Q loss,280,0.003442583605647087
GAS,BAD,UCB_WITHOUT_VAE_UNCERTAINTY,55,Q loss,281,0.011137334629893303
GAS,BAD,UCB_WITHOUT_VAE_UNCERTAINTY,55,Q loss,282,0.009652772918343544
GAS,BAD,UCB_WITHOUT_VAE_UNCERTAINTY,55,Q loss,283,0.0009957416914403439
GAS,BAD,UCB_WITHOUT_VAE_UNCERTAINTY,55,Q loss,284,0.01028074324131012
GAS,BAD,UCB_WITHOUT_VAE_UNCERTAINTY,55,Q loss,285,0.006205645389854908
GAS,BAD,UCB_WITHOUT_VAE_UNCERTAINTY,55,Q loss,286,0.009470733813941479
GAS,BAD,UCB_WITHOUT_VAE_UNCERTAINTY,55,Q loss,287,0.005215567070990801
GAS,BAD,UCB_WITHOUT_VAE_UNCERTAINTY,55,Q loss,288,0.0018961424939334393
GAS,BAD,UCB_WITHOUT_VAE_UNCERTAINTY,55,Q loss,289,0.006827413570135832
GAS,BAD,UCB_WITHOUT_VAE_UNCERTAINTY,55,Q loss,290,0.0035550477914512157
GAS,BAD,UCB_WITHOUT_VAE_UNCERTAINTY,55,Q loss,291,0.004743744153529406
GAS,BAD,UCB_WITHOUT_VAE_UNCERTAINTY,55,Q loss,292,0.009148729965090752
GAS,BAD,UCB_WITHOUT_VAE_UNCERTAINTY,55,Q loss,293,0.00940460804849863
GAS,BAD,UCB_WITHOUT_VAE_UNCERTAINTY,55,Q loss,294,0.0036230222322046757
GAS,BAD,UCB_WITHOUT_VAE_UNCERTAINTY,55,Q loss,295,0.0047179339453577995
GAS,BAD,UCB_WITHOUT_VAE_UNCERTAINTY,55,Q loss,296,0.005108707584440708
GAS,BAD,UCB_WITHOUT_VAE_UNCERTAINTY,55,Q loss,297,0.004017326980829239
GAS,BAD,UCB_WITHOUT_VAE_UNCERTAINTY,55,Q loss,298,0.011155284941196442
GAS,BAD,UCB_WITHOUT_VAE_UNCERTAINTY,55,Q loss,299,0.005228612571954727
GAS,BAD,UCB_WITHOUT_VAE_UNCERTAINTY,55,Q loss,300,0.0051601906307041645
GAS,BAD,UCB_WITHOUT_VAE_UNCERTAINTY,55,Q loss,301,0.0069103240966796875
GAS,BAD,UCB_WITHOUT_VAE_UNCERTAINTY,55,Q loss,302,0.006851416081190109
GAS,BAD,UCB_WITHOUT_VAE_UNCERTAINTY,55,Q loss,303,0.013100122101604939
GAS,BAD,UCB_WITHOUT_VAE_UNCERTAINTY,55,Q loss,304,0.0029538047965615988
GAS,BAD,UCB_WITHOUT_VAE_UNCERTAINTY,55,Q loss,305,0.015430745668709278
GAS,BAD,UCB_WITHOUT_VAE_UNCERTAINTY,55,Q loss,306,0.0022352151572704315
GAS,BAD,UCB_WITHOUT_VAE_UNCERTAINTY,55,Q loss,307,0.0010816329158842564
GAS,BAD,UCB_WITHOUT_VAE_UNCERTAINTY,55,Q loss,308,0.0030502539593726397
GAS,BAD,UCB_WITHOUT_VAE_UNCERTAINTY,55,Q loss,309,0.005003181751817465
GAS,BAD,UCB_WITHOUT_VAE_UNCERTAINTY,55,Q loss,310,0.015949469059705734
GAS,BAD,UCB_WITHOUT_VAE_UNCERTAINTY,55,Q loss,311,0.013997429981827736
GAS,BAD,UCB_WITHOUT_VAE_UNCERTAINTY,55,Q loss,312,0.004053846932947636
GAS,BAD,UCB_WITHOUT_VAE_UNCERTAINTY,55,Q loss,313,0.0029240522999316454
GAS,BAD,UCB_WITHOUT_VAE_UNCERTAINTY,55,Q loss,314,0.002498847199603915
GAS,BAD,UCB_WITHOUT_VAE_UNCERTAINTY,55,Q loss,315,0.00702668447047472
GAS,BAD,UCB_WITHOUT_VAE_UNCERTAINTY,55,Q loss,316,0.0023238761350512505
GAS,BAD,UCB_WITHOUT_VAE_UNCERTAINTY,55,Q loss,317,0.011803836561739445
GAS,BAD,UCB_WITHOUT_VAE_UNCERTAINTY,55,Q loss,318,0.005013085901737213
GAS,BAD,UCB_WITHOUT_VAE_UNCERTAINTY,55,Q loss,319,0.0018471467774361372
GAS,BAD,UCB_WITHOUT_VAE_UNCERTAINTY,55,Q loss,320,0.005131807178258896
GAS,BAD,UCB_WITHOUT_VAE_UNCERTAINTY,55,Q loss,321,0.004669505171477795
GAS,BAD,UCB_WITHOUT_VAE_UNCERTAINTY,55,Q loss,322,0.015538082458078861
GAS,BAD,UCB_WITHOUT_VAE_UNCERTAINTY,55,Q loss,323,0.009395241737365723
GAS,BAD,UCB_WITHOUT_VAE_UNCERTAINTY,55,Q loss,324,0.003069985657930374
GAS,BAD,UCB_WITHOUT_VAE_UNCERTAINTY,55,Q loss,325,0.00152246851939708
GAS,BAD,UCB_WITHOUT_VAE_UNCERTAINTY,55,Q loss,326,0.0055700140073895454
GAS,BAD,UCB_WITHOUT_VAE_UNCERTAINTY,55,Q loss,327,0.01016391720622778
GAS,BAD,UCB_WITHOUT_VAE_UNCERTAINTY,55,Q loss,328,0.007084338925778866
GAS,BAD,UCB_WITHOUT_VAE_UNCERTAINTY,55,Q loss,329,0.008215884678065777
GAS,BAD,UCB_WITHOUT_VAE_UNCERTAINTY,55,Q loss,330,0.0015652859583497047
GAS,BAD,UCB_WITHOUT_VAE_UNCERTAINTY,55,Q loss,331,0.008215381763875484
GAS,BAD,UCB_WITHOUT_VAE_UNCERTAINTY,55,Q loss,332,0.0016126360278576612
GAS,BAD,UCB_WITHOUT_VAE_UNCERTAINTY,55,Q loss,333,0.01054488867521286
GAS,BAD,UCB_WITHOUT_VAE_UNCERTAINTY,55,Q loss,334,0.0038134881760925055
GAS,BAD,UCB_WITHOUT_VAE_UNCERTAINTY,55,Q loss,335,0.005848264787346125
GAS,BAD,UCB_WITHOUT_VAE_UNCERTAINTY,55,Q loss,336,0.005121030379086733
GAS,BAD,UCB_WITHOUT_VAE_UNCERTAINTY,55,Q loss,337,0.004798051901161671
GAS,BAD,UCB_WITHOUT_VAE_UNCERTAINTY,55,Q loss,338,0.008721627295017242
GAS,BAD,UCB_WITHOUT_VAE_UNCERTAINTY,55,Q loss,339,0.005362201482057571
GAS,BAD,UCB_WITHOUT_VAE_UNCERTAINTY,55,Q loss,340,0.010453740134835243
GAS,BAD,UCB_WITHOUT_VAE_UNCERTAINTY,55,Q loss,341,0.002808087272569537
GAS,BAD,UCB_WITHOUT_VAE_UNCERTAINTY,55,Q loss,342,0.0034055118449032307
GAS,BAD,UCB_WITHOUT_VAE_UNCERTAINTY,55,Q loss,343,0.0019223111448809505
GAS,BAD,UCB_WITHOUT_VAE_UNCERTAINTY,55,Q loss,344,0.0024036127142608166
GAS,BAD,UCB_WITHOUT_VAE_UNCERTAINTY,55,Q loss,345,0.0035789168905466795
GAS,BAD,UCB_WITHOUT_VAE_UNCERTAINTY,55,Q loss,346,0.0023936969228088856
GAS,BAD,UCB_WITHOUT_VAE_UNCERTAINTY,55,Q loss,347,0.005903691053390503
GAS,BAD,UCB_WITHOUT_VAE_UNCERTAINTY,55,Q loss,348,0.004125846549868584
GAS,BAD,UCB_WITHOUT_VAE_UNCERTAINTY,55,Q loss,349,0.004193687345832586
GAS,BAD,UCB_WITHOUT_VAE_UNCERTAINTY,55,Q loss,350,0.0017715550493448973
GAS,BAD,UCB_WITHOUT_VAE_UNCERTAINTY,55,Q loss,351,0.0038705116603523493
GAS,BAD,UCB_WITHOUT_VAE_UNCERTAINTY,55,Q loss,352,0.011256825178861618
GAS,BAD,UCB_WITHOUT_VAE_UNCERTAINTY,55,Q loss,353,0.009733169339597225
GAS,BAD,UCB_WITHOUT_VAE_UNCERTAINTY,55,Q loss,354,0.007982208393514156
GAS,BAD,UCB_WITHOUT_VAE_UNCERTAINTY,55,Q loss,355,0.009592128917574883
GAS,BAD,UCB_WITHOUT_VAE_UNCERTAINTY,55,Q loss,356,0.009501425549387932
GAS,BAD,UCB_WITHOUT_VAE_UNCERTAINTY,55,Q loss,357,0.004743026569485664
GAS,BAD,UCB_WITHOUT_VAE_UNCERTAINTY,55,Q loss,358,0.004488247446715832
GAS,BAD,UCB_WITHOUT_VAE_UNCERTAINTY,55,Q loss,359,0.003347294870764017
GAS,BAD,UCB_WITHOUT_VAE_UNCERTAINTY,55,Q loss,360,0.0029347511008381844
GAS,BAD,UCB_WITHOUT_VAE_UNCERTAINTY,55,Q loss,361,0.0021320930682122707
GAS,BAD,UCB_WITHOUT_VAE_UNCERTAINTY,55,Q loss,362,0.0029644472524523735
GAS,BAD,UCB_WITHOUT_VAE_UNCERTAINTY,55,Q loss,363,0.002922285348176956
GAS,BAD,UCB_WITHOUT_VAE_UNCERTAINTY,55,Q loss,364,0.0023460069205611944
GAS,BAD,UCB_WITHOUT_VAE_UNCERTAINTY,55,Q loss,365,0.008134759962558746
GAS,BAD,UCB_WITHOUT_VAE_UNCERTAINTY,55,Q loss,366,0.002585477428510785
GAS,BAD,UCB_WITHOUT_VAE_UNCERTAINTY,55,Q loss,367,0.006525707431137562
GAS,BAD,UCB_WITHOUT_VAE_UNCERTAINTY,55,Q loss,368,0.0028241444379091263
GAS,BAD,UCB_WITHOUT_VAE_UNCERTAINTY,55,Q loss,369,0.002005415502935648
GAS,BAD,UCB_WITHOUT_VAE_UNCERTAINTY,55,Q loss,370,0.008076953701674938
GAS,BAD,UCB_WITHOUT_VAE_UNCERTAINTY,55,Q loss,371,0.003493916941806674
GAS,BAD,UCB_WITHOUT_VAE_UNCERTAINTY,55,Q loss,372,0.008694781921803951
GAS,BAD,UCB_WITHOUT_VAE_UNCERTAINTY,55,Q loss,373,0.003662531264126301
GAS,BAD,UCB_WITHOUT_VAE_UNCERTAINTY,55,Q loss,374,0.015097109600901604
GAS,BAD,UCB_WITHOUT_VAE_UNCERTAINTY,55,Q loss,375,0.0044973245821893215
GAS,BAD,UCB_WITHOUT_VAE_UNCERTAINTY,55,Q loss,376,0.008159222081303596
GAS,BAD,UCB_WITHOUT_VAE_UNCERTAINTY,55,Q loss,377,0.011446449905633926
GAS,BAD,UCB_WITHOUT_VAE_UNCERTAINTY,55,Q loss,378,0.005532874725759029
GAS,BAD,UCB_WITHOUT_VAE_UNCERTAINTY,55,Q loss,379,0.0017107148887589574
GAS,BAD,UCB_WITHOUT_VAE_UNCERTAINTY,55,Q loss,380,0.002437629969790578
GAS,BAD,UCB_WITHOUT_VAE_UNCERTAINTY,55,Q loss,381,0.0018430596683174372
GAS,BAD,UCB_WITHOUT_VAE_UNCERTAINTY,55,Q loss,382,0.019140223041176796
GAS,BAD,UCB_WITHOUT_VAE_UNCERTAINTY,55,Q loss,383,0.010709871537983418
GAS,BAD,UCB_WITHOUT_VAE_UNCERTAINTY,55,Q loss,384,0.003232679096981883
GAS,BAD,UCB_WITHOUT_VAE_UNCERTAINTY,55,Q loss,385,0.002006032271310687
GAS,BAD,UCB_WITHOUT_VAE_UNCERTAINTY,55,Q loss,386,0.003446797374635935
GAS,BAD,UCB_WITHOUT_VAE_UNCERTAINTY,55,Q loss,387,0.008516750298440456
GAS,BAD,UCB_WITHOUT_VAE_UNCERTAINTY,55,Q loss,388,0.0056592789478600025
GAS,BAD,UCB_WITHOUT_VAE_UNCERTAINTY,55,Q loss,389,0.007495798636227846
GAS,BAD,UCB_WITHOUT_VAE_UNCERTAINTY,55,Q loss,390,0.0066655222326517105
GAS,BAD,UCB_WITHOUT_VAE_UNCERTAINTY,55,Q loss,391,0.0034761722199618816
GAS,BAD,UCB_WITHOUT_VAE_UNCERTAINTY,55,Q loss,392,0.007126963697373867
GAS,BAD,UCB_WITHOUT_VAE_UNCERTAINTY,55,Q loss,393,0.0034216721542179585
GAS,BAD,UCB_WITHOUT_VAE_UNCERTAINTY,55,Q loss,394,0.014954342506825924
GAS,BAD,UCB_WITHOUT_VAE_UNCERTAINTY,55,Q loss,395,0.0050774794071912766
GAS,BAD,UCB_WITHOUT_VAE_UNCERTAINTY,55,Q loss,396,0.0026115435175597668
GAS,BAD,UCB_WITHOUT_VAE_UNCERTAINTY,55,Q loss,397,0.0050070807337760925
GAS,BAD,UCB_WITHOUT_VAE_UNCERTAINTY,55,Q loss,398,0.0026883375830948353
GAS,BAD,UCB_WITHOUT_VAE_UNCERTAINTY,55,Q loss,399,0.0037293436471372843
GAS,BAD,UCB_WITHOUT_VAE_UNCERTAINTY,55,Q loss,400,0.003753276541829109
GAS,BAD,UCB_WITHOUT_VAE_UNCERTAINTY,55,Q loss,401,0.007568967528641224
GAS,BAD,UCB_WITHOUT_VAE_UNCERTAINTY,55,Q loss,402,0.0005272197304293513
GAS,BAD,UCB_WITHOUT_VAE_UNCERTAINTY,55,Q loss,403,0.0053500025533139706
GAS,BAD,UCB_WITHOUT_VAE_UNCERTAINTY,55,Q loss,404,0.006636965088546276
GAS,BAD,UCB_WITHOUT_VAE_UNCERTAINTY,55,Q loss,405,0.0022313357330858707
GAS,BAD,UCB_WITHOUT_VAE_UNCERTAINTY,55,Q loss,406,0.00374655332416296
GAS,BAD,UCB_WITHOUT_VAE_UNCERTAINTY,55,Q loss,407,0.0024422481656074524
GAS,BAD,UCB_WITHOUT_VAE_UNCERTAINTY,55,Q loss,408,0.004970408044755459
GAS,BAD,UCB_WITHOUT_VAE_UNCERTAINTY,55,Q loss,409,0.011966371908783913
GAS,BAD,UCB_WITHOUT_VAE_UNCERTAINTY,55,Q loss,410,0.004666313529014587
GAS,BAD,UCB_WITHOUT_VAE_UNCERTAINTY,55,Q loss,411,0.0033011501654982567
GAS,BAD,UCB_WITHOUT_VAE_UNCERTAINTY,55,Q loss,412,0.0021992968395352364
GAS,BAD,UCB_WITHOUT_VAE_UNCERTAINTY,55,Q loss,413,0.007247691508382559
GAS,BAD,UCB_WITHOUT_VAE_UNCERTAINTY,55,Q loss,414,0.0019996375776827335
GAS,BAD,UCB_WITHOUT_VAE_UNCERTAINTY,55,Q loss,415,0.0016374805709347129
GAS,BAD,UCB_WITHOUT_VAE_UNCERTAINTY,55,Q loss,416,0.0009017311967909336
GAS,BAD,UCB_WITHOUT_VAE_UNCERTAINTY,55,Q loss,417,0.014637375250458717
GAS,BAD,UCB_WITHOUT_VAE_UNCERTAINTY,55,Q loss,418,0.00310225086286664
GAS,BAD,UCB_WITHOUT_VAE_UNCERTAINTY,55,Q loss,419,0.0056852661073207855
GAS,BAD,UCB_WITHOUT_VAE_UNCERTAINTY,55,Q loss,420,0.0033585811033844948
GAS,BAD,UCB_WITHOUT_VAE_UNCERTAINTY,55,Q loss,421,0.0028235234785825014
GAS,BAD,UCB_WITHOUT_VAE_UNCERTAINTY,55,Q loss,422,0.004322391469031572
GAS,BAD,UCB_WITHOUT_VAE_UNCERTAINTY,55,Q loss,423,0.0053456490859389305
GAS,BAD,UCB_WITHOUT_VAE_UNCERTAINTY,55,Q loss,424,0.002348317764699459
GAS,BAD,UCB_WITHOUT_VAE_UNCERTAINTY,55,Q loss,425,0.00272413925267756
GAS,BAD,UCB_WITHOUT_VAE_UNCERTAINTY,55,Q loss,426,0.0029211840592324734
GAS,BAD,UCB_WITHOUT_VAE_UNCERTAINTY,55,Q loss,427,0.004063466563820839
GAS,BAD,UCB_WITHOUT_VAE_UNCERTAINTY,55,Q loss,428,0.003028629580512643
GAS,BAD,UCB_WITHOUT_VAE_UNCERTAINTY,55,Q loss,429,0.008151712827384472
GAS,BAD,UCB_WITHOUT_VAE_UNCERTAINTY,55,Q loss,430,0.010067671537399292
GAS,BAD,UCB_WITHOUT_VAE_UNCERTAINTY,55,Q loss,431,0.0013704710872843862
GAS,BAD,UCB_WITHOUT_VAE_UNCERTAINTY,55,Q loss,432,0.002135142683982849
GAS,BAD,UCB_WITHOUT_VAE_UNCERTAINTY,55,Q loss,433,0.00168063142336905
GAS,BAD,UCB_WITHOUT_VAE_UNCERTAINTY,55,Q loss,434,0.0030468394979834557
GAS,BAD,UCB_WITHOUT_VAE_UNCERTAINTY,55,Q loss,435,0.004294159822165966
GAS,BAD,UCB_WITHOUT_VAE_UNCERTAINTY,55,Q loss,436,0.008715636096894741
GAS,BAD,UCB_WITHOUT_VAE_UNCERTAINTY,55,Q loss,437,0.007688936777412891
GAS,BAD,UCB_WITHOUT_VAE_UNCERTAINTY,55,Q loss,438,0.0022285101003944874
GAS,BAD,UCB_WITHOUT_VAE_UNCERTAINTY,55,Q loss,439,0.008131535723805428
GAS,BAD,UCB_WITHOUT_VAE_UNCERTAINTY,55,Q loss,440,0.0038778893649578094
GAS,BAD,UCB_WITHOUT_VAE_UNCERTAINTY,55,Q loss,441,0.004721729084849358
GAS,BAD,UCB_WITHOUT_VAE_UNCERTAINTY,55,Q loss,442,0.00906500592827797
GAS,BAD,UCB_WITHOUT_VAE_UNCERTAINTY,55,Q loss,443,0.004998181946575642
GAS,BAD,UCB_WITHOUT_VAE_UNCERTAINTY,55,Q loss,444,0.008460096083581448
GAS,BAD,UCB_WITHOUT_VAE_UNCERTAINTY,55,Q loss,445,0.0022977073676884174
GAS,BAD,UCB_WITHOUT_VAE_UNCERTAINTY,55,Q loss,446,0.00511476956307888
GAS,BAD,UCB_WITHOUT_VAE_UNCERTAINTY,55,Q loss,447,0.007429523393511772
GAS,BAD,UCB_WITHOUT_VAE_UNCERTAINTY,55,Q loss,448,0.014915293082594872
GAS,BAD,UCB_WITHOUT_VAE_UNCERTAINTY,55,Q loss,449,0.015705522149801254
GAS,BAD,UCB_WITHOUT_VAE_UNCERTAINTY,55,Q loss,450,0.0019551608711481094
GAS,BAD,UCB_WITHOUT_VAE_UNCERTAINTY,55,Q loss,451,0.005065788980573416
GAS,BAD,UCB_WITHOUT_VAE_UNCERTAINTY,55,Q loss,452,0.0010597800137475133
GAS,BAD,UCB_WITHOUT_VAE_UNCERTAINTY,55,Q loss,453,0.0018783115083351731
GAS,BAD,UCB_WITHOUT_VAE_UNCERTAINTY,55,Q loss,454,0.004623559303581715
GAS,BAD,UCB_WITHOUT_VAE_UNCERTAINTY,55,Q loss,455,0.0029973825439810753
GAS,BAD,UCB_WITHOUT_VAE_UNCERTAINTY,55,Q loss,456,0.0022855172865092754
GAS,BAD,UCB_WITHOUT_VAE_UNCERTAINTY,55,Q loss,457,0.0023331837728619576
GAS,BAD,UCB_WITHOUT_VAE_UNCERTAINTY,55,Q loss,458,0.00241567543707788
GAS,BAD,UCB_WITHOUT_VAE_UNCERTAINTY,55,Q loss,459,0.00438299123197794
GAS,BAD,UCB_WITHOUT_VAE_UNCERTAINTY,55,Q loss,460,0.005493979901075363
GAS,BAD,UCB_WITHOUT_VAE_UNCERTAINTY,55,Q loss,461,0.005755804479122162
GAS,BAD,UCB_WITHOUT_VAE_UNCERTAINTY,55,Q loss,462,0.0006873311358503997
GAS,BAD,UCB_WITHOUT_VAE_UNCERTAINTY,55,Q loss,463,0.004738595336675644
GAS,BAD,UCB_WITHOUT_VAE_UNCERTAINTY,55,Q loss,464,0.006850803270936012
GAS,BAD,UCB_WITHOUT_VAE_UNCERTAINTY,55,Q loss,465,0.0046699028462171555
GAS,BAD,UCB_WITHOUT_VAE_UNCERTAINTY,55,Q loss,466,0.02275056578218937
GAS,BAD,UCB_WITHOUT_VAE_UNCERTAINTY,55,Q loss,467,0.020036697387695312
GAS,BAD,UCB_WITHOUT_VAE_UNCERTAINTY,55,Q loss,468,0.0030304030515253544
GAS,BAD,UCB_WITHOUT_VAE_UNCERTAINTY,55,Q loss,469,0.0015808498719707131
GAS,BAD,UCB_WITHOUT_VAE_UNCERTAINTY,55,Q loss,470,0.0015308614820241928
GAS,BAD,UCB_WITHOUT_VAE_UNCERTAINTY,55,Q loss,471,0.006279724184423685
GAS,BAD,UCB_WITHOUT_VAE_UNCERTAINTY,55,Q loss,472,0.006803277879953384
GAS,BAD,UCB_WITHOUT_VAE_UNCERTAINTY,55,Q loss,473,0.006468480918556452
GAS,BAD,UCB_WITHOUT_VAE_UNCERTAINTY,55,Q loss,474,0.0003559498582035303
GAS,BAD,UCB_WITHOUT_VAE_UNCERTAINTY,55,Q loss,475,0.0014400356449186802
GAS,BAD,UCB_WITHOUT_VAE_UNCERTAINTY,55,Q loss,476,0.0030990485101938248
GAS,BAD,UCB_WITHOUT_VAE_UNCERTAINTY,55,Q loss,477,0.006610287353396416
GAS,BAD,UCB_WITHOUT_VAE_UNCERTAINTY,55,Q loss,478,0.009433791041374207
GAS,BAD,UCB_WITHOUT_VAE_UNCERTAINTY,55,Q loss,479,0.0005201802705414593
GAS,BAD,UCB_WITHOUT_VAE_UNCERTAINTY,55,Q loss,480,0.010111107490956783
GAS,BAD,UCB_WITHOUT_VAE_UNCERTAINTY,55,Q loss,481,0.009026853367686272
GAS,BAD,UCB_WITHOUT_VAE_UNCERTAINTY,55,Q loss,482,0.00191865477245301
GAS,BAD,UCB_WITHOUT_VAE_UNCERTAINTY,55,Q loss,483,0.009790122509002686
GAS,BAD,UCB_WITHOUT_VAE_UNCERTAINTY,55,Q loss,484,0.020269572734832764
GAS,BAD,UCB_WITHOUT_VAE_UNCERTAINTY,55,Q loss,485,0.005330175627022982
GAS,BAD,UCB_WITHOUT_VAE_UNCERTAINTY,55,Q loss,486,0.006020229309797287
GAS,BAD,UCB_WITHOUT_VAE_UNCERTAINTY,55,Q loss,487,0.0008561466820538044
GAS,BAD,UCB_WITHOUT_VAE_UNCERTAINTY,55,Q loss,488,0.003170269075781107
GAS,BAD,UCB_WITHOUT_VAE_UNCERTAINTY,55,Q loss,489,0.00425324123352766
GAS,BAD,UCB_WITHOUT_VAE_UNCERTAINTY,55,Q loss,490,0.01026876363903284
GAS,BAD,UCB_WITHOUT_VAE_UNCERTAINTY,55,Q loss,491,0.004576776176691055
GAS,BAD,UCB_WITHOUT_VAE_UNCERTAINTY,55,Q loss,492,0.001839938573539257
GAS,BAD,UCB_WITHOUT_VAE_UNCERTAINTY,55,Q loss,493,0.0077796876430511475
GAS,BAD,UCB_WITHOUT_VAE_UNCERTAINTY,55,Q loss,494,0.00092700234381482
GAS,BAD,UCB_WITHOUT_VAE_UNCERTAINTY,55,Q loss,495,0.0026006277184933424
GAS,BAD,UCB_WITHOUT_VAE_UNCERTAINTY,55,Q loss,496,0.008832963183522224
GAS,BAD,UCB_WITHOUT_VAE_UNCERTAINTY,55,Q loss,497,0.0020672264508903027
GAS,BAD,UCB_WITHOUT_VAE_UNCERTAINTY,55,Q loss,498,0.0011170369107276201
GAS,BAD,UCB_WITHOUT_VAE_UNCERTAINTY,55,Q loss,499,0.01668383739888668
GAS,BAD,UCB_WITHOUT_VAE_UNCERTAINTY,55,Q loss,500,0.001589662628248334
GAS,BAD,UCB_WITHOUT_VAE_UNCERTAINTY,55,Q loss,501,0.0022870474494993687
GAS,BAD,UCB_WITHOUT_VAE_UNCERTAINTY,55,Q loss,502,0.0015813041245564818
GAS,BAD,UCB_WITHOUT_VAE_UNCERTAINTY,55,Q loss,503,0.004007349256426096
GAS,BAD,UCB_WITHOUT_VAE_UNCERTAINTY,55,Q loss,504,0.0020501406397670507
GAS,BAD,UCB_WITHOUT_VAE_UNCERTAINTY,55,Q loss,505,0.0038596198428422213
GAS,BAD,UCB_WITHOUT_VAE_UNCERTAINTY,55,Q loss,506,0.0034956117160618305
GAS,BAD,UCB_WITHOUT_VAE_UNCERTAINTY,55,Q loss,507,0.0060769543051719666
GAS,BAD,UCB_WITHOUT_VAE_UNCERTAINTY,55,Q loss,508,0.0020671458914875984
GAS,BAD,UCB_WITHOUT_VAE_UNCERTAINTY,55,Q loss,509,0.005446508526802063
GAS,BAD,UCB_WITHOUT_VAE_UNCERTAINTY,55,Q loss,510,0.0018341497052460909
GAS,BAD,UCB_WITHOUT_VAE_UNCERTAINTY,55,Q loss,511,0.005699446890503168
GAS,BAD,UCB_WITHOUT_VAE_UNCERTAINTY,55,Q loss,512,0.002865976421162486
GAS,BAD,UCB_WITHOUT_VAE_UNCERTAINTY,55,Q loss,513,0.0028266278095543385
GAS,BAD,UCB_WITHOUT_VAE_UNCERTAINTY,55,Q loss,514,0.00577555363997817
GAS,BAD,UCB_WITHOUT_VAE_UNCERTAINTY,55,Q loss,515,0.00225754058919847
GAS,BAD,UCB_WITHOUT_VAE_UNCERTAINTY,55,Q loss,516,0.001484026899561286
GAS,BAD,UCB_WITHOUT_VAE_UNCERTAINTY,55,Q loss,517,0.007105173077434301
GAS,BAD,UCB_WITHOUT_VAE_UNCERTAINTY,55,Q loss,518,0.0017190426588058472
GAS,BAD,UCB_WITHOUT_VAE_UNCERTAINTY,55,Q loss,519,0.00436540599912405
GAS,BAD,UCB_WITHOUT_VAE_UNCERTAINTY,55,Q loss,520,0.0092893922701478
GAS,BAD,UCB_WITHOUT_VAE_UNCERTAINTY,55,Q loss,521,0.003131801960989833
GAS,BAD,UCB_WITHOUT_VAE_UNCERTAINTY,55,Q loss,522,0.0015686869155615568
GAS,BAD,UCB_WITHOUT_VAE_UNCERTAINTY,55,Q loss,523,0.005255942232906818
GAS,BAD,UCB_WITHOUT_VAE_UNCERTAINTY,55,Q loss,524,0.0014691841788589954
GAS,BAD,UCB_WITHOUT_VAE_UNCERTAINTY,55,Q loss,525,0.008017335087060928
GAS,BAD,UCB_WITHOUT_VAE_UNCERTAINTY,55,Q loss,526,0.00860742200165987
GAS,BAD,UCB_WITHOUT_VAE_UNCERTAINTY,55,Q loss,527,0.0013720784336328506
GAS,BAD,UCB_WITHOUT_VAE_UNCERTAINTY,55,Q loss,528,0.00156996154692024
GAS,BAD,UCB_WITHOUT_VAE_UNCERTAINTY,55,Q loss,529,0.00663493387401104
GAS,BAD,UCB_WITHOUT_VAE_UNCERTAINTY,55,Q loss,530,0.0037155714817345142
GAS,BAD,UCB_WITHOUT_VAE_UNCERTAINTY,55,Q loss,531,0.0036384505219757557
GAS,BAD,UCB_WITHOUT_VAE_UNCERTAINTY,55,Q loss,532,0.002099063014611602
GAS,BAD,UCB_WITHOUT_VAE_UNCERTAINTY,55,Q loss,533,0.004539790563285351
GAS,BAD,UCB_WITHOUT_VAE_UNCERTAINTY,55,Q loss,534,0.0027602335903793573
GAS,BAD,UCB_WITHOUT_VAE_UNCERTAINTY,55,Q loss,535,0.0010323929600417614
GAS,BAD,UCB_WITHOUT_VAE_UNCERTAINTY,55,Q loss,536,0.007046489976346493
GAS,BAD,UCB_WITHOUT_VAE_UNCERTAINTY,55,Q loss,537,0.006002149544656277
GAS,BAD,UCB_WITHOUT_VAE_UNCERTAINTY,55,Q loss,538,0.004001096822321415
GAS,BAD,UCB_WITHOUT_VAE_UNCERTAINTY,55,Q loss,539,0.0033355846535414457
GAS,BAD,UCB_WITHOUT_VAE_UNCERTAINTY,55,Q loss,540,0.004113121889531612
GAS,BAD,UCB_WITHOUT_VAE_UNCERTAINTY,55,Q loss,541,0.003194896038621664
GAS,BAD,UCB_WITHOUT_VAE_UNCERTAINTY,55,Q loss,542,0.0005073525826446712
GAS,BAD,UCB_WITHOUT_VAE_UNCERTAINTY,55,Q loss,543,0.011044164188206196
GAS,BAD,UCB_WITHOUT_VAE_UNCERTAINTY,55,Q loss,544,0.01147536188364029
GAS,BAD,UCB_WITHOUT_VAE_UNCERTAINTY,55,Q loss,545,0.00576767697930336
GAS,BAD,UCB_WITHOUT_VAE_UNCERTAINTY,55,Q loss,546,0.001724594971165061
GAS,BAD,UCB_WITHOUT_VAE_UNCERTAINTY,55,Q loss,547,0.004536846186965704
GAS,BAD,UCB_WITHOUT_VAE_UNCERTAINTY,55,Q loss,548,0.00707377539947629
GAS,BAD,UCB_WITHOUT_VAE_UNCERTAINTY,55,Q loss,549,0.0018934751860797405
GAS,BAD,UCB_WITHOUT_VAE_UNCERTAINTY,55,Q loss,550,0.002637864090502262
GAS,BAD,UCB_WITHOUT_VAE_UNCERTAINTY,55,Q loss,551,0.0029172664508223534
GAS,BAD,UCB_WITHOUT_VAE_UNCERTAINTY,55,Q loss,552,0.002538432367146015
GAS,BAD,UCB_WITHOUT_VAE_UNCERTAINTY,55,Q loss,553,0.010222344659268856
GAS,BAD,UCB_WITHOUT_VAE_UNCERTAINTY,55,Q loss,554,0.0034903637133538723
GAS,BAD,UCB_WITHOUT_VAE_UNCERTAINTY,55,Q loss,555,0.008716417476534843
GAS,BAD,UCB_WITHOUT_VAE_UNCERTAINTY,55,Q loss,556,0.025847479701042175
GAS,BAD,UCB_WITHOUT_VAE_UNCERTAINTY,55,Q loss,557,0.0023514986969530582
GAS,BAD,UCB_WITHOUT_VAE_UNCERTAINTY,55,Q loss,558,0.0021599228493869305
GAS,BAD,UCB_WITHOUT_VAE_UNCERTAINTY,55,Q loss,559,0.0015034403186291456
GAS,BAD,UCB_WITHOUT_VAE_UNCERTAINTY,55,Q loss,560,0.0022698158863931894
GAS,BAD,UCB_WITHOUT_VAE_UNCERTAINTY,55,Q loss,561,0.006939979735761881
GAS,BAD,UCB_WITHOUT_VAE_UNCERTAINTY,55,Q loss,562,0.005104694049805403
GAS,BAD,UCB_WITHOUT_VAE_UNCERTAINTY,55,Q loss,563,0.00476758973672986
GAS,BAD,UCB_WITHOUT_VAE_UNCERTAINTY,55,Q loss,564,0.001009324099868536
GAS,BAD,UCB_WITHOUT_VAE_UNCERTAINTY,55,Q loss,565,0.0010465930681675673
GAS,BAD,UCB_WITHOUT_VAE_UNCERTAINTY,55,Q loss,566,0.0017011326272040606
GAS,BAD,UCB_WITHOUT_VAE_UNCERTAINTY,55,Q loss,567,0.006203791126608849
GAS,BAD,UCB_WITHOUT_VAE_UNCERTAINTY,55,Q loss,568,0.001489706919528544
GAS,BAD,UCB_WITHOUT_VAE_UNCERTAINTY,55,Q loss,569,0.0026317129377275705
GAS,BAD,UCB_WITHOUT_VAE_UNCERTAINTY,55,Q loss,570,0.002364140935242176
GAS,BAD,UCB_WITHOUT_VAE_UNCERTAINTY,55,Q loss,571,0.002382730133831501
GAS,BAD,UCB_WITHOUT_VAE_UNCERTAINTY,55,Q loss,572,0.0018006741302087903
GAS,BAD,UCB_WITHOUT_VAE_UNCERTAINTY,55,Q loss,573,0.0030570104718208313
GAS,BAD,UCB_WITHOUT_VAE_UNCERTAINTY,55,Q loss,574,0.014116073027253151
GAS,BAD,UCB_WITHOUT_VAE_UNCERTAINTY,55,Q loss,575,0.00345652480609715
GAS,BAD,UCB_WITHOUT_VAE_UNCERTAINTY,55,Q loss,576,0.0022336659021675587
GAS,BAD,UCB_WITHOUT_VAE_UNCERTAINTY,55,Q loss,577,0.003874718677252531
GAS,BAD,UCB_WITHOUT_VAE_UNCERTAINTY,55,Q loss,578,0.0027264957316219807
GAS,BAD,UCB_WITHOUT_VAE_UNCERTAINTY,55,Q loss,579,0.005458692088723183
GAS,BAD,UCB_WITHOUT_VAE_UNCERTAINTY,55,Q loss,580,0.008549741469323635
GAS,BAD,UCB_WITHOUT_VAE_UNCERTAINTY,55,Q loss,581,0.011095421388745308
GAS,BAD,UCB_WITHOUT_VAE_UNCERTAINTY,55,Q loss,582,0.0009921420132741332
GAS,BAD,UCB_WITHOUT_VAE_UNCERTAINTY,55,Q loss,583,0.0037843124009668827
GAS,BAD,UCB_WITHOUT_VAE_UNCERTAINTY,55,Q loss,584,0.002684999257326126
GAS,BAD,UCB_WITHOUT_VAE_UNCERTAINTY,55,Q loss,585,0.01203538291156292
GAS,BAD,UCB_WITHOUT_VAE_UNCERTAINTY,55,Q loss,586,0.0012042645830661058
GAS,BAD,UCB_WITHOUT_VAE_UNCERTAINTY,55,Q loss,587,0.003987993113696575
GAS,BAD,UCB_WITHOUT_VAE_UNCERTAINTY,55,Q loss,588,0.000612694479059428
GAS,BAD,UCB_WITHOUT_VAE_UNCERTAINTY,55,Q loss,589,0.0025281324051320553
GAS,BAD,UCB_WITHOUT_VAE_UNCERTAINTY,55,Q loss,590,0.0036381506361067295
GAS,BAD,UCB_WITHOUT_VAE_UNCERTAINTY,55,Q loss,591,0.004876561462879181
GAS,BAD,UCB_WITHOUT_VAE_UNCERTAINTY,55,Q loss,592,0.007175765465945005
GAS,BAD,UCB_WITHOUT_VAE_UNCERTAINTY,55,Q loss,593,0.005233201663941145
GAS,BAD,UCB_WITHOUT_VAE_UNCERTAINTY,55,Q loss,594,0.0036499861162155867
GAS,BAD,UCB_WITHOUT_VAE_UNCERTAINTY,55,Q loss,595,0.003911969251930714
GAS,BAD,UCB_WITHOUT_VAE_UNCERTAINTY,55,Q loss,596,0.00304683530703187
GAS,BAD,UCB_WITHOUT_VAE_UNCERTAINTY,55,Q loss,597,0.006476946175098419
GAS,BAD,UCB_WITHOUT_VAE_UNCERTAINTY,55,Q loss,598,0.0013986087869852781
GAS,BAD,UCB_WITHOUT_VAE_UNCERTAINTY,55,Q loss,599,0.010990225709974766
GAS,BAD,UCB_WITHOUT_VAE_UNCERTAINTY,55,Q loss,600,0.0008122546132653952
GAS,BAD,UCB_WITHOUT_VAE_UNCERTAINTY,55,Q loss,601,0.0036847288720309734
GAS,BAD,UCB_WITHOUT_VAE_UNCERTAINTY,55,Q loss,602,0.0005862556863576174
GAS,BAD,UCB_WITHOUT_VAE_UNCERTAINTY,55,Q loss,603,0.0010876008309423923
GAS,BAD,UCB_WITHOUT_VAE_UNCERTAINTY,55,Q loss,604,0.005581237375736237
GAS,BAD,UCB_WITHOUT_VAE_UNCERTAINTY,55,Q loss,605,0.0023246873170137405
GAS,BAD,UCB_WITHOUT_VAE_UNCERTAINTY,55,Q loss,606,0.003667338751256466
GAS,BAD,UCB_WITHOUT_VAE_UNCERTAINTY,55,Q loss,607,0.006841680034995079
GAS,BAD,UCB_WITHOUT_VAE_UNCERTAINTY,55,Q loss,608,0.003588391002267599
GAS,BAD,UCB_WITHOUT_VAE_UNCERTAINTY,55,Q loss,609,0.0043639070354402065
GAS,BAD,UCB_WITHOUT_VAE_UNCERTAINTY,55,Q loss,610,0.005994697101414204
GAS,BAD,UCB_WITHOUT_VAE_UNCERTAINTY,55,Q loss,611,0.0019031697884202003
GAS,BAD,UCB_WITHOUT_VAE_UNCERTAINTY,55,Q loss,612,0.0030842686537653208
GAS,BAD,UCB_WITHOUT_VAE_UNCERTAINTY,55,Q loss,613,0.005433450918644667
GAS,BAD,UCB_WITHOUT_VAE_UNCERTAINTY,55,Q loss,614,0.0031178086064755917
GAS,BAD,UCB_WITHOUT_VAE_UNCERTAINTY,55,Q loss,615,0.00470769451931119
GAS,BAD,UCB_WITHOUT_VAE_UNCERTAINTY,55,Q loss,616,0.001604809775017202
GAS,BAD,UCB_WITHOUT_VAE_UNCERTAINTY,55,Q loss,617,0.011063534766435623
GAS,BAD,UCB_WITHOUT_VAE_UNCERTAINTY,55,Q loss,618,0.002122259931638837
GAS,BAD,UCB_WITHOUT_VAE_UNCERTAINTY,55,Q loss,619,0.0055349599570035934
GAS,BAD,UCB_WITHOUT_VAE_UNCERTAINTY,55,Q loss,620,0.0013391653774306178
GAS,BAD,UCB_WITHOUT_VAE_UNCERTAINTY,55,Q loss,621,0.0019900226034224033
GAS,BAD,UCB_WITHOUT_VAE_UNCERTAINTY,55,Q loss,622,0.006103391293436289
GAS,BAD,UCB_WITHOUT_VAE_UNCERTAINTY,55,Q loss,623,0.0005402191309258342
GAS,BAD,UCB_WITHOUT_VAE_UNCERTAINTY,55,Q loss,624,0.0016886522062122822
GAS,BAD,UCB_WITHOUT_VAE_UNCERTAINTY,55,Q loss,625,0.005232696887105703
GAS,BAD,UCB_WITHOUT_VAE_UNCERTAINTY,55,Q loss,626,0.0017039012163877487
GAS,BAD,UCB_WITHOUT_VAE_UNCERTAINTY,55,Q loss,627,0.0050963894464075565
GAS,BAD,UCB_WITHOUT_VAE_UNCERTAINTY,55,Q loss,628,0.019648566842079163
GAS,BAD,UCB_WITHOUT_VAE_UNCERTAINTY,55,Q loss,629,0.010952313430607319
GAS,BAD,UCB_WITHOUT_VAE_UNCERTAINTY,55,Q loss,630,0.0018194473814219236
GAS,BAD,UCB_WITHOUT_VAE_UNCERTAINTY,55,Q loss,631,0.0008075539954006672
GAS,BAD,UCB_WITHOUT_VAE_UNCERTAINTY,55,Q loss,632,0.002954208292067051
GAS,BAD,UCB_WITHOUT_VAE_UNCERTAINTY,55,Q loss,633,0.006132985465228558
GAS,BAD,UCB_WITHOUT_VAE_UNCERTAINTY,55,Q loss,634,0.008905505761504173
GAS,BAD,UCB_WITHOUT_VAE_UNCERTAINTY,55,Q loss,635,0.008163008838891983
GAS,BAD,UCB_WITHOUT_VAE_UNCERTAINTY,55,Q loss,636,0.0028301686979830265
GAS,BAD,UCB_WITHOUT_VAE_UNCERTAINTY,55,Q loss,637,0.008233705535531044
GAS,BAD,UCB_WITHOUT_VAE_UNCERTAINTY,55,Q loss,638,0.004552657715976238
GAS,BAD,UCB_WITHOUT_VAE_UNCERTAINTY,55,Q loss,639,0.0016597254434600472
GAS,BAD,UCB_WITHOUT_VAE_UNCERTAINTY,55,Q loss,640,0.0036140403244644403
GAS,BAD,UCB_WITHOUT_VAE_UNCERTAINTY,55,Q loss,641,0.0018189052352681756
GAS,BAD,UCB_WITHOUT_VAE_UNCERTAINTY,55,Q loss,642,0.006248072721064091
GAS,BAD,UCB_WITHOUT_VAE_UNCERTAINTY,55,Q loss,643,0.003122703405097127
GAS,BAD,UCB_WITHOUT_VAE_UNCERTAINTY,55,Q loss,644,0.006350167561322451
GAS,BAD,UCB_WITHOUT_VAE_UNCERTAINTY,55,Q loss,645,0.002046794630587101
GAS,BAD,UCB_WITHOUT_VAE_UNCERTAINTY,55,Q loss,646,0.0039799148216843605
GAS,BAD,UCB_WITHOUT_VAE_UNCERTAINTY,55,Q loss,647,0.01262594759464264
GAS,BAD,UCB_WITHOUT_VAE_UNCERTAINTY,55,Q loss,648,0.0019583702087402344
GAS,BAD,UCB_WITHOUT_VAE_UNCERTAINTY,55,Q loss,649,0.0007140968227759004
GAS,BAD,UCB_WITHOUT_VAE_UNCERTAINTY,55,Q loss,650,0.004461685195565224
GAS,BAD,UCB_WITHOUT_VAE_UNCERTAINTY,55,Q loss,651,0.0012310590827837586
GAS,BAD,UCB_WITHOUT_VAE_UNCERTAINTY,55,Q loss,652,0.008255358785390854
GAS,BAD,UCB_WITHOUT_VAE_UNCERTAINTY,55,Q loss,653,0.008464625105261803
GAS,BAD,UCB_WITHOUT_VAE_UNCERTAINTY,55,Q loss,654,0.0028999627102166414
GAS,BAD,UCB_WITHOUT_VAE_UNCERTAINTY,55,Q loss,655,0.006603021174669266
GAS,BAD,UCB_WITHOUT_VAE_UNCERTAINTY,55,Q loss,656,0.002361290156841278
GAS,BAD,UCB_WITHOUT_VAE_UNCERTAINTY,55,Q loss,657,0.0028976830653846264
GAS,BAD,UCB_WITHOUT_VAE_UNCERTAINTY,55,Q loss,658,0.0027148392982780933
GAS,BAD,UCB_WITHOUT_VAE_UNCERTAINTY,55,Q loss,659,0.004263655282557011
GAS,BAD,UCB_WITHOUT_VAE_UNCERTAINTY,55,Q loss,660,0.004568652715533972
GAS,BAD,UCB_WITHOUT_VAE_UNCERTAINTY,55,Q loss,661,0.0005411321180872619
GAS,BAD,UCB_WITHOUT_VAE_UNCERTAINTY,55,Q loss,662,0.007182060740888119
GAS,BAD,UCB_WITHOUT_VAE_UNCERTAINTY,55,Q loss,663,0.0019271036144345999
GAS,BAD,UCB_WITHOUT_VAE_UNCERTAINTY,55,Q loss,664,0.01358841173350811
GAS,BAD,UCB_WITHOUT_VAE_UNCERTAINTY,55,Q loss,665,0.003030927386134863
GAS,BAD,UCB_WITHOUT_VAE_UNCERTAINTY,55,Q loss,666,0.0010120158549398184
GAS,BAD,UCB_WITHOUT_VAE_UNCERTAINTY,55,Q loss,667,0.0009325345745310187
GAS,BAD,UCB_WITHOUT_VAE_UNCERTAINTY,55,Q loss,668,0.002525163348764181
GAS,BAD,UCB_WITHOUT_VAE_UNCERTAINTY,55,Q loss,669,0.005331304855644703
GAS,BAD,UCB_WITHOUT_VAE_UNCERTAINTY,55,Q loss,670,0.005912208929657936
GAS,BAD,UCB_WITHOUT_VAE_UNCERTAINTY,55,Q loss,671,0.009216434322297573
GAS,BAD,UCB_WITHOUT_VAE_UNCERTAINTY,55,Q loss,672,0.001357481349259615
GAS,BAD,UCB_WITHOUT_VAE_UNCERTAINTY,55,Q loss,673,0.006159343756735325
GAS,BAD,UCB_WITHOUT_VAE_UNCERTAINTY,55,Q loss,674,0.003228583373129368
GAS,BAD,UCB_WITHOUT_VAE_UNCERTAINTY,55,Q loss,675,0.0061870235949754715
GAS,BAD,UCB_WITHOUT_VAE_UNCERTAINTY,55,Q loss,676,0.0032120016403496265
GAS,BAD,UCB_WITHOUT_VAE_UNCERTAINTY,55,Q loss,677,0.0034468118101358414
GAS,BAD,UCB_WITHOUT_VAE_UNCERTAINTY,55,Q loss,678,0.0022032770793884993
GAS,BAD,UCB_WITHOUT_VAE_UNCERTAINTY,55,Q loss,679,0.005890730302780867
GAS,BAD,UCB_WITHOUT_VAE_UNCERTAINTY,55,Q loss,680,0.0063405572436749935
GAS,BAD,UCB_WITHOUT_VAE_UNCERTAINTY,55,Q loss,681,0.0022508595138788223
GAS,BAD,UCB_WITHOUT_VAE_UNCERTAINTY,55,Q loss,682,0.003227765904739499
GAS,BAD,UCB_WITHOUT_VAE_UNCERTAINTY,55,Q loss,683,0.0043894522823393345
GAS,BAD,UCB_WITHOUT_VAE_UNCERTAINTY,55,Q loss,684,0.002345083048567176
GAS,BAD,UCB_WITHOUT_VAE_UNCERTAINTY,55,Q loss,685,0.007852965034544468
GAS,BAD,UCB_WITHOUT_VAE_UNCERTAINTY,55,Q loss,686,0.002451208420097828
GAS,BAD,UCB_WITHOUT_VAE_UNCERTAINTY,55,Q loss,687,0.001082373084500432
GAS,BAD,UCB_WITHOUT_VAE_UNCERTAINTY,55,Q loss,688,0.0022608768194913864
GAS,BAD,UCB_WITHOUT_VAE_UNCERTAINTY,55,Q loss,689,0.008111189119517803
GAS,BAD,UCB_WITHOUT_VAE_UNCERTAINTY,55,Q loss,690,0.0005660840542986989
GAS,BAD,UCB_WITHOUT_VAE_UNCERTAINTY,55,Q loss,691,0.002306389156728983
GAS,BAD,UCB_WITHOUT_VAE_UNCERTAINTY,55,Q loss,692,0.001512585673481226
GAS,BAD,UCB_WITHOUT_VAE_UNCERTAINTY,55,Q loss,693,0.006595262326300144
GAS,BAD,UCB_WITHOUT_VAE_UNCERTAINTY,55,Q loss,694,0.005622237455099821
GAS,BAD,UCB_WITHOUT_VAE_UNCERTAINTY,55,Q loss,695,0.003829160938039422
GAS,BAD,UCB_WITHOUT_VAE_UNCERTAINTY,55,Q loss,696,0.0014148035552352667
GAS,BAD,UCB_WITHOUT_VAE_UNCERTAINTY,55,Q loss,697,0.003639799542725086
GAS,BAD,UCB_WITHOUT_VAE_UNCERTAINTY,55,Q loss,698,0.003711833618581295
GAS,BAD,UCB_WITHOUT_VAE_UNCERTAINTY,55,Q loss,699,0.004446267616003752
GAS,BAD,UCB_WITHOUT_VAE_UNCERTAINTY,55,Q loss,700,0.017124628648161888
GAS,BAD,UCB_WITHOUT_VAE_UNCERTAINTY,55,Q loss,701,0.004132876172661781
GAS,BAD,UCB_WITHOUT_VAE_UNCERTAINTY,55,Q loss,702,0.001224045641720295
GAS,BAD,UCB_WITHOUT_VAE_UNCERTAINTY,55,Q loss,703,0.003708170959725976
GAS,BAD,UCB_WITHOUT_VAE_UNCERTAINTY,55,Q loss,704,0.004473452921956778
GAS,BAD,UCB_WITHOUT_VAE_UNCERTAINTY,55,Q loss,705,0.008823210373520851
GAS,BAD,UCB_WITHOUT_VAE_UNCERTAINTY,55,Q loss,706,0.013019190169870853
GAS,BAD,UCB_WITHOUT_VAE_UNCERTAINTY,55,Q loss,707,0.004659436643123627
GAS,BAD,UCB_WITHOUT_VAE_UNCERTAINTY,55,Q loss,708,0.0007221020641736686
GAS,BAD,UCB_WITHOUT_VAE_UNCERTAINTY,55,Q loss,709,0.00498594157397747
GAS,BAD,UCB_WITHOUT_VAE_UNCERTAINTY,55,Q loss,710,0.0031879895832389593
GAS,BAD,UCB_WITHOUT_VAE_UNCERTAINTY,55,Q loss,711,0.0024928851053118706
GAS,BAD,UCB_WITHOUT_VAE_UNCERTAINTY,55,Q loss,712,0.004260729998350143
GAS,BAD,UCB_WITHOUT_VAE_UNCERTAINTY,55,Q loss,713,0.0019251343328505754
GAS,BAD,UCB_WITHOUT_VAE_UNCERTAINTY,55,Q loss,714,0.006372620351612568
GAS,BAD,UCB_WITHOUT_VAE_UNCERTAINTY,55,Q loss,715,0.0022536974865943193
GAS,BAD,UCB_WITHOUT_VAE_UNCERTAINTY,55,Q loss,716,0.005986002739518881
GAS,BAD,UCB_WITHOUT_VAE_UNCERTAINTY,55,Q loss,717,0.002811803948134184
GAS,BAD,UCB_WITHOUT_VAE_UNCERTAINTY,55,Q loss,718,0.007811317220330238
GAS,BAD,UCB_WITHOUT_VAE_UNCERTAINTY,55,Q loss,719,0.005866911727935076
GAS,BAD,UCB_WITHOUT_VAE_UNCERTAINTY,55,Q loss,720,0.004718241281807423
GAS,BAD,UCB_WITHOUT_VAE_UNCERTAINTY,55,Q loss,721,0.0018891225336119533
GAS,BAD,UCB_WITHOUT_VAE_UNCERTAINTY,55,Q loss,722,0.002304865512996912
GAS,BAD,UCB_WITHOUT_VAE_UNCERTAINTY,55,Q loss,723,0.004411366302520037
GAS,BAD,UCB_WITHOUT_VAE_UNCERTAINTY,55,Q loss,724,0.0058230808936059475
GAS,BAD,UCB_WITHOUT_VAE_UNCERTAINTY,55,Q loss,725,0.00494536105543375
GAS,BAD,UCB_WITHOUT_VAE_UNCERTAINTY,55,Q loss,726,0.0016536761540919542
GAS,BAD,UCB_WITHOUT_VAE_UNCERTAINTY,55,Q loss,727,0.0047845616936683655
GAS,BAD,UCB_WITHOUT_VAE_UNCERTAINTY,55,Q loss,728,0.005300141870975494
GAS,BAD,UCB_WITHOUT_VAE_UNCERTAINTY,55,Q loss,729,0.0009631644934415817
GAS,BAD,UCB_WITHOUT_VAE_UNCERTAINTY,55,Q loss,730,0.003121007699519396
GAS,BAD,UCB_WITHOUT_VAE_UNCERTAINTY,55,Q loss,731,0.0023608480114489794
GAS,BAD,UCB_WITHOUT_VAE_UNCERTAINTY,55,Q loss,732,0.0014037758810445666
GAS,BAD,UCB_WITHOUT_VAE_UNCERTAINTY,55,Q loss,733,0.004408509936183691
GAS,BAD,UCB_WITHOUT_VAE_UNCERTAINTY,55,Q loss,734,0.006632322445511818
GAS,BAD,UCB_WITHOUT_VAE_UNCERTAINTY,55,Q loss,735,0.004562857560813427
GAS,BAD,UCB_WITHOUT_VAE_UNCERTAINTY,55,Q loss,736,0.008021077141165733
GAS,BAD,UCB_WITHOUT_VAE_UNCERTAINTY,55,Q loss,737,0.008305092342197895
GAS,BAD,UCB_WITHOUT_VAE_UNCERTAINTY,55,Q loss,738,0.002820122055709362
GAS,BAD,UCB_WITHOUT_VAE_UNCERTAINTY,55,Q loss,739,0.0011342038633301854
GAS,BAD,UCB_WITHOUT_VAE_UNCERTAINTY,55,Q loss,740,0.002321225358173251
GAS,BAD,UCB_WITHOUT_VAE_UNCERTAINTY,55,Q loss,741,0.00557813560590148
GAS,BAD,UCB_WITHOUT_VAE_UNCERTAINTY,55,Q loss,742,0.005555169191211462
GAS,BAD,UCB_WITHOUT_VAE_UNCERTAINTY,55,Q loss,743,0.004789257422089577
GAS,BAD,UCB_WITHOUT_VAE_UNCERTAINTY,55,Q loss,744,0.002044122666120529
GAS,BAD,UCB_WITHOUT_VAE_UNCERTAINTY,55,Q loss,745,0.005909515544772148
GAS,BAD,UCB_WITHOUT_VAE_UNCERTAINTY,55,Q loss,746,0.004633883014321327
GAS,BAD,UCB_WITHOUT_VAE_UNCERTAINTY,55,Q loss,747,0.0013875494478270411
GAS,BAD,UCB_WITHOUT_VAE_UNCERTAINTY,55,Q loss,748,0.004377795848995447
GAS,BAD,UCB_WITHOUT_VAE_UNCERTAINTY,55,Q loss,749,0.003814663039520383
GAS,BAD,UCB_WITHOUT_VAE_UNCERTAINTY,55,Q loss,750,0.013316639699041843
GAS,BAD,UCB_WITHOUT_VAE_UNCERTAINTY,55,Q loss,751,0.0026436925400048494
GAS,BAD,UCB_WITHOUT_VAE_UNCERTAINTY,55,Q loss,752,0.006089705973863602
GAS,BAD,UCB_WITHOUT_VAE_UNCERTAINTY,55,Q loss,753,0.003863855265080929
GAS,BAD,UCB_WITHOUT_VAE_UNCERTAINTY,55,Q loss,754,0.00199919193983078
GAS,BAD,UCB_WITHOUT_VAE_UNCERTAINTY,55,Q loss,755,0.0025265603326261044
GAS,BAD,UCB_WITHOUT_VAE_UNCERTAINTY,55,Q loss,756,0.003362851683050394
GAS,BAD,UCB_WITHOUT_VAE_UNCERTAINTY,55,Q loss,757,0.004382333252578974
GAS,BAD,UCB_WITHOUT_VAE_UNCERTAINTY,55,Q loss,758,0.0017760915216058493
GAS,BAD,UCB_WITHOUT_VAE_UNCERTAINTY,55,Q loss,759,0.013755830936133862
GAS,BAD,UCB_WITHOUT_VAE_UNCERTAINTY,55,Q loss,760,0.0073402272537350655
GAS,BAD,UCB_WITHOUT_VAE_UNCERTAINTY,55,Q loss,761,0.009515903890132904
GAS,BAD,UCB_WITHOUT_VAE_UNCERTAINTY,55,Q loss,762,0.0022125181276351213
GAS,BAD,UCB_WITHOUT_VAE_UNCERTAINTY,55,Q loss,763,0.005678968504071236
GAS,BAD,UCB_WITHOUT_VAE_UNCERTAINTY,55,Q loss,764,0.004194337408989668
GAS,BAD,UCB_WITHOUT_VAE_UNCERTAINTY,55,Q loss,765,0.0015291849849745631
GAS,BAD,UCB_WITHOUT_VAE_UNCERTAINTY,55,Q loss,766,0.0074503300711512566
GAS,BAD,UCB_WITHOUT_VAE_UNCERTAINTY,55,Q loss,767,0.007832173258066177
GAS,BAD,UCB_WITHOUT_VAE_UNCERTAINTY,55,Q loss,768,0.0006144798244349658
GAS,BAD,UCB_WITHOUT_VAE_UNCERTAINTY,55,Q loss,769,0.002707014326006174
GAS,BAD,UCB_WITHOUT_VAE_UNCERTAINTY,55,Q loss,770,0.002840715926140547
GAS,BAD,UCB_WITHOUT_VAE_UNCERTAINTY,55,Q loss,771,0.0005371174775063992
GAS,BAD,UCB_WITHOUT_VAE_UNCERTAINTY,55,Q loss,772,0.02202416956424713
GAS,BAD,UCB_WITHOUT_VAE_UNCERTAINTY,55,Q loss,773,0.0038257769774645567
GAS,BAD,UCB_WITHOUT_VAE_UNCERTAINTY,55,Q loss,774,0.0018138412851840258
GAS,BAD,UCB_WITHOUT_VAE_UNCERTAINTY,55,Q loss,775,0.0015288591384887695
GAS,BAD,UCB_WITHOUT_VAE_UNCERTAINTY,55,Q loss,776,0.0024644257500767708
GAS,BAD,UCB_WITHOUT_VAE_UNCERTAINTY,55,Q loss,777,0.0024207390379160643
GAS,BAD,UCB_WITHOUT_VAE_UNCERTAINTY,55,Q loss,778,0.0069635892286896706
GAS,BAD,UCB_WITHOUT_VAE_UNCERTAINTY,55,Q loss,779,0.0036528771743178368
GAS,BAD,UCB_WITHOUT_VAE_UNCERTAINTY,55,Q loss,780,0.0012398120015859604
GAS,BAD,UCB_WITHOUT_VAE_UNCERTAINTY,55,Q loss,781,0.005131246522068977
GAS,BAD,UCB_WITHOUT_VAE_UNCERTAINTY,55,Q loss,782,0.004421557299792767
GAS,BAD,UCB_WITHOUT_VAE_UNCERTAINTY,55,Q loss,783,0.0012581443879753351
GAS,BAD,UCB_WITHOUT_VAE_UNCERTAINTY,55,Q loss,784,0.004731856286525726
GAS,BAD,UCB_WITHOUT_VAE_UNCERTAINTY,55,Q loss,785,0.0011919905664399266
GAS,BAD,UCB_WITHOUT_VAE_UNCERTAINTY,55,Q loss,786,0.007547331973910332
GAS,BAD,UCB_WITHOUT_VAE_UNCERTAINTY,55,Q loss,787,0.007927905768156052
GAS,BAD,UCB_WITHOUT_VAE_UNCERTAINTY,55,Q loss,788,0.005725939758121967
GAS,BAD,UCB_WITHOUT_VAE_UNCERTAINTY,55,Q loss,789,0.008991765789687634
GAS,BAD,UCB_WITHOUT_VAE_UNCERTAINTY,55,Q loss,790,0.006828757468611002
GAS,BAD,UCB_WITHOUT_VAE_UNCERTAINTY,55,Q loss,791,0.0014230948872864246
GAS,BAD,UCB_WITHOUT_VAE_UNCERTAINTY,55,Q loss,792,0.0010921526700258255
GAS,BAD,UCB_WITHOUT_VAE_UNCERTAINTY,55,Q loss,793,0.004715817980468273
GAS,BAD,UCB_WITHOUT_VAE_UNCERTAINTY,55,Q loss,794,0.0007998708751983941
GAS,BAD,UCB_WITHOUT_VAE_UNCERTAINTY,55,Q loss,795,0.0014860292430967093
GAS,BAD,UCB_WITHOUT_VAE_UNCERTAINTY,55,Q loss,796,0.008839379996061325
GAS,BAD,UCB_WITHOUT_VAE_UNCERTAINTY,55,Q loss,797,0.005575996823608875
GAS,BAD,UCB_WITHOUT_VAE_UNCERTAINTY,55,Q loss,798,0.004816680680960417
GAS,BAD,UCB_WITHOUT_VAE_UNCERTAINTY,55,Q loss,799,0.007211030926555395
GAS,BAD,UCB_WITHOUT_VAE_UNCERTAINTY,55,Q loss,800,0.004819579888135195
GAS,BAD,UCB_WITHOUT_VAE_UNCERTAINTY,55,Q loss,801,0.004933678079396486
GAS,BAD,UCB_WITHOUT_VAE_UNCERTAINTY,55,Q loss,802,0.0022186050191521645
GAS,BAD,UCB_WITHOUT_VAE_UNCERTAINTY,55,Q loss,803,0.001899196533486247
GAS,BAD,UCB_WITHOUT_VAE_UNCERTAINTY,55,Q loss,804,0.0017235605046153069
GAS,BAD,UCB_WITHOUT_VAE_UNCERTAINTY,55,Q loss,805,0.007028455846011639
GAS,BAD,UCB_WITHOUT_VAE_UNCERTAINTY,55,Q loss,806,0.0025457036681473255
GAS,BAD,UCB_WITHOUT_VAE_UNCERTAINTY,55,Q loss,807,0.002786932745948434
GAS,BAD,UCB_WITHOUT_VAE_UNCERTAINTY,55,Q loss,808,0.005059725604951382
GAS,BAD,UCB_WITHOUT_VAE_UNCERTAINTY,55,Q loss,809,0.007207869552075863
GAS,BAD,UCB_WITHOUT_VAE_UNCERTAINTY,55,Cost loss,0,0.12606294453144073
GAS,BAD,UCB_WITHOUT_VAE_UNCERTAINTY,55,Cost loss,1,0.12393774092197418
GAS,BAD,UCB_WITHOUT_VAE_UNCERTAINTY,55,Cost loss,2,0.12461523711681366
GAS,BAD,UCB_WITHOUT_VAE_UNCERTAINTY,55,Cost loss,3,0.12321881949901581
GAS,BAD,UCB_WITHOUT_VAE_UNCERTAINTY,55,Cost loss,4,0.12148531526327133
GAS,BAD,UCB_WITHOUT_VAE_UNCERTAINTY,55,Cost loss,5,0.1192840039730072
GAS,BAD,UCB_WITHOUT_VAE_UNCERTAINTY,55,Cost loss,6,0.1190405786037445
GAS,BAD,UCB_WITHOUT_VAE_UNCERTAINTY,55,Cost loss,7,0.11697151511907578
GAS,BAD,UCB_WITHOUT_VAE_UNCERTAINTY,55,Cost loss,8,0.11450888216495514
GAS,BAD,UCB_WITHOUT_VAE_UNCERTAINTY,55,Cost loss,9,0.11397946625947952
GAS,BAD,UCB_WITHOUT_VAE_UNCERTAINTY,55,Cost loss,10,0.11288700252771378
GAS,BAD,UCB_WITHOUT_VAE_UNCERTAINTY,55,Cost loss,11,0.11147964000701904
GAS,BAD,UCB_WITHOUT_VAE_UNCERTAINTY,55,Cost loss,12,0.11139953136444092
GAS,BAD,UCB_WITHOUT_VAE_UNCERTAINTY,55,Cost loss,13,0.10944827646017075
GAS,BAD,UCB_WITHOUT_VAE_UNCERTAINTY,55,Cost loss,14,0.10831288993358612
GAS,BAD,UCB_WITHOUT_VAE_UNCERTAINTY,55,Cost loss,15,0.10770154744386673
GAS,BAD,UCB_WITHOUT_VAE_UNCERTAINTY,55,Cost loss,16,0.10521683096885681
GAS,BAD,UCB_WITHOUT_VAE_UNCERTAINTY,55,Cost loss,17,0.1044970154762268
GAS,BAD,UCB_WITHOUT_VAE_UNCERTAINTY,55,Cost loss,18,0.10305783152580261
GAS,BAD,UCB_WITHOUT_VAE_UNCERTAINTY,55,Cost loss,19,0.10154702514410019
GAS,BAD,UCB_WITHOUT_VAE_UNCERTAINTY,55,Cost loss,20,0.10165159404277802
GAS,BAD,UCB_WITHOUT_VAE_UNCERTAINTY,55,Cost loss,21,0.09945929050445557
GAS,BAD,UCB_WITHOUT_VAE_UNCERTAINTY,55,Cost loss,22,0.09864957630634308
GAS,BAD,UCB_WITHOUT_VAE_UNCERTAINTY,55,Cost loss,23,0.09677083790302277
GAS,BAD,UCB_WITHOUT_VAE_UNCERTAINTY,55,Cost loss,24,0.0958491787314415
GAS,BAD,UCB_WITHOUT_VAE_UNCERTAINTY,55,Cost loss,25,0.09435167163610458
GAS,BAD,UCB_WITHOUT_VAE_UNCERTAINTY,55,Cost loss,26,0.09422124177217484
GAS,BAD,UCB_WITHOUT_VAE_UNCERTAINTY,55,Cost loss,27,0.09394683688879013
GAS,BAD,UCB_WITHOUT_VAE_UNCERTAINTY,55,Cost loss,28,0.09156425297260284
GAS,BAD,UCB_WITHOUT_VAE_UNCERTAINTY,55,Cost loss,29,0.08975540846586227
GAS,BAD,UCB_WITHOUT_VAE_UNCERTAINTY,55,Cost loss,30,0.089759960770607
GAS,BAD,UCB_WITHOUT_VAE_UNCERTAINTY,55,Cost loss,31,0.08790503442287445
GAS,BAD,UCB_WITHOUT_VAE_UNCERTAINTY,55,Cost loss,32,0.08761492371559143
GAS,BAD,UCB_WITHOUT_VAE_UNCERTAINTY,55,Cost loss,33,0.0847678929567337
GAS,BAD,UCB_WITHOUT_VAE_UNCERTAINTY,55,Cost loss,34,0.08478144556283951
GAS,BAD,UCB_WITHOUT_VAE_UNCERTAINTY,55,Cost loss,35,0.08338439464569092
GAS,BAD,UCB_WITHOUT_VAE_UNCERTAINTY,55,Cost loss,36,0.08343251049518585
GAS,BAD,UCB_WITHOUT_VAE_UNCERTAINTY,55,Cost loss,37,0.08139805495738983
GAS,BAD,UCB_WITHOUT_VAE_UNCERTAINTY,55,Cost loss,38,0.0801546722650528
GAS,BAD,UCB_WITHOUT_VAE_UNCERTAINTY,55,Cost loss,39,0.07970215380191803
GAS,BAD,UCB_WITHOUT_VAE_UNCERTAINTY,55,Cost loss,40,0.07863491773605347
GAS,BAD,UCB_WITHOUT_VAE_UNCERTAINTY,55,Cost loss,41,0.07608959823846817
GAS,BAD,UCB_WITHOUT_VAE_UNCERTAINTY,55,Cost loss,42,0.0751066505908966
GAS,BAD,UCB_WITHOUT_VAE_UNCERTAINTY,55,Cost loss,43,0.07517658174037933
GAS,BAD,UCB_WITHOUT_VAE_UNCERTAINTY,55,Cost loss,44,0.07311230897903442
GAS,BAD,UCB_WITHOUT_VAE_UNCERTAINTY,55,Cost loss,45,0.07305207848548889
GAS,BAD,UCB_WITHOUT_VAE_UNCERTAINTY,55,Cost loss,46,0.07101958990097046
GAS,BAD,UCB_WITHOUT_VAE_UNCERTAINTY,55,Cost loss,47,0.07115828990936279
GAS,BAD,UCB_WITHOUT_VAE_UNCERTAINTY,55,Cost loss,48,0.0707210898399353
GAS,BAD,UCB_WITHOUT_VAE_UNCERTAINTY,55,Cost loss,49,0.06792113929986954
GAS,BAD,UCB_WITHOUT_VAE_UNCERTAINTY,55,Cost loss,50,0.06845149397850037
GAS,BAD,UCB_WITHOUT_VAE_UNCERTAINTY,55,Cost loss,51,0.06899718940258026
GAS,BAD,UCB_WITHOUT_VAE_UNCERTAINTY,55,Cost loss,52,0.06601235270500183
GAS,BAD,UCB_WITHOUT_VAE_UNCERTAINTY,55,Cost loss,53,0.06590180844068527
GAS,BAD,UCB_WITHOUT_VAE_UNCERTAINTY,55,Cost loss,54,0.06368646025657654
GAS,BAD,UCB_WITHOUT_VAE_UNCERTAINTY,55,Cost loss,55,0.06250853836536407
GAS,BAD,UCB_WITHOUT_VAE_UNCERTAINTY,55,Cost loss,56,0.06413671374320984
GAS,BAD,UCB_WITHOUT_VAE_UNCERTAINTY,55,Cost loss,57,0.0607917383313179
GAS,BAD,UCB_WITHOUT_VAE_UNCERTAINTY,55,Cost loss,58,0.06118166819214821
GAS,BAD,UCB_WITHOUT_VAE_UNCERTAINTY,55,Cost loss,59,0.06031404435634613
GAS,BAD,UCB_WITHOUT_VAE_UNCERTAINTY,55,Cost loss,60,0.0588659830391407
GAS,BAD,UCB_WITHOUT_VAE_UNCERTAINTY,55,Cost loss,61,0.05716527998447418
GAS,BAD,UCB_WITHOUT_VAE_UNCERTAINTY,55,Cost loss,62,0.055267125368118286
GAS,BAD,UCB_WITHOUT_VAE_UNCERTAINTY,55,Cost loss,63,0.05466733127832413
GAS,BAD,UCB_WITHOUT_VAE_UNCERTAINTY,55,Cost loss,64,0.05706886947154999
GAS,BAD,UCB_WITHOUT_VAE_UNCERTAINTY,55,Cost loss,65,0.05458468198776245
GAS,BAD,UCB_WITHOUT_VAE_UNCERTAINTY,55,Cost loss,66,0.054015837609767914
GAS,BAD,UCB_WITHOUT_VAE_UNCERTAINTY,55,Cost loss,67,0.05295180529356003
GAS,BAD,UCB_WITHOUT_VAE_UNCERTAINTY,55,Cost loss,68,0.05175468325614929
GAS,BAD,UCB_WITHOUT_VAE_UNCERTAINTY,55,Cost loss,69,0.04923491179943085
GAS,BAD,UCB_WITHOUT_VAE_UNCERTAINTY,55,Cost loss,70,0.048213958740234375
GAS,BAD,UCB_WITHOUT_VAE_UNCERTAINTY,55,Cost loss,71,0.04860769212245941
GAS,BAD,UCB_WITHOUT_VAE_UNCERTAINTY,55,Cost loss,72,0.04795946180820465
GAS,BAD,UCB_WITHOUT_VAE_UNCERTAINTY,55,Cost loss,73,0.048129431903362274
GAS,BAD,UCB_WITHOUT_VAE_UNCERTAINTY,55,Cost loss,74,0.047054726630449295
GAS,BAD,UCB_WITHOUT_VAE_UNCERTAINTY,55,Cost loss,75,0.04583260416984558
GAS,BAD,UCB_WITHOUT_VAE_UNCERTAINTY,55,Cost loss,76,0.04442395269870758
GAS,BAD,UCB_WITHOUT_VAE_UNCERTAINTY,55,Cost loss,77,0.04333941638469696
GAS,BAD,UCB_WITHOUT_VAE_UNCERTAINTY,55,Cost loss,78,0.043663643300533295
GAS,BAD,UCB_WITHOUT_VAE_UNCERTAINTY,55,Cost loss,79,0.04199332743883133
GAS,BAD,UCB_WITHOUT_VAE_UNCERTAINTY,55,Cost loss,80,0.04091242700815201
GAS,BAD,UCB_WITHOUT_VAE_UNCERTAINTY,55,Cost loss,81,0.04155590757727623
GAS,BAD,UCB_WITHOUT_VAE_UNCERTAINTY,55,Cost loss,82,0.03995689004659653
GAS,BAD,UCB_WITHOUT_VAE_UNCERTAINTY,55,Cost loss,83,0.038061849772930145
GAS,BAD,UCB_WITHOUT_VAE_UNCERTAINTY,55,Cost loss,84,0.03580443188548088
GAS,BAD,UCB_WITHOUT_VAE_UNCERTAINTY,55,Cost loss,85,0.03786178678274155
GAS,BAD,UCB_WITHOUT_VAE_UNCERTAINTY,55,Cost loss,86,0.03783762827515602
GAS,BAD,UCB_WITHOUT_VAE_UNCERTAINTY,55,Cost loss,87,0.038208842277526855
GAS,BAD,UCB_WITHOUT_VAE_UNCERTAINTY,55,Cost loss,88,0.03505835309624672
GAS,BAD,UCB_WITHOUT_VAE_UNCERTAINTY,55,Cost loss,89,0.037021249532699585
GAS,BAD,UCB_WITHOUT_VAE_UNCERTAINTY,55,Cost loss,90,0.0352194644510746
GAS,BAD,UCB_WITHOUT_VAE_UNCERTAINTY,55,Cost loss,91,0.034782953560352325
GAS,BAD,UCB_WITHOUT_VAE_UNCERTAINTY,55,Cost loss,92,0.03369938209652901
GAS,BAD,UCB_WITHOUT_VAE_UNCERTAINTY,55,Cost loss,93,0.03480314090847969
GAS,BAD,UCB_WITHOUT_VAE_UNCERTAINTY,55,Cost loss,94,0.03259723633527756
GAS,BAD,UCB_WITHOUT_VAE_UNCERTAINTY,55,Cost loss,95,0.03147125616669655
GAS,BAD,UCB_WITHOUT_VAE_UNCERTAINTY,55,Cost loss,96,0.03023059107363224
GAS,BAD,UCB_WITHOUT_VAE_UNCERTAINTY,55,Cost loss,97,0.02991003729403019
GAS,BAD,UCB_WITHOUT_VAE_UNCERTAINTY,55,Cost loss,98,0.031493958085775375
GAS,BAD,UCB_WITHOUT_VAE_UNCERTAINTY,55,Cost loss,99,0.030435876920819283
GAS,BAD,UCB_WITHOUT_VAE_UNCERTAINTY,55,Cost loss,100,0.030070018023252487
GAS,BAD,UCB_WITHOUT_VAE_UNCERTAINTY,55,Cost loss,101,0.029490748420357704
GAS,BAD,UCB_WITHOUT_VAE_UNCERTAINTY,55,Cost loss,102,0.028007082641124725
GAS,BAD,UCB_WITHOUT_VAE_UNCERTAINTY,55,Cost loss,103,0.02639968879520893
GAS,BAD,UCB_WITHOUT_VAE_UNCERTAINTY,55,Cost loss,104,0.024544987827539444
GAS,BAD,UCB_WITHOUT_VAE_UNCERTAINTY,55,Cost loss,105,0.02338063344359398
GAS,BAD,UCB_WITHOUT_VAE_UNCERTAINTY,55,Cost loss,106,0.021508071571588516
GAS,BAD,UCB_WITHOUT_VAE_UNCERTAINTY,55,Cost loss,107,0.0192242618650198
GAS,BAD,UCB_WITHOUT_VAE_UNCERTAINTY,55,Cost loss,108,0.01972336322069168
GAS,BAD,UCB_WITHOUT_VAE_UNCERTAINTY,55,Cost loss,109,0.017580712214112282
GAS,BAD,UCB_WITHOUT_VAE_UNCERTAINTY,55,Cost loss,110,0.017480608075857162
GAS,BAD,UCB_WITHOUT_VAE_UNCERTAINTY,55,Cost loss,111,0.017239844426512718
GAS,BAD,UCB_WITHOUT_VAE_UNCERTAINTY,55,Cost loss,112,0.016347549855709076
GAS,BAD,UCB_WITHOUT_VAE_UNCERTAINTY,55,Cost loss,113,0.01510285958647728
GAS,BAD,UCB_WITHOUT_VAE_UNCERTAINTY,55,Cost loss,114,0.01413879543542862
GAS,BAD,UCB_WITHOUT_VAE_UNCERTAINTY,55,Cost loss,115,0.015105796046555042
GAS,BAD,UCB_WITHOUT_VAE_UNCERTAINTY,55,Cost loss,116,0.014025379903614521
GAS,BAD,UCB_WITHOUT_VAE_UNCERTAINTY,55,Cost loss,117,0.01239193044602871
GAS,BAD,UCB_WITHOUT_VAE_UNCERTAINTY,55,Cost loss,118,0.012301072478294373
GAS,BAD,UCB_WITHOUT_VAE_UNCERTAINTY,55,Cost loss,119,0.011545070447027683
GAS,BAD,UCB_WITHOUT_VAE_UNCERTAINTY,55,Cost loss,120,0.010957224294543266
GAS,BAD,UCB_WITHOUT_VAE_UNCERTAINTY,55,Cost loss,121,0.01134633831679821
GAS,BAD,UCB_WITHOUT_VAE_UNCERTAINTY,55,Cost loss,122,0.009040063247084618
GAS,BAD,UCB_WITHOUT_VAE_UNCERTAINTY,55,Cost loss,123,0.009478607214987278
GAS,BAD,UCB_WITHOUT_VAE_UNCERTAINTY,55,Cost loss,124,0.007128932513296604
GAS,BAD,UCB_WITHOUT_VAE_UNCERTAINTY,55,Cost loss,125,0.008344382047653198
GAS,BAD,UCB_WITHOUT_VAE_UNCERTAINTY,55,Cost loss,126,0.008362488821148872
GAS,BAD,UCB_WITHOUT_VAE_UNCERTAINTY,55,Cost loss,127,0.009040752425789833
GAS,BAD,UCB_WITHOUT_VAE_UNCERTAINTY,55,Cost loss,128,0.008940831758081913
GAS,BAD,UCB_WITHOUT_VAE_UNCERTAINTY,55,Cost loss,129,0.009305732324719429
GAS,BAD,UCB_WITHOUT_VAE_UNCERTAINTY,55,Cost loss,130,0.009508451446890831
GAS,BAD,UCB_WITHOUT_VAE_UNCERTAINTY,55,Cost loss,131,0.009878942742943764
GAS,BAD,UCB_WITHOUT_VAE_UNCERTAINTY,55,Cost loss,132,0.008810356259346008
GAS,BAD,UCB_WITHOUT_VAE_UNCERTAINTY,55,Cost loss,133,0.009435252286493778
GAS,BAD,UCB_WITHOUT_VAE_UNCERTAINTY,55,Cost loss,134,0.009851092472672462
GAS,BAD,UCB_WITHOUT_VAE_UNCERTAINTY,55,Cost loss,135,0.00945506151765585
GAS,BAD,UCB_WITHOUT_VAE_UNCERTAINTY,55,Cost loss,136,0.00927775725722313
GAS,BAD,UCB_WITHOUT_VAE_UNCERTAINTY,55,Cost loss,137,0.009813276119530201
GAS,BAD,UCB_WITHOUT_VAE_UNCERTAINTY,55,Cost loss,138,0.009861201047897339
GAS,BAD,UCB_WITHOUT_VAE_UNCERTAINTY,55,Cost loss,139,0.009022602811455727
GAS,BAD,UCB_WITHOUT_VAE_UNCERTAINTY,55,Cost loss,140,0.009695066139101982
GAS,BAD,UCB_WITHOUT_VAE_UNCERTAINTY,55,Cost loss,141,0.009969297796487808
GAS,BAD,UCB_WITHOUT_VAE_UNCERTAINTY,55,Cost loss,142,0.00968882068991661
GAS,BAD,UCB_WITHOUT_VAE_UNCERTAINTY,55,Cost loss,143,0.010266943834722042
GAS,BAD,UCB_WITHOUT_VAE_UNCERTAINTY,55,Cost loss,144,0.009961829520761967
GAS,BAD,UCB_WITHOUT_VAE_UNCERTAINTY,56,Q loss,0,0.011996042914688587
GAS,BAD,UCB_WITHOUT_VAE_UNCERTAINTY,56,Q loss,1,0.008446786552667618
GAS,BAD,UCB_WITHOUT_VAE_UNCERTAINTY,56,Q loss,2,0.009489545598626137
GAS,BAD,UCB_WITHOUT_VAE_UNCERTAINTY,56,Q loss,3,0.014021947979927063
GAS,BAD,UCB_WITHOUT_VAE_UNCERTAINTY,56,Q loss,4,0.013422248885035515
GAS,BAD,UCB_WITHOUT_VAE_UNCERTAINTY,56,Q loss,5,0.022655945271253586
GAS,BAD,UCB_WITHOUT_VAE_UNCERTAINTY,56,Q loss,6,0.00903729535639286
GAS,BAD,UCB_WITHOUT_VAE_UNCERTAINTY,56,Q loss,7,0.00899372436106205
GAS,BAD,UCB_WITHOUT_VAE_UNCERTAINTY,56,Q loss,8,0.013298272155225277
GAS,BAD,UCB_WITHOUT_VAE_UNCERTAINTY,56,Q loss,9,0.008733302354812622
GAS,BAD,UCB_WITHOUT_VAE_UNCERTAINTY,56,Q loss,10,0.022681137546896935
GAS,BAD,UCB_WITHOUT_VAE_UNCERTAINTY,56,Q loss,11,0.014403512701392174
GAS,BAD,UCB_WITHOUT_VAE_UNCERTAINTY,56,Q loss,12,0.017175879329442978
GAS,BAD,UCB_WITHOUT_VAE_UNCERTAINTY,56,Q loss,13,0.02132713980972767
GAS,BAD,UCB_WITHOUT_VAE_UNCERTAINTY,56,Q loss,14,0.0204114131629467
GAS,BAD,UCB_WITHOUT_VAE_UNCERTAINTY,56,Q loss,15,0.018597062677145004
GAS,BAD,UCB_WITHOUT_VAE_UNCERTAINTY,56,Q loss,16,0.023733772337436676
GAS,BAD,UCB_WITHOUT_VAE_UNCERTAINTY,56,Q loss,17,0.02050730772316456
GAS,BAD,UCB_WITHOUT_VAE_UNCERTAINTY,56,Q loss,18,0.018750431016087532
GAS,BAD,UCB_WITHOUT_VAE_UNCERTAINTY,56,Q loss,19,0.012538857758045197
GAS,BAD,UCB_WITHOUT_VAE_UNCERTAINTY,56,Q loss,20,0.015019676648080349
GAS,BAD,UCB_WITHOUT_VAE_UNCERTAINTY,56,Q loss,21,0.02246984839439392
GAS,BAD,UCB_WITHOUT_VAE_UNCERTAINTY,56,Q loss,22,0.02724515087902546
GAS,BAD,UCB_WITHOUT_VAE_UNCERTAINTY,56,Q loss,23,0.0339435338973999
GAS,BAD,UCB_WITHOUT_VAE_UNCERTAINTY,56,Q loss,24,0.012952892109751701
GAS,BAD,UCB_WITHOUT_VAE_UNCERTAINTY,56,Q loss,25,0.01551416888833046
GAS,BAD,UCB_WITHOUT_VAE_UNCERTAINTY,56,Q loss,26,0.017907673493027687
GAS,BAD,UCB_WITHOUT_VAE_UNCERTAINTY,56,Q loss,27,0.011193113401532173
GAS,BAD,UCB_WITHOUT_VAE_UNCERTAINTY,56,Q loss,28,0.026910489425063133
GAS,BAD,UCB_WITHOUT_VAE_UNCERTAINTY,56,Q loss,29,0.018709497526288033
GAS,BAD,UCB_WITHOUT_VAE_UNCERTAINTY,56,Q loss,30,0.018405307084321976
GAS,BAD,UCB_WITHOUT_VAE_UNCERTAINTY,56,Q loss,31,0.023276614025235176
GAS,BAD,UCB_WITHOUT_VAE_UNCERTAINTY,56,Q loss,32,0.017563994973897934
GAS,BAD,UCB_WITHOUT_VAE_UNCERTAINTY,56,Q loss,33,0.01518480759114027
GAS,BAD,UCB_WITHOUT_VAE_UNCERTAINTY,56,Q loss,34,0.02124926634132862
GAS,BAD,UCB_WITHOUT_VAE_UNCERTAINTY,56,Q loss,35,0.029833383858203888
GAS,BAD,UCB_WITHOUT_VAE_UNCERTAINTY,56,Q loss,36,0.026629863306879997
GAS,BAD,UCB_WITHOUT_VAE_UNCERTAINTY,56,Q loss,37,0.014076879248023033
GAS,BAD,UCB_WITHOUT_VAE_UNCERTAINTY,56,Q loss,38,0.01528166513890028
GAS,BAD,UCB_WITHOUT_VAE_UNCERTAINTY,56,Q loss,39,0.020561635494232178
GAS,BAD,UCB_WITHOUT_VAE_UNCERTAINTY,56,Q loss,40,0.01689082570374012
GAS,BAD,UCB_WITHOUT_VAE_UNCERTAINTY,56,Q loss,41,0.02319997549057007
GAS,BAD,UCB_WITHOUT_VAE_UNCERTAINTY,56,Q loss,42,0.012936107814311981
GAS,BAD,UCB_WITHOUT_VAE_UNCERTAINTY,56,Q loss,43,0.01419337373226881
GAS,BAD,UCB_WITHOUT_VAE_UNCERTAINTY,56,Q loss,44,0.015270554460585117
GAS,BAD,UCB_WITHOUT_VAE_UNCERTAINTY,56,Q loss,45,0.008796298876404762
GAS,BAD,UCB_WITHOUT_VAE_UNCERTAINTY,56,Q loss,46,0.02725321426987648
GAS,BAD,UCB_WITHOUT_VAE_UNCERTAINTY,56,Q loss,47,0.020134802907705307
GAS,BAD,UCB_WITHOUT_VAE_UNCERTAINTY,56,Q loss,48,0.019820429384708405
GAS,BAD,UCB_WITHOUT_VAE_UNCERTAINTY,56,Q loss,49,0.024365417659282684
GAS,BAD,UCB_WITHOUT_VAE_UNCERTAINTY,56,Q loss,50,0.020886912941932678
GAS,BAD,UCB_WITHOUT_VAE_UNCERTAINTY,56,Q loss,51,0.019343936815857887
GAS,BAD,UCB_WITHOUT_VAE_UNCERTAINTY,56,Q loss,52,0.021862100809812546
GAS,BAD,UCB_WITHOUT_VAE_UNCERTAINTY,56,Q loss,53,0.034538403153419495
GAS,BAD,UCB_WITHOUT_VAE_UNCERTAINTY,56,Q loss,54,0.016743388026952744
GAS,BAD,UCB_WITHOUT_VAE_UNCERTAINTY,56,Q loss,55,0.012418685480952263
GAS,BAD,UCB_WITHOUT_VAE_UNCERTAINTY,56,Q loss,56,0.01264975592494011
GAS,BAD,UCB_WITHOUT_VAE_UNCERTAINTY,56,Q loss,57,0.01555327232927084
GAS,BAD,UCB_WITHOUT_VAE_UNCERTAINTY,56,Q loss,58,0.011674325913190842
GAS,BAD,UCB_WITHOUT_VAE_UNCERTAINTY,56,Q loss,59,0.025019295513629913
GAS,BAD,UCB_WITHOUT_VAE_UNCERTAINTY,56,Q loss,60,0.013479240238666534
GAS,BAD,UCB_WITHOUT_VAE_UNCERTAINTY,56,Q loss,61,0.014305874705314636
GAS,BAD,UCB_WITHOUT_VAE_UNCERTAINTY,56,Q loss,62,0.011597711592912674
GAS,BAD,UCB_WITHOUT_VAE_UNCERTAINTY,56,Q loss,63,0.009143907576799393
GAS,BAD,UCB_WITHOUT_VAE_UNCERTAINTY,56,Q loss,64,0.01990838721394539
GAS,BAD,UCB_WITHOUT_VAE_UNCERTAINTY,56,Q loss,65,0.017104987055063248
GAS,BAD,UCB_WITHOUT_VAE_UNCERTAINTY,56,Q loss,66,0.014513584785163403
GAS,BAD,UCB_WITHOUT_VAE_UNCERTAINTY,56,Q loss,67,0.0251593180000782
GAS,BAD,UCB_WITHOUT_VAE_UNCERTAINTY,56,Q loss,68,0.016158273443579674
GAS,BAD,UCB_WITHOUT_VAE_UNCERTAINTY,56,Q loss,69,0.016171110793948174
GAS,BAD,UCB_WITHOUT_VAE_UNCERTAINTY,56,Q loss,70,0.019518671557307243
GAS,BAD,UCB_WITHOUT_VAE_UNCERTAINTY,56,Q loss,71,0.021038996055722237
GAS,BAD,UCB_WITHOUT_VAE_UNCERTAINTY,56,Q loss,72,0.014370989054441452
GAS,BAD,UCB_WITHOUT_VAE_UNCERTAINTY,56,Q loss,73,0.0107993483543396
GAS,BAD,UCB_WITHOUT_VAE_UNCERTAINTY,56,Q loss,74,0.01042758859694004
GAS,BAD,UCB_WITHOUT_VAE_UNCERTAINTY,56,Q loss,75,0.018209733068943024
GAS,BAD,UCB_WITHOUT_VAE_UNCERTAINTY,56,Q loss,76,0.008655918762087822
GAS,BAD,UCB_WITHOUT_VAE_UNCERTAINTY,56,Q loss,77,0.012284097261726856
GAS,BAD,UCB_WITHOUT_VAE_UNCERTAINTY,56,Q loss,78,0.015003628097474575
GAS,BAD,UCB_WITHOUT_VAE_UNCERTAINTY,56,Q loss,79,0.008263083174824715
GAS,BAD,UCB_WITHOUT_VAE_UNCERTAINTY,56,Q loss,80,0.01058434322476387
GAS,BAD,UCB_WITHOUT_VAE_UNCERTAINTY,56,Q loss,81,0.0057089258916676044
GAS,BAD,UCB_WITHOUT_VAE_UNCERTAINTY,56,Q loss,82,0.017301935702562332
GAS,BAD,UCB_WITHOUT_VAE_UNCERTAINTY,56,Q loss,83,0.01245584711432457
GAS,BAD,UCB_WITHOUT_VAE_UNCERTAINTY,56,Q loss,84,0.01257215067744255
GAS,BAD,UCB_WITHOUT_VAE_UNCERTAINTY,56,Q loss,85,0.018351126462221146
GAS,BAD,UCB_WITHOUT_VAE_UNCERTAINTY,56,Q loss,86,0.018403170630335808
GAS,BAD,UCB_WITHOUT_VAE_UNCERTAINTY,56,Q loss,87,0.018990274518728256
GAS,BAD,UCB_WITHOUT_VAE_UNCERTAINTY,56,Q loss,88,0.015107943676412106
GAS,BAD,UCB_WITHOUT_VAE_UNCERTAINTY,56,Q loss,89,0.03154313936829567
GAS,BAD,UCB_WITHOUT_VAE_UNCERTAINTY,56,Q loss,90,0.01794327236711979
GAS,BAD,UCB_WITHOUT_VAE_UNCERTAINTY,56,Q loss,91,0.006433558184653521
GAS,BAD,UCB_WITHOUT_VAE_UNCERTAINTY,56,Q loss,92,0.01209215447306633
GAS,BAD,UCB_WITHOUT_VAE_UNCERTAINTY,56,Q loss,93,0.015545716509222984
GAS,BAD,UCB_WITHOUT_VAE_UNCERTAINTY,56,Q loss,94,0.012509132735431194
GAS,BAD,UCB_WITHOUT_VAE_UNCERTAINTY,56,Q loss,95,0.014998745173215866
GAS,BAD,UCB_WITHOUT_VAE_UNCERTAINTY,56,Q loss,96,0.00957936979830265
GAS,BAD,UCB_WITHOUT_VAE_UNCERTAINTY,56,Q loss,97,0.006868986878544092
GAS,BAD,UCB_WITHOUT_VAE_UNCERTAINTY,56,Q loss,98,0.006392913870513439
GAS,BAD,UCB_WITHOUT_VAE_UNCERTAINTY,56,Q loss,99,0.0067793214693665504
GAS,BAD,UCB_WITHOUT_VAE_UNCERTAINTY,56,Q loss,100,0.010444730520248413
GAS,BAD,UCB_WITHOUT_VAE_UNCERTAINTY,56,Q loss,101,0.01063305139541626
GAS,BAD,UCB_WITHOUT_VAE_UNCERTAINTY,56,Q loss,102,0.00931064784526825
GAS,BAD,UCB_WITHOUT_VAE_UNCERTAINTY,56,Q loss,103,0.015440576709806919
GAS,BAD,UCB_WITHOUT_VAE_UNCERTAINTY,56,Q loss,104,0.01325898990035057
GAS,BAD,UCB_WITHOUT_VAE_UNCERTAINTY,56,Q loss,105,0.008247284218668938
GAS,BAD,UCB_WITHOUT_VAE_UNCERTAINTY,56,Q loss,106,0.014662238769233227
GAS,BAD,UCB_WITHOUT_VAE_UNCERTAINTY,56,Q loss,107,0.011820957064628601
GAS,BAD,UCB_WITHOUT_VAE_UNCERTAINTY,56,Q loss,108,0.010290641337633133
GAS,BAD,UCB_WITHOUT_VAE_UNCERTAINTY,56,Q loss,109,0.006353728473186493
GAS,BAD,UCB_WITHOUT_VAE_UNCERTAINTY,56,Q loss,110,0.008779086172580719
GAS,BAD,UCB_WITHOUT_VAE_UNCERTAINTY,56,Q loss,111,0.007163996808230877
GAS,BAD,UCB_WITHOUT_VAE_UNCERTAINTY,56,Q loss,112,0.006349531933665276
GAS,BAD,UCB_WITHOUT_VAE_UNCERTAINTY,56,Q loss,113,0.01470243465155363
GAS,BAD,UCB_WITHOUT_VAE_UNCERTAINTY,56,Q loss,114,0.007276508025825024
GAS,BAD,UCB_WITHOUT_VAE_UNCERTAINTY,56,Q loss,115,0.008724575862288475
GAS,BAD,UCB_WITHOUT_VAE_UNCERTAINTY,56,Q loss,116,0.005052823107689619
GAS,BAD,UCB_WITHOUT_VAE_UNCERTAINTY,56,Q loss,117,0.0038424041122198105
GAS,BAD,UCB_WITHOUT_VAE_UNCERTAINTY,56,Q loss,118,0.017276756465435028
GAS,BAD,UCB_WITHOUT_VAE_UNCERTAINTY,56,Q loss,119,0.006889222655445337
GAS,BAD,UCB_WITHOUT_VAE_UNCERTAINTY,56,Q loss,120,0.008869567885994911
GAS,BAD,UCB_WITHOUT_VAE_UNCERTAINTY,56,Q loss,121,0.012500153854489326
GAS,BAD,UCB_WITHOUT_VAE_UNCERTAINTY,56,Q loss,122,0.008138037286698818
GAS,BAD,UCB_WITHOUT_VAE_UNCERTAINTY,56,Q loss,123,0.007902592420578003
GAS,BAD,UCB_WITHOUT_VAE_UNCERTAINTY,56,Q loss,124,0.010835273191332817
GAS,BAD,UCB_WITHOUT_VAE_UNCERTAINTY,56,Q loss,125,0.011622226797044277
GAS,BAD,UCB_WITHOUT_VAE_UNCERTAINTY,56,Q loss,126,0.005519459955394268
GAS,BAD,UCB_WITHOUT_VAE_UNCERTAINTY,56,Q loss,127,0.004382009152323008
GAS,BAD,UCB_WITHOUT_VAE_UNCERTAINTY,56,Q loss,128,0.00597966555505991
GAS,BAD,UCB_WITHOUT_VAE_UNCERTAINTY,56,Q loss,129,0.00786109920591116
GAS,BAD,UCB_WITHOUT_VAE_UNCERTAINTY,56,Q loss,130,0.006529687903821468
GAS,BAD,UCB_WITHOUT_VAE_UNCERTAINTY,56,Q loss,131,0.011407067067921162
GAS,BAD,UCB_WITHOUT_VAE_UNCERTAINTY,56,Q loss,132,0.006353337783366442
GAS,BAD,UCB_WITHOUT_VAE_UNCERTAINTY,56,Q loss,133,0.005825350992381573
GAS,BAD,UCB_WITHOUT_VAE_UNCERTAINTY,56,Q loss,134,0.004929010756313801
GAS,BAD,UCB_WITHOUT_VAE_UNCERTAINTY,56,Q loss,135,0.00455895159393549
GAS,BAD,UCB_WITHOUT_VAE_UNCERTAINTY,56,Q loss,136,0.008414754644036293
GAS,BAD,UCB_WITHOUT_VAE_UNCERTAINTY,56,Q loss,137,0.009689688682556152
GAS,BAD,UCB_WITHOUT_VAE_UNCERTAINTY,56,Q loss,138,0.00922863744199276
GAS,BAD,UCB_WITHOUT_VAE_UNCERTAINTY,56,Q loss,139,0.006518435664474964
GAS,BAD,UCB_WITHOUT_VAE_UNCERTAINTY,56,Q loss,140,0.008850217796862125
GAS,BAD,UCB_WITHOUT_VAE_UNCERTAINTY,56,Q loss,141,0.008976367302238941
GAS,BAD,UCB_WITHOUT_VAE_UNCERTAINTY,56,Q loss,142,0.008776446804404259
GAS,BAD,UCB_WITHOUT_VAE_UNCERTAINTY,56,Q loss,143,0.01125993300229311
GAS,BAD,UCB_WITHOUT_VAE_UNCERTAINTY,56,Q loss,144,0.009558262303471565
GAS,BAD,UCB_WITHOUT_VAE_UNCERTAINTY,56,Q loss,145,0.003306505037471652
GAS,BAD,UCB_WITHOUT_VAE_UNCERTAINTY,56,Q loss,146,0.0032371210400015116
GAS,BAD,UCB_WITHOUT_VAE_UNCERTAINTY,56,Q loss,147,0.007495662197470665
GAS,BAD,UCB_WITHOUT_VAE_UNCERTAINTY,56,Q loss,148,0.006870820187032223
GAS,BAD,UCB_WITHOUT_VAE_UNCERTAINTY,56,Q loss,149,0.009181604720652103
GAS,BAD,UCB_WITHOUT_VAE_UNCERTAINTY,56,Q loss,150,0.007285126484930515
GAS,BAD,UCB_WITHOUT_VAE_UNCERTAINTY,56,Q loss,151,0.004047497641295195
GAS,BAD,UCB_WITHOUT_VAE_UNCERTAINTY,56,Q loss,152,0.0031695403158664703
GAS,BAD,UCB_WITHOUT_VAE_UNCERTAINTY,56,Q loss,153,0.004704105667769909
GAS,BAD,UCB_WITHOUT_VAE_UNCERTAINTY,56,Q loss,154,0.007794121280312538
GAS,BAD,UCB_WITHOUT_VAE_UNCERTAINTY,56,Q loss,155,0.005781260319054127
GAS,BAD,UCB_WITHOUT_VAE_UNCERTAINTY,56,Q loss,156,0.011558309197425842
GAS,BAD,UCB_WITHOUT_VAE_UNCERTAINTY,56,Q loss,157,0.010085155256092548
GAS,BAD,UCB_WITHOUT_VAE_UNCERTAINTY,56,Q loss,158,0.009262163192033768
GAS,BAD,UCB_WITHOUT_VAE_UNCERTAINTY,56,Q loss,159,0.005509179085493088
GAS,BAD,UCB_WITHOUT_VAE_UNCERTAINTY,56,Q loss,160,0.013744020834565163
GAS,BAD,UCB_WITHOUT_VAE_UNCERTAINTY,56,Q loss,161,0.012134340591728687
GAS,BAD,UCB_WITHOUT_VAE_UNCERTAINTY,56,Q loss,162,0.007581615820527077
GAS,BAD,UCB_WITHOUT_VAE_UNCERTAINTY,56,Q loss,163,0.0043388064950704575
GAS,BAD,UCB_WITHOUT_VAE_UNCERTAINTY,56,Q loss,164,0.0033173756673932076
GAS,BAD,UCB_WITHOUT_VAE_UNCERTAINTY,56,Q loss,165,0.006438989192247391
GAS,BAD,UCB_WITHOUT_VAE_UNCERTAINTY,56,Q loss,166,0.0072888643480837345
GAS,BAD,UCB_WITHOUT_VAE_UNCERTAINTY,56,Q loss,167,0.005540777929127216
GAS,BAD,UCB_WITHOUT_VAE_UNCERTAINTY,56,Q loss,168,0.007338992320001125
GAS,BAD,UCB_WITHOUT_VAE_UNCERTAINTY,56,Q loss,169,0.004840250127017498
GAS,BAD,UCB_WITHOUT_VAE_UNCERTAINTY,56,Q loss,170,0.004611394368112087
GAS,BAD,UCB_WITHOUT_VAE_UNCERTAINTY,56,Q loss,171,0.0032877835910767317
GAS,BAD,UCB_WITHOUT_VAE_UNCERTAINTY,56,Q loss,172,0.004278475418686867
GAS,BAD,UCB_WITHOUT_VAE_UNCERTAINTY,56,Q loss,173,0.009425930678844452
GAS,BAD,UCB_WITHOUT_VAE_UNCERTAINTY,56,Q loss,174,0.005627460777759552
GAS,BAD,UCB_WITHOUT_VAE_UNCERTAINTY,56,Q loss,175,0.008823204785585403
GAS,BAD,UCB_WITHOUT_VAE_UNCERTAINTY,56,Q loss,176,0.004001908004283905
GAS,BAD,UCB_WITHOUT_VAE_UNCERTAINTY,56,Q loss,177,0.008785383775830269
GAS,BAD,UCB_WITHOUT_VAE_UNCERTAINTY,56,Q loss,178,0.007863689213991165
GAS,BAD,UCB_WITHOUT_VAE_UNCERTAINTY,56,Q loss,179,0.008769715204834938
GAS,BAD,UCB_WITHOUT_VAE_UNCERTAINTY,56,Q loss,180,0.008306671865284443
GAS,BAD,UCB_WITHOUT_VAE_UNCERTAINTY,56,Q loss,181,0.0028827679343521595
GAS,BAD,UCB_WITHOUT_VAE_UNCERTAINTY,56,Q loss,182,0.0022242104168981314
GAS,BAD,UCB_WITHOUT_VAE_UNCERTAINTY,56,Q loss,183,0.00585990771651268
GAS,BAD,UCB_WITHOUT_VAE_UNCERTAINTY,56,Q loss,184,0.003490213770419359
GAS,BAD,UCB_WITHOUT_VAE_UNCERTAINTY,56,Q loss,185,0.005432618781924248
GAS,BAD,UCB_WITHOUT_VAE_UNCERTAINTY,56,Q loss,186,0.003648566547781229
GAS,BAD,UCB_WITHOUT_VAE_UNCERTAINTY,56,Q loss,187,0.0016517953481525183
GAS,BAD,UCB_WITHOUT_VAE_UNCERTAINTY,56,Q loss,188,0.0024670271668583155
GAS,BAD,UCB_WITHOUT_VAE_UNCERTAINTY,56,Q loss,189,0.004490644671022892
GAS,BAD,UCB_WITHOUT_VAE_UNCERTAINTY,56,Q loss,190,0.004661363549530506
GAS,BAD,UCB_WITHOUT_VAE_UNCERTAINTY,56,Q loss,191,0.0038011386059224606
GAS,BAD,UCB_WITHOUT_VAE_UNCERTAINTY,56,Q loss,192,0.0036726570688188076
GAS,BAD,UCB_WITHOUT_VAE_UNCERTAINTY,56,Q loss,193,0.010781611315906048
GAS,BAD,UCB_WITHOUT_VAE_UNCERTAINTY,56,Q loss,194,0.0031831362284719944
GAS,BAD,UCB_WITHOUT_VAE_UNCERTAINTY,56,Q loss,195,0.0035335305146872997
GAS,BAD,UCB_WITHOUT_VAE_UNCERTAINTY,56,Q loss,196,0.003911728039383888
GAS,BAD,UCB_WITHOUT_VAE_UNCERTAINTY,56,Q loss,197,0.005102960858494043
GAS,BAD,UCB_WITHOUT_VAE_UNCERTAINTY,56,Q loss,198,0.003468187293037772
GAS,BAD,UCB_WITHOUT_VAE_UNCERTAINTY,56,Q loss,199,0.0037156869657337666
GAS,BAD,UCB_WITHOUT_VAE_UNCERTAINTY,56,Q loss,200,0.004879193380475044
GAS,BAD,UCB_WITHOUT_VAE_UNCERTAINTY,56,Q loss,201,0.005896132439374924
GAS,BAD,UCB_WITHOUT_VAE_UNCERTAINTY,56,Q loss,202,0.003116789273917675
GAS,BAD,UCB_WITHOUT_VAE_UNCERTAINTY,56,Q loss,203,0.0043759653344750404
GAS,BAD,UCB_WITHOUT_VAE_UNCERTAINTY,56,Q loss,204,0.004409892484545708
GAS,BAD,UCB_WITHOUT_VAE_UNCERTAINTY,56,Q loss,205,0.004062247462570667
GAS,BAD,UCB_WITHOUT_VAE_UNCERTAINTY,56,Q loss,206,0.0025051336269825697
GAS,BAD,UCB_WITHOUT_VAE_UNCERTAINTY,56,Q loss,207,0.0012681045336648822
GAS,BAD,UCB_WITHOUT_VAE_UNCERTAINTY,56,Q loss,208,0.006759168114513159
GAS,BAD,UCB_WITHOUT_VAE_UNCERTAINTY,56,Q loss,209,0.002710899570956826
GAS,BAD,UCB_WITHOUT_VAE_UNCERTAINTY,56,Q loss,210,0.0020052078180015087
GAS,BAD,UCB_WITHOUT_VAE_UNCERTAINTY,56,Q loss,211,0.004529400262981653
GAS,BAD,UCB_WITHOUT_VAE_UNCERTAINTY,56,Q loss,212,0.004023098852485418
GAS,BAD,UCB_WITHOUT_VAE_UNCERTAINTY,56,Q loss,213,0.0054601882584393024
GAS,BAD,UCB_WITHOUT_VAE_UNCERTAINTY,56,Q loss,214,0.005696388892829418
GAS,BAD,UCB_WITHOUT_VAE_UNCERTAINTY,56,Q loss,215,0.015182852745056152
GAS,BAD,UCB_WITHOUT_VAE_UNCERTAINTY,56,Q loss,216,0.006330979987978935
GAS,BAD,UCB_WITHOUT_VAE_UNCERTAINTY,56,Q loss,217,0.0016633413033559918
GAS,BAD,UCB_WITHOUT_VAE_UNCERTAINTY,56,Q loss,218,0.0013928695116192102
GAS,BAD,UCB_WITHOUT_VAE_UNCERTAINTY,56,Q loss,219,0.001762330997735262
GAS,BAD,UCB_WITHOUT_VAE_UNCERTAINTY,56,Q loss,220,0.0031250205356627703
GAS,BAD,UCB_WITHOUT_VAE_UNCERTAINTY,56,Q loss,221,0.00609971210360527
GAS,BAD,UCB_WITHOUT_VAE_UNCERTAINTY,56,Q loss,222,0.002685872372239828
GAS,BAD,UCB_WITHOUT_VAE_UNCERTAINTY,56,Q loss,223,0.0023827666882425547
GAS,BAD,UCB_WITHOUT_VAE_UNCERTAINTY,56,Q loss,224,0.0018036682158708572
GAS,BAD,UCB_WITHOUT_VAE_UNCERTAINTY,56,Q loss,225,0.0009157418389804661
GAS,BAD,UCB_WITHOUT_VAE_UNCERTAINTY,56,Q loss,226,0.0025625652633607388
GAS,BAD,UCB_WITHOUT_VAE_UNCERTAINTY,56,Q loss,227,0.004032510332763195
GAS,BAD,UCB_WITHOUT_VAE_UNCERTAINTY,56,Q loss,228,0.0033768569119274616
GAS,BAD,UCB_WITHOUT_VAE_UNCERTAINTY,56,Q loss,229,0.003077662782743573
GAS,BAD,UCB_WITHOUT_VAE_UNCERTAINTY,56,Q loss,230,0.0038944322150200605
GAS,BAD,UCB_WITHOUT_VAE_UNCERTAINTY,56,Q loss,231,0.002351721515879035
GAS,BAD,UCB_WITHOUT_VAE_UNCERTAINTY,56,Q loss,232,0.0032787909731268883
GAS,BAD,UCB_WITHOUT_VAE_UNCERTAINTY,56,Q loss,233,0.004013066180050373
GAS,BAD,UCB_WITHOUT_VAE_UNCERTAINTY,56,Q loss,234,0.003466384019702673
GAS,BAD,UCB_WITHOUT_VAE_UNCERTAINTY,56,Q loss,235,0.001345616183243692
GAS,BAD,UCB_WITHOUT_VAE_UNCERTAINTY,56,Q loss,236,0.0014942956622689962
GAS,BAD,UCB_WITHOUT_VAE_UNCERTAINTY,56,Q loss,237,0.003616028930991888
GAS,BAD,UCB_WITHOUT_VAE_UNCERTAINTY,56,Q loss,238,0.001752197276800871
GAS,BAD,UCB_WITHOUT_VAE_UNCERTAINTY,56,Q loss,239,0.004958915989845991
GAS,BAD,UCB_WITHOUT_VAE_UNCERTAINTY,56,Q loss,240,0.0031022299081087112
GAS,BAD,UCB_WITHOUT_VAE_UNCERTAINTY,56,Q loss,241,0.0012036599218845367
GAS,BAD,UCB_WITHOUT_VAE_UNCERTAINTY,56,Q loss,242,0.001521797152236104
GAS,BAD,UCB_WITHOUT_VAE_UNCERTAINTY,56,Q loss,243,0.0010716840624809265
GAS,BAD,UCB_WITHOUT_VAE_UNCERTAINTY,56,Q loss,244,0.003172986675053835
GAS,BAD,UCB_WITHOUT_VAE_UNCERTAINTY,56,Q loss,245,0.0013355817645788193
GAS,BAD,UCB_WITHOUT_VAE_UNCERTAINTY,56,Q loss,246,0.0032906904816627502
GAS,BAD,UCB_WITHOUT_VAE_UNCERTAINTY,56,Q loss,247,0.004787554498761892
GAS,BAD,UCB_WITHOUT_VAE_UNCERTAINTY,56,Q loss,248,0.0008823446114547551
GAS,BAD,UCB_WITHOUT_VAE_UNCERTAINTY,56,Q loss,249,0.0037821000441908836
GAS,BAD,UCB_WITHOUT_VAE_UNCERTAINTY,56,Q loss,250,0.005381444469094276
GAS,BAD,UCB_WITHOUT_VAE_UNCERTAINTY,56,Q loss,251,0.0025265919975936413
GAS,BAD,UCB_WITHOUT_VAE_UNCERTAINTY,56,Q loss,252,0.002777094254270196
GAS,BAD,UCB_WITHOUT_VAE_UNCERTAINTY,56,Q loss,253,0.0012068061623722315
GAS,BAD,UCB_WITHOUT_VAE_UNCERTAINTY,56,Q loss,254,0.0012242395896464586
GAS,BAD,UCB_WITHOUT_VAE_UNCERTAINTY,56,Q loss,255,0.003938398789614439
GAS,BAD,UCB_WITHOUT_VAE_UNCERTAINTY,56,Q loss,256,0.002035704907029867
GAS,BAD,UCB_WITHOUT_VAE_UNCERTAINTY,56,Q loss,257,0.0024840934202075005
GAS,BAD,UCB_WITHOUT_VAE_UNCERTAINTY,56,Q loss,258,0.0017123809084296227
GAS,BAD,UCB_WITHOUT_VAE_UNCERTAINTY,56,Q loss,259,0.0017762193456292152
GAS,BAD,UCB_WITHOUT_VAE_UNCERTAINTY,56,Q loss,260,0.001834894996136427
GAS,BAD,UCB_WITHOUT_VAE_UNCERTAINTY,56,Q loss,261,0.0007636456284672022
GAS,BAD,UCB_WITHOUT_VAE_UNCERTAINTY,56,Q loss,262,0.00433581555262208
GAS,BAD,UCB_WITHOUT_VAE_UNCERTAINTY,56,Q loss,263,0.001713023753836751
GAS,BAD,UCB_WITHOUT_VAE_UNCERTAINTY,56,Q loss,264,0.0019563527312129736
GAS,BAD,UCB_WITHOUT_VAE_UNCERTAINTY,56,Q loss,265,0.005608057603240013
GAS,BAD,UCB_WITHOUT_VAE_UNCERTAINTY,56,Q loss,266,0.0010645046131685376
GAS,BAD,UCB_WITHOUT_VAE_UNCERTAINTY,56,Q loss,267,0.0024186696391552687
GAS,BAD,UCB_WITHOUT_VAE_UNCERTAINTY,56,Q loss,268,0.0039060800336301327
GAS,BAD,UCB_WITHOUT_VAE_UNCERTAINTY,56,Q loss,269,0.005648019257932901
GAS,BAD,UCB_WITHOUT_VAE_UNCERTAINTY,56,Q loss,270,0.003714121412485838
GAS,BAD,UCB_WITHOUT_VAE_UNCERTAINTY,56,Q loss,271,0.0011187555501237512
GAS,BAD,UCB_WITHOUT_VAE_UNCERTAINTY,56,Q loss,272,0.0014187784399837255
GAS,BAD,UCB_WITHOUT_VAE_UNCERTAINTY,56,Q loss,273,0.0011710161343216896
GAS,BAD,UCB_WITHOUT_VAE_UNCERTAINTY,56,Q loss,274,0.0010085743851959705
GAS,BAD,UCB_WITHOUT_VAE_UNCERTAINTY,56,Q loss,275,0.0035431846044957638
GAS,BAD,UCB_WITHOUT_VAE_UNCERTAINTY,56,Q loss,276,0.0011646959464997053
GAS,BAD,UCB_WITHOUT_VAE_UNCERTAINTY,56,Q loss,277,0.0011157954577356577
GAS,BAD,UCB_WITHOUT_VAE_UNCERTAINTY,56,Q loss,278,0.0006830859347246587
GAS,BAD,UCB_WITHOUT_VAE_UNCERTAINTY,56,Q loss,279,0.0013050049310550094
GAS,BAD,UCB_WITHOUT_VAE_UNCERTAINTY,56,Q loss,280,0.005596942733973265
GAS,BAD,UCB_WITHOUT_VAE_UNCERTAINTY,56,Q loss,281,0.002177666639909148
GAS,BAD,UCB_WITHOUT_VAE_UNCERTAINTY,56,Q loss,282,0.0010390507522970438
GAS,BAD,UCB_WITHOUT_VAE_UNCERTAINTY,56,Q loss,283,0.0018478094134479761
GAS,BAD,UCB_WITHOUT_VAE_UNCERTAINTY,56,Q loss,284,0.0005357588524930179
GAS,BAD,UCB_WITHOUT_VAE_UNCERTAINTY,56,Q loss,285,0.0011573202209547162
GAS,BAD,UCB_WITHOUT_VAE_UNCERTAINTY,56,Q loss,286,0.004973830655217171
GAS,BAD,UCB_WITHOUT_VAE_UNCERTAINTY,56,Q loss,287,0.005813430529087782
GAS,BAD,UCB_WITHOUT_VAE_UNCERTAINTY,56,Q loss,288,0.0024988448712974787
GAS,BAD,UCB_WITHOUT_VAE_UNCERTAINTY,56,Q loss,289,0.0012748289154842496
GAS,BAD,UCB_WITHOUT_VAE_UNCERTAINTY,56,Q loss,290,0.0016425901558250189
GAS,BAD,UCB_WITHOUT_VAE_UNCERTAINTY,56,Q loss,291,0.0011088951723650098
GAS,BAD,UCB_WITHOUT_VAE_UNCERTAINTY,56,Q loss,292,0.0018351995386183262
GAS,BAD,UCB_WITHOUT_VAE_UNCERTAINTY,56,Q loss,293,0.0024641891941428185
GAS,BAD,UCB_WITHOUT_VAE_UNCERTAINTY,56,Q loss,294,0.0020422814413905144
GAS,BAD,UCB_WITHOUT_VAE_UNCERTAINTY,56,Q loss,295,0.0025879708118736744
GAS,BAD,UCB_WITHOUT_VAE_UNCERTAINTY,56,Q loss,296,0.0013702260330319405
GAS,BAD,UCB_WITHOUT_VAE_UNCERTAINTY,56,Q loss,297,0.001220333157107234
GAS,BAD,UCB_WITHOUT_VAE_UNCERTAINTY,56,Q loss,298,0.0017036101780831814
GAS,BAD,UCB_WITHOUT_VAE_UNCERTAINTY,56,Q loss,299,0.0020699386950582266
GAS,BAD,UCB_WITHOUT_VAE_UNCERTAINTY,56,Q loss,300,0.0037477193400263786
GAS,BAD,UCB_WITHOUT_VAE_UNCERTAINTY,56,Q loss,301,0.005150324665009975
GAS,BAD,UCB_WITHOUT_VAE_UNCERTAINTY,56,Q loss,302,0.0016843006014823914
GAS,BAD,UCB_WITHOUT_VAE_UNCERTAINTY,56,Q loss,303,0.002473052591085434
GAS,BAD,UCB_WITHOUT_VAE_UNCERTAINTY,56,Q loss,304,0.00350715359672904
GAS,BAD,UCB_WITHOUT_VAE_UNCERTAINTY,56,Q loss,305,0.003155873855575919
GAS,BAD,UCB_WITHOUT_VAE_UNCERTAINTY,56,Q loss,306,0.00476193567737937
GAS,BAD,UCB_WITHOUT_VAE_UNCERTAINTY,56,Q loss,307,0.002312207128852606
GAS,BAD,UCB_WITHOUT_VAE_UNCERTAINTY,56,Q loss,308,0.002711326815187931
GAS,BAD,UCB_WITHOUT_VAE_UNCERTAINTY,56,Q loss,309,0.0037059984169900417
GAS,BAD,UCB_WITHOUT_VAE_UNCERTAINTY,56,Q loss,310,0.0015583334024995565
GAS,BAD,UCB_WITHOUT_VAE_UNCERTAINTY,56,Q loss,311,0.002665527630597353
GAS,BAD,UCB_WITHOUT_VAE_UNCERTAINTY,56,Q loss,312,0.0020168176852166653
GAS,BAD,UCB_WITHOUT_VAE_UNCERTAINTY,56,Q loss,313,0.0013149252627044916
GAS,BAD,UCB_WITHOUT_VAE_UNCERTAINTY,56,Q loss,314,0.0011164501775056124
GAS,BAD,UCB_WITHOUT_VAE_UNCERTAINTY,56,Q loss,315,0.0016648315358906984
GAS,BAD,UCB_WITHOUT_VAE_UNCERTAINTY,56,Q loss,316,0.0024802489206194878
GAS,BAD,UCB_WITHOUT_VAE_UNCERTAINTY,56,Q loss,317,0.002067016903311014
GAS,BAD,UCB_WITHOUT_VAE_UNCERTAINTY,56,Q loss,318,0.0036362111568450928
GAS,BAD,UCB_WITHOUT_VAE_UNCERTAINTY,56,Q loss,319,0.004464678466320038
GAS,BAD,UCB_WITHOUT_VAE_UNCERTAINTY,56,Q loss,320,0.0026969590689986944
GAS,BAD,UCB_WITHOUT_VAE_UNCERTAINTY,56,Q loss,321,0.0014679634477943182
GAS,BAD,UCB_WITHOUT_VAE_UNCERTAINTY,56,Q loss,322,0.004604084882885218
GAS,BAD,UCB_WITHOUT_VAE_UNCERTAINTY,56,Q loss,323,0.0056884391233325005
GAS,BAD,UCB_WITHOUT_VAE_UNCERTAINTY,56,Q loss,324,0.0054352423176169395
GAS,BAD,UCB_WITHOUT_VAE_UNCERTAINTY,56,Q loss,325,0.0016944454982876778
GAS,BAD,UCB_WITHOUT_VAE_UNCERTAINTY,56,Q loss,326,0.0015750627499073744
GAS,BAD,UCB_WITHOUT_VAE_UNCERTAINTY,56,Q loss,327,0.0013447387609630823
GAS,BAD,UCB_WITHOUT_VAE_UNCERTAINTY,56,Q loss,328,0.0018189761321991682
GAS,BAD,UCB_WITHOUT_VAE_UNCERTAINTY,56,Q loss,329,0.0033992696553468704
GAS,BAD,UCB_WITHOUT_VAE_UNCERTAINTY,56,Q loss,330,0.002736711874604225
GAS,BAD,UCB_WITHOUT_VAE_UNCERTAINTY,56,Q loss,331,0.0033944137394428253
GAS,BAD,UCB_WITHOUT_VAE_UNCERTAINTY,56,Q loss,332,0.0018261068034917116
GAS,BAD,UCB_WITHOUT_VAE_UNCERTAINTY,56,Q loss,333,0.0015866770409047604
GAS,BAD,UCB_WITHOUT_VAE_UNCERTAINTY,56,Q loss,334,0.0014840634539723396
GAS,BAD,UCB_WITHOUT_VAE_UNCERTAINTY,56,Q loss,335,0.003665287047624588
GAS,BAD,UCB_WITHOUT_VAE_UNCERTAINTY,56,Q loss,336,0.001813619863241911
GAS,BAD,UCB_WITHOUT_VAE_UNCERTAINTY,56,Q loss,337,0.0018256630282849073
GAS,BAD,UCB_WITHOUT_VAE_UNCERTAINTY,56,Q loss,338,0.0011090972693637013
GAS,BAD,UCB_WITHOUT_VAE_UNCERTAINTY,56,Q loss,339,0.0032146123703569174
GAS,BAD,UCB_WITHOUT_VAE_UNCERTAINTY,56,Q loss,340,0.0018275901675224304
GAS,BAD,UCB_WITHOUT_VAE_UNCERTAINTY,56,Q loss,341,0.0037693027406930923
GAS,BAD,UCB_WITHOUT_VAE_UNCERTAINTY,56,Q loss,342,0.00397898256778717
GAS,BAD,UCB_WITHOUT_VAE_UNCERTAINTY,56,Q loss,343,0.0015671905130147934
GAS,BAD,UCB_WITHOUT_VAE_UNCERTAINTY,56,Q loss,344,0.0012408599723130465
GAS,BAD,UCB_WITHOUT_VAE_UNCERTAINTY,56,Q loss,345,0.0011457098880782723
GAS,BAD,UCB_WITHOUT_VAE_UNCERTAINTY,56,Q loss,346,0.00222012703306973
GAS,BAD,UCB_WITHOUT_VAE_UNCERTAINTY,56,Q loss,347,0.002775463741272688
GAS,BAD,UCB_WITHOUT_VAE_UNCERTAINTY,56,Q loss,348,0.002263280563056469
GAS,BAD,UCB_WITHOUT_VAE_UNCERTAINTY,56,Q loss,349,0.0014228372601792216
GAS,BAD,UCB_WITHOUT_VAE_UNCERTAINTY,56,Q loss,350,0.0006206010584719479
GAS,BAD,UCB_WITHOUT_VAE_UNCERTAINTY,56,Q loss,351,0.0014023355906829238
GAS,BAD,UCB_WITHOUT_VAE_UNCERTAINTY,56,Q loss,352,0.0020248237997293472
GAS,BAD,UCB_WITHOUT_VAE_UNCERTAINTY,56,Q loss,353,0.0023810386192053556
GAS,BAD,UCB_WITHOUT_VAE_UNCERTAINTY,56,Q loss,354,0.0017922811675816774
GAS,BAD,UCB_WITHOUT_VAE_UNCERTAINTY,56,Q loss,355,0.0022891596890985966
GAS,BAD,UCB_WITHOUT_VAE_UNCERTAINTY,56,Q loss,356,0.0012803913559764624
GAS,BAD,UCB_WITHOUT_VAE_UNCERTAINTY,56,Q loss,357,0.0015270932344719768
GAS,BAD,UCB_WITHOUT_VAE_UNCERTAINTY,56,Q loss,358,0.001823107828386128
GAS,BAD,UCB_WITHOUT_VAE_UNCERTAINTY,56,Q loss,359,0.004927152302116156
GAS,BAD,UCB_WITHOUT_VAE_UNCERTAINTY,56,Q loss,360,0.0026524034328758717
GAS,BAD,UCB_WITHOUT_VAE_UNCERTAINTY,56,Q loss,361,0.0007642387063242495
GAS,BAD,UCB_WITHOUT_VAE_UNCERTAINTY,56,Q loss,362,0.00048807545681484044
GAS,BAD,UCB_WITHOUT_VAE_UNCERTAINTY,56,Q loss,363,0.0015751230530440807
GAS,BAD,UCB_WITHOUT_VAE_UNCERTAINTY,56,Q loss,364,0.0010605240240693092
GAS,BAD,UCB_WITHOUT_VAE_UNCERTAINTY,56,Q loss,365,0.0022967106197029352
GAS,BAD,UCB_WITHOUT_VAE_UNCERTAINTY,56,Q loss,366,0.003765498986467719
GAS,BAD,UCB_WITHOUT_VAE_UNCERTAINTY,56,Q loss,367,0.001339272246696055
GAS,BAD,UCB_WITHOUT_VAE_UNCERTAINTY,56,Q loss,368,0.0006494391709566116
GAS,BAD,UCB_WITHOUT_VAE_UNCERTAINTY,56,Q loss,369,0.0016908333636820316
GAS,BAD,UCB_WITHOUT_VAE_UNCERTAINTY,56,Q loss,370,0.0033501568250358105
GAS,BAD,UCB_WITHOUT_VAE_UNCERTAINTY,56,Q loss,371,0.00206266762688756
GAS,BAD,UCB_WITHOUT_VAE_UNCERTAINTY,56,Q loss,372,0.002189382677897811
GAS,BAD,UCB_WITHOUT_VAE_UNCERTAINTY,56,Q loss,373,0.005101640708744526
GAS,BAD,UCB_WITHOUT_VAE_UNCERTAINTY,56,Q loss,374,0.001180628314614296
GAS,BAD,UCB_WITHOUT_VAE_UNCERTAINTY,56,Q loss,375,0.0017814155435189605
GAS,BAD,UCB_WITHOUT_VAE_UNCERTAINTY,56,Q loss,376,0.00558931939303875
GAS,BAD,UCB_WITHOUT_VAE_UNCERTAINTY,56,Q loss,377,0.0027288987766951323
GAS,BAD,UCB_WITHOUT_VAE_UNCERTAINTY,56,Q loss,378,0.0023763980716466904
GAS,BAD,UCB_WITHOUT_VAE_UNCERTAINTY,56,Q loss,379,0.0011380196083337069
GAS,BAD,UCB_WITHOUT_VAE_UNCERTAINTY,56,Q loss,380,0.0033912956714630127
GAS,BAD,UCB_WITHOUT_VAE_UNCERTAINTY,56,Q loss,381,0.0017429378349334002
GAS,BAD,UCB_WITHOUT_VAE_UNCERTAINTY,56,Q loss,382,0.0011097018141299486
GAS,BAD,UCB_WITHOUT_VAE_UNCERTAINTY,56,Q loss,383,0.00458092987537384
GAS,BAD,UCB_WITHOUT_VAE_UNCERTAINTY,56,Q loss,384,0.0025636896025389433
GAS,BAD,UCB_WITHOUT_VAE_UNCERTAINTY,56,Q loss,385,0.0010681096464395523
GAS,BAD,UCB_WITHOUT_VAE_UNCERTAINTY,56,Q loss,386,0.001145997317507863
GAS,BAD,UCB_WITHOUT_VAE_UNCERTAINTY,56,Q loss,387,0.0020711449906229973
GAS,BAD,UCB_WITHOUT_VAE_UNCERTAINTY,56,Q loss,388,0.0009497024584561586
GAS,BAD,UCB_WITHOUT_VAE_UNCERTAINTY,56,Q loss,389,0.0014440984232351184
GAS,BAD,UCB_WITHOUT_VAE_UNCERTAINTY,56,Q loss,390,0.0014746295055374503
GAS,BAD,UCB_WITHOUT_VAE_UNCERTAINTY,56,Q loss,391,0.0029489886946976185
GAS,BAD,UCB_WITHOUT_VAE_UNCERTAINTY,56,Q loss,392,0.0019892940763384104
GAS,BAD,UCB_WITHOUT_VAE_UNCERTAINTY,56,Q loss,393,0.00249145133420825
GAS,BAD,UCB_WITHOUT_VAE_UNCERTAINTY,56,Q loss,394,0.002321940613910556
GAS,BAD,UCB_WITHOUT_VAE_UNCERTAINTY,56,Q loss,395,0.0021886166650801897
GAS,BAD,UCB_WITHOUT_VAE_UNCERTAINTY,56,Q loss,396,0.0026748930104076862
GAS,BAD,UCB_WITHOUT_VAE_UNCERTAINTY,56,Q loss,397,0.0008011573227122426
GAS,BAD,UCB_WITHOUT_VAE_UNCERTAINTY,56,Q loss,398,0.0005674627609550953
GAS,BAD,UCB_WITHOUT_VAE_UNCERTAINTY,56,Q loss,399,0.002213843399658799
GAS,BAD,UCB_WITHOUT_VAE_UNCERTAINTY,56,Q loss,400,0.000952756148763001
GAS,BAD,UCB_WITHOUT_VAE_UNCERTAINTY,56,Q loss,401,0.003374506253749132
GAS,BAD,UCB_WITHOUT_VAE_UNCERTAINTY,56,Q loss,402,0.002180139534175396
GAS,BAD,UCB_WITHOUT_VAE_UNCERTAINTY,56,Q loss,403,0.0015792043413966894
GAS,BAD,UCB_WITHOUT_VAE_UNCERTAINTY,56,Q loss,404,0.0009725185227580369
GAS,BAD,UCB_WITHOUT_VAE_UNCERTAINTY,56,Q loss,405,0.0026225363835692406
GAS,BAD,UCB_WITHOUT_VAE_UNCERTAINTY,56,Q loss,406,0.0047934092581272125
GAS,BAD,UCB_WITHOUT_VAE_UNCERTAINTY,56,Q loss,407,0.0016139857470989227
GAS,BAD,UCB_WITHOUT_VAE_UNCERTAINTY,56,Q loss,408,0.0017273288685828447
GAS,BAD,UCB_WITHOUT_VAE_UNCERTAINTY,56,Q loss,409,0.003708595409989357
GAS,BAD,UCB_WITHOUT_VAE_UNCERTAINTY,56,Q loss,410,0.0014111443888396025
GAS,BAD,UCB_WITHOUT_VAE_UNCERTAINTY,56,Q loss,411,0.0028890534304082394
GAS,BAD,UCB_WITHOUT_VAE_UNCERTAINTY,56,Q loss,412,0.0023223483003675938
GAS,BAD,UCB_WITHOUT_VAE_UNCERTAINTY,56,Q loss,413,0.00236496701836586
GAS,BAD,UCB_WITHOUT_VAE_UNCERTAINTY,56,Q loss,414,0.004059001337736845
GAS,BAD,UCB_WITHOUT_VAE_UNCERTAINTY,56,Q loss,415,0.0008361823274753988
GAS,BAD,UCB_WITHOUT_VAE_UNCERTAINTY,56,Q loss,416,0.0007006878731772304
GAS,BAD,UCB_WITHOUT_VAE_UNCERTAINTY,56,Q loss,417,0.002595630008727312
GAS,BAD,UCB_WITHOUT_VAE_UNCERTAINTY,56,Q loss,418,0.0021087711211293936
GAS,BAD,UCB_WITHOUT_VAE_UNCERTAINTY,56,Q loss,419,0.005240864120423794
GAS,BAD,UCB_WITHOUT_VAE_UNCERTAINTY,56,Q loss,420,0.0012657884508371353
GAS,BAD,UCB_WITHOUT_VAE_UNCERTAINTY,56,Q loss,421,0.0018371094483882189
GAS,BAD,UCB_WITHOUT_VAE_UNCERTAINTY,56,Q loss,422,0.0023640086874365807
GAS,BAD,UCB_WITHOUT_VAE_UNCERTAINTY,56,Q loss,423,0.00108648044988513
GAS,BAD,UCB_WITHOUT_VAE_UNCERTAINTY,56,Q loss,424,0.003988270182162523
GAS,BAD,UCB_WITHOUT_VAE_UNCERTAINTY,56,Q loss,425,0.004382218234241009
GAS,BAD,UCB_WITHOUT_VAE_UNCERTAINTY,56,Q loss,426,0.0030043073929846287
GAS,BAD,UCB_WITHOUT_VAE_UNCERTAINTY,56,Q loss,427,0.005374610889703035
GAS,BAD,UCB_WITHOUT_VAE_UNCERTAINTY,56,Q loss,428,0.003060061950236559
GAS,BAD,UCB_WITHOUT_VAE_UNCERTAINTY,56,Q loss,429,0.0023837622720748186
GAS,BAD,UCB_WITHOUT_VAE_UNCERTAINTY,56,Q loss,430,0.00225669052451849
GAS,BAD,UCB_WITHOUT_VAE_UNCERTAINTY,56,Q loss,431,0.001706302398815751
GAS,BAD,UCB_WITHOUT_VAE_UNCERTAINTY,56,Q loss,432,0.0016975286416709423
GAS,BAD,UCB_WITHOUT_VAE_UNCERTAINTY,56,Q loss,433,0.0005732568097300828
GAS,BAD,UCB_WITHOUT_VAE_UNCERTAINTY,56,Q loss,434,0.0007578246877528727
GAS,BAD,UCB_WITHOUT_VAE_UNCERTAINTY,56,Q loss,435,0.00246366485953331
GAS,BAD,UCB_WITHOUT_VAE_UNCERTAINTY,56,Q loss,436,0.0019687770400196314
GAS,BAD,UCB_WITHOUT_VAE_UNCERTAINTY,56,Q loss,437,0.004783737473189831
GAS,BAD,UCB_WITHOUT_VAE_UNCERTAINTY,56,Q loss,438,0.000861231004819274
GAS,BAD,UCB_WITHOUT_VAE_UNCERTAINTY,56,Q loss,439,0.0020854610484093428
GAS,BAD,UCB_WITHOUT_VAE_UNCERTAINTY,56,Q loss,440,0.0023918701335787773
GAS,BAD,UCB_WITHOUT_VAE_UNCERTAINTY,56,Q loss,441,0.000815026753116399
GAS,BAD,UCB_WITHOUT_VAE_UNCERTAINTY,56,Q loss,442,0.0020519322715699673
GAS,BAD,UCB_WITHOUT_VAE_UNCERTAINTY,56,Q loss,443,0.002511377213522792
GAS,BAD,UCB_WITHOUT_VAE_UNCERTAINTY,56,Q loss,444,0.0026133605279028416
GAS,BAD,UCB_WITHOUT_VAE_UNCERTAINTY,56,Q loss,445,0.0006863207672722638
GAS,BAD,UCB_WITHOUT_VAE_UNCERTAINTY,56,Q loss,446,0.0010928167030215263
GAS,BAD,UCB_WITHOUT_VAE_UNCERTAINTY,56,Q loss,447,0.0028730144258588552
GAS,BAD,UCB_WITHOUT_VAE_UNCERTAINTY,56,Q loss,448,0.0037295427173376083
GAS,BAD,UCB_WITHOUT_VAE_UNCERTAINTY,56,Q loss,449,0.002335759811103344
GAS,BAD,UCB_WITHOUT_VAE_UNCERTAINTY,56,Q loss,450,0.0035669771023094654
GAS,BAD,UCB_WITHOUT_VAE_UNCERTAINTY,56,Q loss,451,0.0006704358384013176
GAS,BAD,UCB_WITHOUT_VAE_UNCERTAINTY,56,Q loss,452,0.003284887643530965
GAS,BAD,UCB_WITHOUT_VAE_UNCERTAINTY,56,Q loss,453,0.0022621273528784513
GAS,BAD,UCB_WITHOUT_VAE_UNCERTAINTY,56,Q loss,454,0.0014414498582482338
GAS,BAD,UCB_WITHOUT_VAE_UNCERTAINTY,56,Q loss,455,0.0032339408062398434
GAS,BAD,UCB_WITHOUT_VAE_UNCERTAINTY,56,Q loss,456,0.0031240959651768208
GAS,BAD,UCB_WITHOUT_VAE_UNCERTAINTY,56,Q loss,457,0.0012449109926819801
GAS,BAD,UCB_WITHOUT_VAE_UNCERTAINTY,56,Q loss,458,0.001334307249635458
GAS,BAD,UCB_WITHOUT_VAE_UNCERTAINTY,56,Q loss,459,0.0009734546765685081
GAS,BAD,UCB_WITHOUT_VAE_UNCERTAINTY,56,Q loss,460,0.003857429139316082
GAS,BAD,UCB_WITHOUT_VAE_UNCERTAINTY,56,Q loss,461,0.001668731216341257
GAS,BAD,UCB_WITHOUT_VAE_UNCERTAINTY,56,Q loss,462,0.00046345568262040615
GAS,BAD,UCB_WITHOUT_VAE_UNCERTAINTY,56,Q loss,463,0.0020541890989989042
GAS,BAD,UCB_WITHOUT_VAE_UNCERTAINTY,56,Q loss,464,0.0020250771194696426
GAS,BAD,UCB_WITHOUT_VAE_UNCERTAINTY,56,Q loss,465,0.0027103954926133156
GAS,BAD,UCB_WITHOUT_VAE_UNCERTAINTY,56,Q loss,466,0.0011358989868313074
GAS,BAD,UCB_WITHOUT_VAE_UNCERTAINTY,56,Q loss,467,0.003992769867181778
GAS,BAD,UCB_WITHOUT_VAE_UNCERTAINTY,56,Q loss,468,0.0012911839876323938
GAS,BAD,UCB_WITHOUT_VAE_UNCERTAINTY,56,Q loss,469,0.0010667170863598585
GAS,BAD,UCB_WITHOUT_VAE_UNCERTAINTY,56,Q loss,470,0.0026685178745537996
GAS,BAD,UCB_WITHOUT_VAE_UNCERTAINTY,56,Q loss,471,0.0011126573663204908
GAS,BAD,UCB_WITHOUT_VAE_UNCERTAINTY,56,Q loss,472,0.0028014048002660275
GAS,BAD,UCB_WITHOUT_VAE_UNCERTAINTY,56,Q loss,473,0.0011385915568098426
GAS,BAD,UCB_WITHOUT_VAE_UNCERTAINTY,56,Q loss,474,0.0017067617736756802
GAS,BAD,UCB_WITHOUT_VAE_UNCERTAINTY,56,Q loss,475,0.0010307453339919448
GAS,BAD,UCB_WITHOUT_VAE_UNCERTAINTY,56,Q loss,476,0.001035249326378107
GAS,BAD,UCB_WITHOUT_VAE_UNCERTAINTY,56,Q loss,477,0.0012653872836381197
GAS,BAD,UCB_WITHOUT_VAE_UNCERTAINTY,56,Q loss,478,0.002766381250694394
GAS,BAD,UCB_WITHOUT_VAE_UNCERTAINTY,56,Q loss,479,0.00236172741279006
GAS,BAD,UCB_WITHOUT_VAE_UNCERTAINTY,56,Q loss,480,0.0031418001744896173
GAS,BAD,UCB_WITHOUT_VAE_UNCERTAINTY,56,Q loss,481,0.002024224726483226
GAS,BAD,UCB_WITHOUT_VAE_UNCERTAINTY,56,Q loss,482,0.0004114177718292922
GAS,BAD,UCB_WITHOUT_VAE_UNCERTAINTY,56,Q loss,483,0.0007412233389914036
GAS,BAD,UCB_WITHOUT_VAE_UNCERTAINTY,56,Q loss,484,0.000980413518846035
GAS,BAD,UCB_WITHOUT_VAE_UNCERTAINTY,56,Q loss,485,0.0032053084578365088
GAS,BAD,UCB_WITHOUT_VAE_UNCERTAINTY,56,Q loss,486,0.0029511437751352787
GAS,BAD,UCB_WITHOUT_VAE_UNCERTAINTY,56,Q loss,487,0.0016112896846607327
GAS,BAD,UCB_WITHOUT_VAE_UNCERTAINTY,56,Q loss,488,0.0009663449018262327
GAS,BAD,UCB_WITHOUT_VAE_UNCERTAINTY,56,Q loss,489,0.0025499314069747925
GAS,BAD,UCB_WITHOUT_VAE_UNCERTAINTY,56,Q loss,490,0.0020818954799324274
GAS,BAD,UCB_WITHOUT_VAE_UNCERTAINTY,56,Q loss,491,0.0026577473618090153
GAS,BAD,UCB_WITHOUT_VAE_UNCERTAINTY,56,Q loss,492,0.000892669428139925
GAS,BAD,UCB_WITHOUT_VAE_UNCERTAINTY,56,Q loss,493,0.0011164441239088774
GAS,BAD,UCB_WITHOUT_VAE_UNCERTAINTY,56,Q loss,494,0.0014106924645602703
GAS,BAD,UCB_WITHOUT_VAE_UNCERTAINTY,56,Q loss,495,0.0011965532321482897
GAS,BAD,UCB_WITHOUT_VAE_UNCERTAINTY,56,Q loss,496,0.0024703340604901314
GAS,BAD,UCB_WITHOUT_VAE_UNCERTAINTY,56,Q loss,497,0.002261106390506029
GAS,BAD,UCB_WITHOUT_VAE_UNCERTAINTY,56,Q loss,498,0.0007051905849948525
GAS,BAD,UCB_WITHOUT_VAE_UNCERTAINTY,56,Q loss,499,0.004593096673488617
GAS,BAD,UCB_WITHOUT_VAE_UNCERTAINTY,56,Q loss,500,0.0019087259424850345
GAS,BAD,UCB_WITHOUT_VAE_UNCERTAINTY,56,Q loss,501,0.0012526470236480236
GAS,BAD,UCB_WITHOUT_VAE_UNCERTAINTY,56,Q loss,502,0.002862595720216632
GAS,BAD,UCB_WITHOUT_VAE_UNCERTAINTY,56,Q loss,503,0.001920196576975286
GAS,BAD,UCB_WITHOUT_VAE_UNCERTAINTY,56,Q loss,504,0.0027563702315092087
GAS,BAD,UCB_WITHOUT_VAE_UNCERTAINTY,56,Q loss,505,0.0016621117247268558
GAS,BAD,UCB_WITHOUT_VAE_UNCERTAINTY,56,Q loss,506,0.0008706636726856232
GAS,BAD,UCB_WITHOUT_VAE_UNCERTAINTY,56,Q loss,507,0.0013065976090729237
GAS,BAD,UCB_WITHOUT_VAE_UNCERTAINTY,56,Q loss,508,0.0012490387307479978
GAS,BAD,UCB_WITHOUT_VAE_UNCERTAINTY,56,Q loss,509,0.0012895488180220127
GAS,BAD,UCB_WITHOUT_VAE_UNCERTAINTY,56,Q loss,510,0.0014753069262951612
GAS,BAD,UCB_WITHOUT_VAE_UNCERTAINTY,56,Q loss,511,0.0010306097101420164
GAS,BAD,UCB_WITHOUT_VAE_UNCERTAINTY,56,Q loss,512,0.0008487197337672114
GAS,BAD,UCB_WITHOUT_VAE_UNCERTAINTY,56,Q loss,513,0.0009632721194066107
GAS,BAD,UCB_WITHOUT_VAE_UNCERTAINTY,56,Q loss,514,0.00081894441973418
GAS,BAD,UCB_WITHOUT_VAE_UNCERTAINTY,56,Q loss,515,0.0013256219681352377
GAS,BAD,UCB_WITHOUT_VAE_UNCERTAINTY,56,Q loss,516,0.0015707261627539992
GAS,BAD,UCB_WITHOUT_VAE_UNCERTAINTY,56,Q loss,517,0.0007207613089121878
GAS,BAD,UCB_WITHOUT_VAE_UNCERTAINTY,56,Q loss,518,0.001835735747590661
GAS,BAD,UCB_WITHOUT_VAE_UNCERTAINTY,56,Q loss,519,0.002589648123830557
GAS,BAD,UCB_WITHOUT_VAE_UNCERTAINTY,56,Q loss,520,0.0016872293781489134
GAS,BAD,UCB_WITHOUT_VAE_UNCERTAINTY,56,Q loss,521,0.0017426925478503108
GAS,BAD,UCB_WITHOUT_VAE_UNCERTAINTY,56,Q loss,522,0.0007956824265420437
GAS,BAD,UCB_WITHOUT_VAE_UNCERTAINTY,56,Q loss,523,0.0018542699981480837
GAS,BAD,UCB_WITHOUT_VAE_UNCERTAINTY,56,Q loss,524,0.0004878347972407937
GAS,BAD,UCB_WITHOUT_VAE_UNCERTAINTY,56,Q loss,525,0.002613219665363431
GAS,BAD,UCB_WITHOUT_VAE_UNCERTAINTY,56,Q loss,526,0.0011690921382978559
GAS,BAD,UCB_WITHOUT_VAE_UNCERTAINTY,56,Q loss,527,0.0010087473783642054
GAS,BAD,UCB_WITHOUT_VAE_UNCERTAINTY,56,Q loss,528,0.0008170595392584801
GAS,BAD,UCB_WITHOUT_VAE_UNCERTAINTY,56,Q loss,529,0.0009199368651024997
GAS,BAD,UCB_WITHOUT_VAE_UNCERTAINTY,56,Q loss,530,0.0012173294089734554
GAS,BAD,UCB_WITHOUT_VAE_UNCERTAINTY,56,Q loss,531,0.001268079155124724
GAS,BAD,UCB_WITHOUT_VAE_UNCERTAINTY,56,Q loss,532,0.002893650671467185
GAS,BAD,UCB_WITHOUT_VAE_UNCERTAINTY,56,Q loss,533,0.0010462478967383504
GAS,BAD,UCB_WITHOUT_VAE_UNCERTAINTY,56,Q loss,534,0.0012316812062636018
GAS,BAD,UCB_WITHOUT_VAE_UNCERTAINTY,56,Q loss,535,0.0015521631576120853
GAS,BAD,UCB_WITHOUT_VAE_UNCERTAINTY,56,Q loss,536,0.0033421111293137074
GAS,BAD,UCB_WITHOUT_VAE_UNCERTAINTY,56,Q loss,537,0.0029224001336842775
GAS,BAD,UCB_WITHOUT_VAE_UNCERTAINTY,56,Q loss,538,0.0031050725374370813
GAS,BAD,UCB_WITHOUT_VAE_UNCERTAINTY,56,Q loss,539,0.0023300570901483297
GAS,BAD,UCB_WITHOUT_VAE_UNCERTAINTY,56,Q loss,540,0.00377182150259614
GAS,BAD,UCB_WITHOUT_VAE_UNCERTAINTY,56,Q loss,541,0.002007720759138465
GAS,BAD,UCB_WITHOUT_VAE_UNCERTAINTY,56,Q loss,542,0.001139994477853179
GAS,BAD,UCB_WITHOUT_VAE_UNCERTAINTY,56,Q loss,543,0.0027653356082737446
GAS,BAD,UCB_WITHOUT_VAE_UNCERTAINTY,56,Q loss,544,0.00041070475708693266
GAS,BAD,UCB_WITHOUT_VAE_UNCERTAINTY,56,Q loss,545,0.0023267045617103577
GAS,BAD,UCB_WITHOUT_VAE_UNCERTAINTY,56,Q loss,546,0.0008514855289831758
GAS,BAD,UCB_WITHOUT_VAE_UNCERTAINTY,56,Q loss,547,0.0006081534666009247
GAS,BAD,UCB_WITHOUT_VAE_UNCERTAINTY,56,Q loss,548,0.000981014920398593
GAS,BAD,UCB_WITHOUT_VAE_UNCERTAINTY,56,Q loss,549,0.00044970991439186037
GAS,BAD,UCB_WITHOUT_VAE_UNCERTAINTY,56,Q loss,550,0.0022731171920895576
GAS,BAD,UCB_WITHOUT_VAE_UNCERTAINTY,56,Q loss,551,0.001071150996722281
GAS,BAD,UCB_WITHOUT_VAE_UNCERTAINTY,56,Q loss,552,0.002109360182657838
GAS,BAD,UCB_WITHOUT_VAE_UNCERTAINTY,56,Q loss,553,0.004092496354132891
GAS,BAD,UCB_WITHOUT_VAE_UNCERTAINTY,56,Q loss,554,0.0009720083326101303
GAS,BAD,UCB_WITHOUT_VAE_UNCERTAINTY,56,Q loss,555,0.0022332004737108946
GAS,BAD,UCB_WITHOUT_VAE_UNCERTAINTY,56,Q loss,556,0.0017427601851522923
GAS,BAD,UCB_WITHOUT_VAE_UNCERTAINTY,56,Q loss,557,0.002785920863971114
GAS,BAD,UCB_WITHOUT_VAE_UNCERTAINTY,56,Q loss,558,0.0030300228390842676
GAS,BAD,UCB_WITHOUT_VAE_UNCERTAINTY,56,Q loss,559,0.0013480196939781308
GAS,BAD,UCB_WITHOUT_VAE_UNCERTAINTY,56,Q loss,560,0.001427127281203866
GAS,BAD,UCB_WITHOUT_VAE_UNCERTAINTY,56,Q loss,561,0.0014426603447645903
GAS,BAD,UCB_WITHOUT_VAE_UNCERTAINTY,56,Q loss,562,0.0022482299245893955
GAS,BAD,UCB_WITHOUT_VAE_UNCERTAINTY,56,Q loss,563,0.0018118489533662796
GAS,BAD,UCB_WITHOUT_VAE_UNCERTAINTY,56,Q loss,564,0.0020491243340075016
GAS,BAD,UCB_WITHOUT_VAE_UNCERTAINTY,56,Q loss,565,0.0021038814447820187
GAS,BAD,UCB_WITHOUT_VAE_UNCERTAINTY,56,Q loss,566,0.001569763058796525
GAS,BAD,UCB_WITHOUT_VAE_UNCERTAINTY,56,Q loss,567,0.002327033318579197
GAS,BAD,UCB_WITHOUT_VAE_UNCERTAINTY,56,Q loss,568,0.0012320209061726928
GAS,BAD,UCB_WITHOUT_VAE_UNCERTAINTY,56,Q loss,569,0.0025341110303997993
GAS,BAD,UCB_WITHOUT_VAE_UNCERTAINTY,56,Q loss,570,0.0008722090860828757
GAS,BAD,UCB_WITHOUT_VAE_UNCERTAINTY,56,Q loss,571,0.002415632363408804
GAS,BAD,UCB_WITHOUT_VAE_UNCERTAINTY,56,Q loss,572,0.0011880900710821152
GAS,BAD,UCB_WITHOUT_VAE_UNCERTAINTY,56,Q loss,573,0.0007461491040885448
GAS,BAD,UCB_WITHOUT_VAE_UNCERTAINTY,56,Q loss,574,0.0020564268343150616
GAS,BAD,UCB_WITHOUT_VAE_UNCERTAINTY,56,Q loss,575,0.0027667165268212557
GAS,BAD,UCB_WITHOUT_VAE_UNCERTAINTY,56,Q loss,576,0.0026301653124392033
GAS,BAD,UCB_WITHOUT_VAE_UNCERTAINTY,56,Q loss,577,0.0008752282010391355
GAS,BAD,UCB_WITHOUT_VAE_UNCERTAINTY,56,Q loss,578,0.001076903659850359
GAS,BAD,UCB_WITHOUT_VAE_UNCERTAINTY,56,Q loss,579,0.0020467471331357956
GAS,BAD,UCB_WITHOUT_VAE_UNCERTAINTY,56,Q loss,580,0.0013599827652797103
GAS,BAD,UCB_WITHOUT_VAE_UNCERTAINTY,56,Q loss,581,0.0023288941010832787
GAS,BAD,UCB_WITHOUT_VAE_UNCERTAINTY,56,Q loss,582,0.0022875776048749685
GAS,BAD,UCB_WITHOUT_VAE_UNCERTAINTY,56,Q loss,583,0.0018059697467833757
GAS,BAD,UCB_WITHOUT_VAE_UNCERTAINTY,56,Q loss,584,0.0012678052298724651
GAS,BAD,UCB_WITHOUT_VAE_UNCERTAINTY,56,Q loss,585,0.0018150086980313063
GAS,BAD,UCB_WITHOUT_VAE_UNCERTAINTY,56,Q loss,586,0.0031243697740137577
GAS,BAD,UCB_WITHOUT_VAE_UNCERTAINTY,56,Q loss,587,0.0008184759644791484
GAS,BAD,UCB_WITHOUT_VAE_UNCERTAINTY,56,Q loss,588,0.0013097322080284357
GAS,BAD,UCB_WITHOUT_VAE_UNCERTAINTY,56,Q loss,589,0.001440117135643959
GAS,BAD,UCB_WITHOUT_VAE_UNCERTAINTY,56,Q loss,590,0.001360774040222168
GAS,BAD,UCB_WITHOUT_VAE_UNCERTAINTY,56,Q loss,591,0.0019498062320053577
GAS,BAD,UCB_WITHOUT_VAE_UNCERTAINTY,56,Q loss,592,0.004519299138337374
GAS,BAD,UCB_WITHOUT_VAE_UNCERTAINTY,56,Q loss,593,0.005102016497403383
GAS,BAD,UCB_WITHOUT_VAE_UNCERTAINTY,56,Q loss,594,0.0036510382778942585
GAS,BAD,UCB_WITHOUT_VAE_UNCERTAINTY,56,Q loss,595,0.0006208809791132808
GAS,BAD,UCB_WITHOUT_VAE_UNCERTAINTY,56,Q loss,596,0.0023789419792592525
GAS,BAD,UCB_WITHOUT_VAE_UNCERTAINTY,56,Q loss,597,0.0035119797103106976
GAS,BAD,UCB_WITHOUT_VAE_UNCERTAINTY,56,Q loss,598,0.0024044024758040905
GAS,BAD,UCB_WITHOUT_VAE_UNCERTAINTY,56,Q loss,599,0.001991681754589081
GAS,BAD,UCB_WITHOUT_VAE_UNCERTAINTY,56,Q loss,600,0.0030991993844509125
GAS,BAD,UCB_WITHOUT_VAE_UNCERTAINTY,56,Q loss,601,0.0013862731866538525
GAS,BAD,UCB_WITHOUT_VAE_UNCERTAINTY,56,Q loss,602,0.0012653860030695796
GAS,BAD,UCB_WITHOUT_VAE_UNCERTAINTY,56,Q loss,603,0.0004502797091845423
GAS,BAD,UCB_WITHOUT_VAE_UNCERTAINTY,56,Q loss,604,0.0029214895330369473
GAS,BAD,UCB_WITHOUT_VAE_UNCERTAINTY,56,Q loss,605,0.0011509547475725412
GAS,BAD,UCB_WITHOUT_VAE_UNCERTAINTY,56,Q loss,606,0.0016688479809090495
GAS,BAD,UCB_WITHOUT_VAE_UNCERTAINTY,56,Q loss,607,0.0016868256498128176
GAS,BAD,UCB_WITHOUT_VAE_UNCERTAINTY,56,Q loss,608,0.001765318913385272
GAS,BAD,UCB_WITHOUT_VAE_UNCERTAINTY,56,Q loss,609,0.0014745485968887806
GAS,BAD,UCB_WITHOUT_VAE_UNCERTAINTY,56,Q loss,610,0.002179320901632309
GAS,BAD,UCB_WITHOUT_VAE_UNCERTAINTY,56,Q loss,611,0.00211828644387424
GAS,BAD,UCB_WITHOUT_VAE_UNCERTAINTY,56,Q loss,612,0.0034492891281843185
GAS,BAD,UCB_WITHOUT_VAE_UNCERTAINTY,56,Q loss,613,0.0009587609092704952
GAS,BAD,UCB_WITHOUT_VAE_UNCERTAINTY,56,Q loss,614,0.001562140416353941
GAS,BAD,UCB_WITHOUT_VAE_UNCERTAINTY,56,Q loss,615,0.0027509748470038176
GAS,BAD,UCB_WITHOUT_VAE_UNCERTAINTY,56,Q loss,616,0.0011183395981788635
GAS,BAD,UCB_WITHOUT_VAE_UNCERTAINTY,56,Q loss,617,0.0015741261886432767
GAS,BAD,UCB_WITHOUT_VAE_UNCERTAINTY,56,Q loss,618,0.0006071552634239197
GAS,BAD,UCB_WITHOUT_VAE_UNCERTAINTY,56,Q loss,619,0.0006326768780127168
GAS,BAD,UCB_WITHOUT_VAE_UNCERTAINTY,56,Q loss,620,0.00041691167280077934
GAS,BAD,UCB_WITHOUT_VAE_UNCERTAINTY,56,Q loss,621,0.0009899663273245096
GAS,BAD,UCB_WITHOUT_VAE_UNCERTAINTY,56,Q loss,622,0.001638529822230339
GAS,BAD,UCB_WITHOUT_VAE_UNCERTAINTY,56,Q loss,623,0.0013295274693518877
GAS,BAD,UCB_WITHOUT_VAE_UNCERTAINTY,56,Q loss,624,0.0016509362030774355
GAS,BAD,UCB_WITHOUT_VAE_UNCERTAINTY,56,Q loss,625,0.001380565925501287
GAS,BAD,UCB_WITHOUT_VAE_UNCERTAINTY,56,Q loss,626,0.002166837453842163
GAS,BAD,UCB_WITHOUT_VAE_UNCERTAINTY,56,Q loss,627,0.002149029867723584
GAS,BAD,UCB_WITHOUT_VAE_UNCERTAINTY,56,Q loss,628,0.0027504009194672108
GAS,BAD,UCB_WITHOUT_VAE_UNCERTAINTY,56,Q loss,629,0.0029138438403606415
GAS,BAD,UCB_WITHOUT_VAE_UNCERTAINTY,56,Q loss,630,0.0025285338051617146
GAS,BAD,UCB_WITHOUT_VAE_UNCERTAINTY,56,Q loss,631,0.000515890191309154
GAS,BAD,UCB_WITHOUT_VAE_UNCERTAINTY,56,Q loss,632,0.0010602151742205024
GAS,BAD,UCB_WITHOUT_VAE_UNCERTAINTY,56,Q loss,633,0.0013365955092012882
GAS,BAD,UCB_WITHOUT_VAE_UNCERTAINTY,56,Q loss,634,0.001378106651827693
GAS,BAD,UCB_WITHOUT_VAE_UNCERTAINTY,56,Q loss,635,0.0016279029659926891
GAS,BAD,UCB_WITHOUT_VAE_UNCERTAINTY,56,Q loss,636,0.0021140852477401495
GAS,BAD,UCB_WITHOUT_VAE_UNCERTAINTY,56,Q loss,637,0.001964306691661477
GAS,BAD,UCB_WITHOUT_VAE_UNCERTAINTY,56,Q loss,638,0.0007231855997815728
GAS,BAD,UCB_WITHOUT_VAE_UNCERTAINTY,56,Q loss,639,0.0006977637531235814
GAS,BAD,UCB_WITHOUT_VAE_UNCERTAINTY,56,Q loss,640,0.0015757594956085086
GAS,BAD,UCB_WITHOUT_VAE_UNCERTAINTY,56,Q loss,641,0.002856847597286105
GAS,BAD,UCB_WITHOUT_VAE_UNCERTAINTY,56,Q loss,642,0.0012711603194475174
GAS,BAD,UCB_WITHOUT_VAE_UNCERTAINTY,56,Q loss,643,0.0015622309874743223
GAS,BAD,UCB_WITHOUT_VAE_UNCERTAINTY,56,Q loss,644,0.0018692235462367535
GAS,BAD,UCB_WITHOUT_VAE_UNCERTAINTY,56,Q loss,645,0.0027162497863173485
GAS,BAD,UCB_WITHOUT_VAE_UNCERTAINTY,56,Q loss,646,0.007130649406462908
GAS,BAD,UCB_WITHOUT_VAE_UNCERTAINTY,56,Q loss,647,0.005054775159806013
GAS,BAD,UCB_WITHOUT_VAE_UNCERTAINTY,56,Q loss,648,0.0007600474637001753
GAS,BAD,UCB_WITHOUT_VAE_UNCERTAINTY,56,Q loss,649,0.0009832479991018772
GAS,BAD,UCB_WITHOUT_VAE_UNCERTAINTY,56,Q loss,650,0.001431923359632492
GAS,BAD,UCB_WITHOUT_VAE_UNCERTAINTY,56,Q loss,651,0.0023444723337888718
GAS,BAD,UCB_WITHOUT_VAE_UNCERTAINTY,56,Q loss,652,0.001963106682524085
GAS,BAD,UCB_WITHOUT_VAE_UNCERTAINTY,56,Q loss,653,0.00413006916642189
GAS,BAD,UCB_WITHOUT_VAE_UNCERTAINTY,56,Q loss,654,0.0013458230532705784
GAS,BAD,UCB_WITHOUT_VAE_UNCERTAINTY,56,Q loss,655,0.0007426214287988842
GAS,BAD,UCB_WITHOUT_VAE_UNCERTAINTY,56,Q loss,656,0.0028846939094364643
GAS,BAD,UCB_WITHOUT_VAE_UNCERTAINTY,56,Q loss,657,0.001380066154524684
GAS,BAD,UCB_WITHOUT_VAE_UNCERTAINTY,56,Q loss,658,0.004792902618646622
GAS,BAD,UCB_WITHOUT_VAE_UNCERTAINTY,56,Q loss,659,0.0014188364148139954
GAS,BAD,UCB_WITHOUT_VAE_UNCERTAINTY,56,Q loss,660,0.0028468011878430843
GAS,BAD,UCB_WITHOUT_VAE_UNCERTAINTY,56,Q loss,661,0.003584026824682951
GAS,BAD,UCB_WITHOUT_VAE_UNCERTAINTY,56,Q loss,662,0.0013762750895693898
GAS,BAD,UCB_WITHOUT_VAE_UNCERTAINTY,56,Q loss,663,0.002511757891625166
GAS,BAD,UCB_WITHOUT_VAE_UNCERTAINTY,56,Q loss,664,0.0034371232613921165
GAS,BAD,UCB_WITHOUT_VAE_UNCERTAINTY,56,Q loss,665,0.004353384021669626
GAS,BAD,UCB_WITHOUT_VAE_UNCERTAINTY,56,Q loss,666,0.002128778025507927
GAS,BAD,UCB_WITHOUT_VAE_UNCERTAINTY,56,Q loss,667,0.002207026584073901
GAS,BAD,UCB_WITHOUT_VAE_UNCERTAINTY,56,Q loss,668,0.0003326736332383007
GAS,BAD,UCB_WITHOUT_VAE_UNCERTAINTY,56,Q loss,669,0.0011945574078708887
GAS,BAD,UCB_WITHOUT_VAE_UNCERTAINTY,56,Q loss,670,0.0009461782174184918
GAS,BAD,UCB_WITHOUT_VAE_UNCERTAINTY,56,Q loss,671,0.0010347344214096665
GAS,BAD,UCB_WITHOUT_VAE_UNCERTAINTY,56,Q loss,672,0.0020370688289403915
GAS,BAD,UCB_WITHOUT_VAE_UNCERTAINTY,56,Q loss,673,0.0006958645535632968
GAS,BAD,UCB_WITHOUT_VAE_UNCERTAINTY,56,Q loss,674,0.0011330744018778205
GAS,BAD,UCB_WITHOUT_VAE_UNCERTAINTY,56,Q loss,675,0.0011417628265917301
GAS,BAD,UCB_WITHOUT_VAE_UNCERTAINTY,56,Q loss,676,0.0031311139464378357
GAS,BAD,UCB_WITHOUT_VAE_UNCERTAINTY,56,Q loss,677,0.00229896092787385
GAS,BAD,UCB_WITHOUT_VAE_UNCERTAINTY,56,Q loss,678,0.0019864162895828485
GAS,BAD,UCB_WITHOUT_VAE_UNCERTAINTY,56,Q loss,679,0.004702428355813026
GAS,BAD,UCB_WITHOUT_VAE_UNCERTAINTY,56,Q loss,680,0.00280555197969079
GAS,BAD,UCB_WITHOUT_VAE_UNCERTAINTY,56,Q loss,681,0.002392867114394903
GAS,BAD,UCB_WITHOUT_VAE_UNCERTAINTY,56,Q loss,682,0.0013765334151685238
GAS,BAD,UCB_WITHOUT_VAE_UNCERTAINTY,56,Q loss,683,0.005793573800474405
GAS,BAD,UCB_WITHOUT_VAE_UNCERTAINTY,56,Q loss,684,0.003344111144542694
GAS,BAD,UCB_WITHOUT_VAE_UNCERTAINTY,56,Q loss,685,0.0010177192743867636
GAS,BAD,UCB_WITHOUT_VAE_UNCERTAINTY,56,Q loss,686,0.0015222206711769104
GAS,BAD,UCB_WITHOUT_VAE_UNCERTAINTY,56,Q loss,687,0.001957072876393795
GAS,BAD,UCB_WITHOUT_VAE_UNCERTAINTY,56,Q loss,688,0.0004950110451318324
GAS,BAD,UCB_WITHOUT_VAE_UNCERTAINTY,56,Q loss,689,0.001348388264887035
GAS,BAD,UCB_WITHOUT_VAE_UNCERTAINTY,56,Q loss,690,0.0015215515159070492
GAS,BAD,UCB_WITHOUT_VAE_UNCERTAINTY,56,Q loss,691,0.00130102364346385
GAS,BAD,UCB_WITHOUT_VAE_UNCERTAINTY,56,Q loss,692,0.0006619674386456609
GAS,BAD,UCB_WITHOUT_VAE_UNCERTAINTY,56,Q loss,693,0.0012396581005305052
GAS,BAD,UCB_WITHOUT_VAE_UNCERTAINTY,56,Q loss,694,0.0034787002950906754
GAS,BAD,UCB_WITHOUT_VAE_UNCERTAINTY,56,Q loss,695,0.0006397857214324176
GAS,BAD,UCB_WITHOUT_VAE_UNCERTAINTY,56,Q loss,696,0.0011804644018411636
GAS,BAD,UCB_WITHOUT_VAE_UNCERTAINTY,56,Q loss,697,0.004459789022803307
GAS,BAD,UCB_WITHOUT_VAE_UNCERTAINTY,56,Q loss,698,0.0011726055527105927
GAS,BAD,UCB_WITHOUT_VAE_UNCERTAINTY,56,Q loss,699,0.002053635660558939
GAS,BAD,UCB_WITHOUT_VAE_UNCERTAINTY,56,Q loss,700,0.00262089935131371
GAS,BAD,UCB_WITHOUT_VAE_UNCERTAINTY,56,Q loss,701,0.007007905747741461
GAS,BAD,UCB_WITHOUT_VAE_UNCERTAINTY,56,Q loss,702,0.0034173831809312105
GAS,BAD,UCB_WITHOUT_VAE_UNCERTAINTY,56,Q loss,703,0.001199489226564765
GAS,BAD,UCB_WITHOUT_VAE_UNCERTAINTY,56,Q loss,704,0.0010222746059298515
GAS,BAD,UCB_WITHOUT_VAE_UNCERTAINTY,56,Q loss,705,0.001592846354469657
GAS,BAD,UCB_WITHOUT_VAE_UNCERTAINTY,56,Q loss,706,0.0008361962391063571
GAS,BAD,UCB_WITHOUT_VAE_UNCERTAINTY,56,Q loss,707,0.004018583334982395
GAS,BAD,UCB_WITHOUT_VAE_UNCERTAINTY,56,Q loss,708,0.0007636685622856021
GAS,BAD,UCB_WITHOUT_VAE_UNCERTAINTY,56,Q loss,709,0.0018110943492501974
GAS,BAD,UCB_WITHOUT_VAE_UNCERTAINTY,56,Q loss,710,0.0025992938317358494
GAS,BAD,UCB_WITHOUT_VAE_UNCERTAINTY,56,Q loss,711,0.0009578189346939325
GAS,BAD,UCB_WITHOUT_VAE_UNCERTAINTY,56,Q loss,712,0.0035878317430615425
GAS,BAD,UCB_WITHOUT_VAE_UNCERTAINTY,56,Q loss,713,0.0020753906574100256
GAS,BAD,UCB_WITHOUT_VAE_UNCERTAINTY,56,Q loss,714,0.002080081030726433
GAS,BAD,UCB_WITHOUT_VAE_UNCERTAINTY,56,Q loss,715,0.0023441766388714314
GAS,BAD,UCB_WITHOUT_VAE_UNCERTAINTY,56,Q loss,716,0.0025422030594199896
GAS,BAD,UCB_WITHOUT_VAE_UNCERTAINTY,56,Q loss,717,0.0008150566718541086
GAS,BAD,UCB_WITHOUT_VAE_UNCERTAINTY,56,Q loss,718,0.003043414792045951
GAS,BAD,UCB_WITHOUT_VAE_UNCERTAINTY,56,Q loss,719,0.001633929554373026
GAS,BAD,UCB_WITHOUT_VAE_UNCERTAINTY,56,Q loss,720,0.0010584541596472263
GAS,BAD,UCB_WITHOUT_VAE_UNCERTAINTY,56,Q loss,721,0.0006563971983268857
GAS,BAD,UCB_WITHOUT_VAE_UNCERTAINTY,56,Q loss,722,0.0005425638519227505
GAS,BAD,UCB_WITHOUT_VAE_UNCERTAINTY,56,Q loss,723,0.0016461226623505354
GAS,BAD,UCB_WITHOUT_VAE_UNCERTAINTY,56,Q loss,724,0.0011363534722477198
GAS,BAD,UCB_WITHOUT_VAE_UNCERTAINTY,56,Q loss,725,0.0005047402228228748
GAS,BAD,UCB_WITHOUT_VAE_UNCERTAINTY,56,Q loss,726,0.0029629506170749664
GAS,BAD,UCB_WITHOUT_VAE_UNCERTAINTY,56,Q loss,727,0.0010579702211543918
GAS,BAD,UCB_WITHOUT_VAE_UNCERTAINTY,56,Q loss,728,0.0014101633569225669
GAS,BAD,UCB_WITHOUT_VAE_UNCERTAINTY,56,Q loss,729,0.0008942786371335387
GAS,BAD,UCB_WITHOUT_VAE_UNCERTAINTY,56,Q loss,730,0.001087958924472332
GAS,BAD,UCB_WITHOUT_VAE_UNCERTAINTY,56,Q loss,731,0.0017381240613758564
GAS,BAD,UCB_WITHOUT_VAE_UNCERTAINTY,56,Q loss,732,0.001991540426388383
GAS,BAD,UCB_WITHOUT_VAE_UNCERTAINTY,56,Q loss,733,0.0014551866333931684
GAS,BAD,UCB_WITHOUT_VAE_UNCERTAINTY,56,Q loss,734,0.0006014315877109766
GAS,BAD,UCB_WITHOUT_VAE_UNCERTAINTY,56,Q loss,735,0.0010369105730205774
GAS,BAD,UCB_WITHOUT_VAE_UNCERTAINTY,56,Q loss,736,0.0026808208785951138
GAS,BAD,UCB_WITHOUT_VAE_UNCERTAINTY,56,Q loss,737,0.0017909609014168382
GAS,BAD,UCB_WITHOUT_VAE_UNCERTAINTY,56,Q loss,738,0.0034285583533346653
GAS,BAD,UCB_WITHOUT_VAE_UNCERTAINTY,56,Q loss,739,0.0006359658436849713
GAS,BAD,UCB_WITHOUT_VAE_UNCERTAINTY,56,Q loss,740,0.0011711025144904852
GAS,BAD,UCB_WITHOUT_VAE_UNCERTAINTY,56,Q loss,741,0.0015736748464405537
GAS,BAD,UCB_WITHOUT_VAE_UNCERTAINTY,56,Q loss,742,0.0016043514478951693
GAS,BAD,UCB_WITHOUT_VAE_UNCERTAINTY,56,Q loss,743,0.0013014493742957711
GAS,BAD,UCB_WITHOUT_VAE_UNCERTAINTY,56,Q loss,744,0.003554990980774164
GAS,BAD,UCB_WITHOUT_VAE_UNCERTAINTY,56,Q loss,745,0.000998451141640544
GAS,BAD,UCB_WITHOUT_VAE_UNCERTAINTY,56,Q loss,746,0.0007259155972860754
GAS,BAD,UCB_WITHOUT_VAE_UNCERTAINTY,56,Q loss,747,0.0006071266252547503
GAS,BAD,UCB_WITHOUT_VAE_UNCERTAINTY,56,Q loss,748,0.0024492614902555943
GAS,BAD,UCB_WITHOUT_VAE_UNCERTAINTY,56,Q loss,749,0.0005240030004642904
GAS,BAD,UCB_WITHOUT_VAE_UNCERTAINTY,56,Q loss,750,0.0012515634298324585
GAS,BAD,UCB_WITHOUT_VAE_UNCERTAINTY,56,Q loss,751,0.0006203905213624239
GAS,BAD,UCB_WITHOUT_VAE_UNCERTAINTY,56,Q loss,752,0.0010804065968841314
GAS,BAD,UCB_WITHOUT_VAE_UNCERTAINTY,56,Q loss,753,0.0015107381623238325
GAS,BAD,UCB_WITHOUT_VAE_UNCERTAINTY,56,Q loss,754,0.001451884862035513
GAS,BAD,UCB_WITHOUT_VAE_UNCERTAINTY,56,Q loss,755,0.0038272065576165915
GAS,BAD,UCB_WITHOUT_VAE_UNCERTAINTY,56,Q loss,756,0.0011926700826734304
GAS,BAD,UCB_WITHOUT_VAE_UNCERTAINTY,56,Q loss,757,0.00036163293407298625
GAS,BAD,UCB_WITHOUT_VAE_UNCERTAINTY,56,Q loss,758,0.0008092857897281647
GAS,BAD,UCB_WITHOUT_VAE_UNCERTAINTY,56,Q loss,759,0.00097951281350106
GAS,BAD,UCB_WITHOUT_VAE_UNCERTAINTY,56,Q loss,760,0.0007779546431265771
GAS,BAD,UCB_WITHOUT_VAE_UNCERTAINTY,56,Q loss,761,0.003699345514178276
GAS,BAD,UCB_WITHOUT_VAE_UNCERTAINTY,56,Q loss,762,0.0016581298550590873
GAS,BAD,UCB_WITHOUT_VAE_UNCERTAINTY,56,Q loss,763,0.000995635287836194
GAS,BAD,UCB_WITHOUT_VAE_UNCERTAINTY,56,Q loss,764,0.0004869725089520216
GAS,BAD,UCB_WITHOUT_VAE_UNCERTAINTY,56,Q loss,765,0.0007745330804027617
GAS,BAD,UCB_WITHOUT_VAE_UNCERTAINTY,56,Q loss,766,0.0033567158970981836
GAS,BAD,UCB_WITHOUT_VAE_UNCERTAINTY,56,Q loss,767,0.0028779369313269854
GAS,BAD,UCB_WITHOUT_VAE_UNCERTAINTY,56,Q loss,768,0.0019404222257435322
GAS,BAD,UCB_WITHOUT_VAE_UNCERTAINTY,56,Q loss,769,0.0031942715868353844
GAS,BAD,UCB_WITHOUT_VAE_UNCERTAINTY,56,Q loss,770,0.002571243094280362
GAS,BAD,UCB_WITHOUT_VAE_UNCERTAINTY,56,Q loss,771,0.00124767841771245
GAS,BAD,UCB_WITHOUT_VAE_UNCERTAINTY,56,Q loss,772,0.0027017693500965834
GAS,BAD,UCB_WITHOUT_VAE_UNCERTAINTY,56,Q loss,773,0.0017636758275330067
GAS,BAD,UCB_WITHOUT_VAE_UNCERTAINTY,56,Q loss,774,0.001447055721655488
GAS,BAD,UCB_WITHOUT_VAE_UNCERTAINTY,56,Q loss,775,0.00028221652610227466
GAS,BAD,UCB_WITHOUT_VAE_UNCERTAINTY,56,Q loss,776,0.0020071689505130053
GAS,BAD,UCB_WITHOUT_VAE_UNCERTAINTY,56,Q loss,777,0.0016971803270280361
GAS,BAD,UCB_WITHOUT_VAE_UNCERTAINTY,56,Q loss,778,0.00034163385862484574
GAS,BAD,UCB_WITHOUT_VAE_UNCERTAINTY,56,Q loss,779,0.0006910768570378423
GAS,BAD,UCB_WITHOUT_VAE_UNCERTAINTY,56,Q loss,780,0.0010368775110691786
GAS,BAD,UCB_WITHOUT_VAE_UNCERTAINTY,56,Q loss,781,0.0012252174783498049
GAS,BAD,UCB_WITHOUT_VAE_UNCERTAINTY,56,Q loss,782,0.0015889215283095837
GAS,BAD,UCB_WITHOUT_VAE_UNCERTAINTY,56,Q loss,783,0.0006568531389348209
GAS,BAD,UCB_WITHOUT_VAE_UNCERTAINTY,56,Q loss,784,0.0025478368625044823
GAS,BAD,UCB_WITHOUT_VAE_UNCERTAINTY,56,Q loss,785,0.0009902528254315257
GAS,BAD,UCB_WITHOUT_VAE_UNCERTAINTY,56,Q loss,786,0.002115268725901842
GAS,BAD,UCB_WITHOUT_VAE_UNCERTAINTY,56,Q loss,787,0.0006703229155391455
GAS,BAD,UCB_WITHOUT_VAE_UNCERTAINTY,56,Q loss,788,0.0013034153962507844
GAS,BAD,UCB_WITHOUT_VAE_UNCERTAINTY,56,Q loss,789,0.001880768802948296
GAS,BAD,UCB_WITHOUT_VAE_UNCERTAINTY,56,Q loss,790,0.0025758487172424793
GAS,BAD,UCB_WITHOUT_VAE_UNCERTAINTY,56,Q loss,791,0.0031019560992717743
GAS,BAD,UCB_WITHOUT_VAE_UNCERTAINTY,56,Q loss,792,0.0020647842902690172
GAS,BAD,UCB_WITHOUT_VAE_UNCERTAINTY,56,Q loss,793,0.0018198683392256498
GAS,BAD,UCB_WITHOUT_VAE_UNCERTAINTY,56,Q loss,794,0.0012508678482845426
GAS,BAD,UCB_WITHOUT_VAE_UNCERTAINTY,56,Q loss,795,0.001033145934343338
GAS,BAD,UCB_WITHOUT_VAE_UNCERTAINTY,56,Q loss,796,0.0011230532545596361
GAS,BAD,UCB_WITHOUT_VAE_UNCERTAINTY,56,Q loss,797,0.002820373745635152
GAS,BAD,UCB_WITHOUT_VAE_UNCERTAINTY,56,Q loss,798,0.0010972749441862106
GAS,BAD,UCB_WITHOUT_VAE_UNCERTAINTY,56,Q loss,799,0.0010096392361447215
GAS,BAD,UCB_WITHOUT_VAE_UNCERTAINTY,56,Q loss,800,0.00041713021346367896
GAS,BAD,UCB_WITHOUT_VAE_UNCERTAINTY,56,Q loss,801,0.0015626114327460527
GAS,BAD,UCB_WITHOUT_VAE_UNCERTAINTY,56,Q loss,802,0.0013162352843210101
GAS,BAD,UCB_WITHOUT_VAE_UNCERTAINTY,56,Q loss,803,0.0007737152627669275
GAS,BAD,UCB_WITHOUT_VAE_UNCERTAINTY,56,Q loss,804,0.0023896913044154644
GAS,BAD,UCB_WITHOUT_VAE_UNCERTAINTY,56,Q loss,805,0.0008361282525584102
GAS,BAD,UCB_WITHOUT_VAE_UNCERTAINTY,56,Q loss,806,0.002440500073134899
GAS,BAD,UCB_WITHOUT_VAE_UNCERTAINTY,56,Q loss,807,0.0009482982568442822
GAS,BAD,UCB_WITHOUT_VAE_UNCERTAINTY,56,Q loss,808,0.0016190028982236981
GAS,BAD,UCB_WITHOUT_VAE_UNCERTAINTY,56,Q loss,809,0.0027076727710664272
GAS,BAD,UCB_WITHOUT_VAE_UNCERTAINTY,56,Cost loss,0,0.14560797810554504
GAS,BAD,UCB_WITHOUT_VAE_UNCERTAINTY,56,Cost loss,1,0.14565083384513855
GAS,BAD,UCB_WITHOUT_VAE_UNCERTAINTY,56,Cost loss,2,0.14524702727794647
GAS,BAD,UCB_WITHOUT_VAE_UNCERTAINTY,56,Cost loss,3,0.14187657833099365
GAS,BAD,UCB_WITHOUT_VAE_UNCERTAINTY,56,Cost loss,4,0.1396714150905609
GAS,BAD,UCB_WITHOUT_VAE_UNCERTAINTY,56,Cost loss,5,0.13904231786727905
GAS,BAD,UCB_WITHOUT_VAE_UNCERTAINTY,56,Cost loss,6,0.13658477365970612
GAS,BAD,UCB_WITHOUT_VAE_UNCERTAINTY,56,Cost loss,7,0.13646970689296722
GAS,BAD,UCB_WITHOUT_VAE_UNCERTAINTY,56,Cost loss,8,0.13496048748493195
GAS,BAD,UCB_WITHOUT_VAE_UNCERTAINTY,56,Cost loss,9,0.13235941529273987
GAS,BAD,UCB_WITHOUT_VAE_UNCERTAINTY,56,Cost loss,10,0.13055822253227234
GAS,BAD,UCB_WITHOUT_VAE_UNCERTAINTY,56,Cost loss,11,0.1291135996580124
GAS,BAD,UCB_WITHOUT_VAE_UNCERTAINTY,56,Cost loss,12,0.1292591392993927
GAS,BAD,UCB_WITHOUT_VAE_UNCERTAINTY,56,Cost loss,13,0.12813080847263336
GAS,BAD,UCB_WITHOUT_VAE_UNCERTAINTY,56,Cost loss,14,0.1266438215970993
GAS,BAD,UCB_WITHOUT_VAE_UNCERTAINTY,56,Cost loss,15,0.123685322701931
GAS,BAD,UCB_WITHOUT_VAE_UNCERTAINTY,56,Cost loss,16,0.12154655158519745
GAS,BAD,UCB_WITHOUT_VAE_UNCERTAINTY,56,Cost loss,17,0.11988869309425354
GAS,BAD,UCB_WITHOUT_VAE_UNCERTAINTY,56,Cost loss,18,0.12040814757347107
GAS,BAD,UCB_WITHOUT_VAE_UNCERTAINTY,56,Cost loss,19,0.11837894469499588
GAS,BAD,UCB_WITHOUT_VAE_UNCERTAINTY,56,Cost loss,20,0.11674308776855469
GAS,BAD,UCB_WITHOUT_VAE_UNCERTAINTY,56,Cost loss,21,0.11557655036449432
GAS,BAD,UCB_WITHOUT_VAE_UNCERTAINTY,56,Cost loss,22,0.11286845803260803
GAS,BAD,UCB_WITHOUT_VAE_UNCERTAINTY,56,Cost loss,23,0.11259417980909348
GAS,BAD,UCB_WITHOUT_VAE_UNCERTAINTY,56,Cost loss,24,0.11017721891403198
GAS,BAD,UCB_WITHOUT_VAE_UNCERTAINTY,56,Cost loss,25,0.1097462996840477
GAS,BAD,UCB_WITHOUT_VAE_UNCERTAINTY,56,Cost loss,26,0.10790400207042694
GAS,BAD,UCB_WITHOUT_VAE_UNCERTAINTY,56,Cost loss,27,0.10686485469341278
GAS,BAD,UCB_WITHOUT_VAE_UNCERTAINTY,56,Cost loss,28,0.10546693205833435
GAS,BAD,UCB_WITHOUT_VAE_UNCERTAINTY,56,Cost loss,29,0.10565655678510666
GAS,BAD,UCB_WITHOUT_VAE_UNCERTAINTY,56,Cost loss,30,0.10283960402011871
GAS,BAD,UCB_WITHOUT_VAE_UNCERTAINTY,56,Cost loss,31,0.10341408848762512
GAS,BAD,UCB_WITHOUT_VAE_UNCERTAINTY,56,Cost loss,32,0.10061939060688019
GAS,BAD,UCB_WITHOUT_VAE_UNCERTAINTY,56,Cost loss,33,0.09950242936611176
GAS,BAD,UCB_WITHOUT_VAE_UNCERTAINTY,56,Cost loss,34,0.09909224510192871
GAS,BAD,UCB_WITHOUT_VAE_UNCERTAINTY,56,Cost loss,35,0.09557689726352692
GAS,BAD,UCB_WITHOUT_VAE_UNCERTAINTY,56,Cost loss,36,0.09499222040176392
GAS,BAD,UCB_WITHOUT_VAE_UNCERTAINTY,56,Cost loss,37,0.09334692358970642
GAS,BAD,UCB_WITHOUT_VAE_UNCERTAINTY,56,Cost loss,38,0.09152723103761673
GAS,BAD,UCB_WITHOUT_VAE_UNCERTAINTY,56,Cost loss,39,0.08871255815029144
GAS,BAD,UCB_WITHOUT_VAE_UNCERTAINTY,56,Cost loss,40,0.08974406868219376
GAS,BAD,UCB_WITHOUT_VAE_UNCERTAINTY,56,Cost loss,41,0.08762750774621964
GAS,BAD,UCB_WITHOUT_VAE_UNCERTAINTY,56,Cost loss,42,0.08742700517177582
GAS,BAD,UCB_WITHOUT_VAE_UNCERTAINTY,56,Cost loss,43,0.08488786220550537
GAS,BAD,UCB_WITHOUT_VAE_UNCERTAINTY,56,Cost loss,44,0.08484184741973877
GAS,BAD,UCB_WITHOUT_VAE_UNCERTAINTY,56,Cost loss,45,0.0839025229215622
GAS,BAD,UCB_WITHOUT_VAE_UNCERTAINTY,56,Cost loss,46,0.08222351223230362
GAS,BAD,UCB_WITHOUT_VAE_UNCERTAINTY,56,Cost loss,47,0.08185462653636932
GAS,BAD,UCB_WITHOUT_VAE_UNCERTAINTY,56,Cost loss,48,0.07919734716415405
GAS,BAD,UCB_WITHOUT_VAE_UNCERTAINTY,56,Cost loss,49,0.07787628471851349
GAS,BAD,UCB_WITHOUT_VAE_UNCERTAINTY,56,Cost loss,50,0.07676924020051956
GAS,BAD,UCB_WITHOUT_VAE_UNCERTAINTY,56,Cost loss,51,0.07576574385166168
GAS,BAD,UCB_WITHOUT_VAE_UNCERTAINTY,56,Cost loss,52,0.07554001361131668
GAS,BAD,UCB_WITHOUT_VAE_UNCERTAINTY,56,Cost loss,53,0.07253877818584442
GAS,BAD,UCB_WITHOUT_VAE_UNCERTAINTY,56,Cost loss,54,0.07219643890857697
GAS,BAD,UCB_WITHOUT_VAE_UNCERTAINTY,56,Cost loss,55,0.07136417925357819
GAS,BAD,UCB_WITHOUT_VAE_UNCERTAINTY,56,Cost loss,56,0.0703081488609314
GAS,BAD,UCB_WITHOUT_VAE_UNCERTAINTY,56,Cost loss,57,0.06783421337604523
GAS,BAD,UCB_WITHOUT_VAE_UNCERTAINTY,56,Cost loss,58,0.06695887446403503
GAS,BAD,UCB_WITHOUT_VAE_UNCERTAINTY,56,Cost loss,59,0.06754027307033539
GAS,BAD,UCB_WITHOUT_VAE_UNCERTAINTY,56,Cost loss,60,0.06459733843803406
GAS,BAD,UCB_WITHOUT_VAE_UNCERTAINTY,56,Cost loss,61,0.06573464721441269
GAS,BAD,UCB_WITHOUT_VAE_UNCERTAINTY,56,Cost loss,62,0.06418529152870178
GAS,BAD,UCB_WITHOUT_VAE_UNCERTAINTY,56,Cost loss,63,0.06149660050868988
GAS,BAD,UCB_WITHOUT_VAE_UNCERTAINTY,56,Cost loss,64,0.06115435063838959
GAS,BAD,UCB_WITHOUT_VAE_UNCERTAINTY,56,Cost loss,65,0.06061593070626259
GAS,BAD,UCB_WITHOUT_VAE_UNCERTAINTY,56,Cost loss,66,0.059148430824279785
GAS,BAD,UCB_WITHOUT_VAE_UNCERTAINTY,56,Cost loss,67,0.05730733275413513
GAS,BAD,UCB_WITHOUT_VAE_UNCERTAINTY,56,Cost loss,68,0.0583622008562088
GAS,BAD,UCB_WITHOUT_VAE_UNCERTAINTY,56,Cost loss,69,0.05546507239341736
GAS,BAD,UCB_WITHOUT_VAE_UNCERTAINTY,56,Cost loss,70,0.05486861616373062
GAS,BAD,UCB_WITHOUT_VAE_UNCERTAINTY,56,Cost loss,71,0.05451623722910881
GAS,BAD,UCB_WITHOUT_VAE_UNCERTAINTY,56,Cost loss,72,0.053324319422245026
GAS,BAD,UCB_WITHOUT_VAE_UNCERTAINTY,56,Cost loss,73,0.05268184468150139
GAS,BAD,UCB_WITHOUT_VAE_UNCERTAINTY,56,Cost loss,74,0.05124800279736519
GAS,BAD,UCB_WITHOUT_VAE_UNCERTAINTY,56,Cost loss,75,0.050807446241378784
GAS,BAD,UCB_WITHOUT_VAE_UNCERTAINTY,56,Cost loss,76,0.049544233828783035
GAS,BAD,UCB_WITHOUT_VAE_UNCERTAINTY,56,Cost loss,77,0.04954104498028755
GAS,BAD,UCB_WITHOUT_VAE_UNCERTAINTY,56,Cost loss,78,0.04595129191875458
GAS,BAD,UCB_WITHOUT_VAE_UNCERTAINTY,56,Cost loss,79,0.04587465897202492
GAS,BAD,UCB_WITHOUT_VAE_UNCERTAINTY,56,Cost loss,80,0.04576227068901062
GAS,BAD,UCB_WITHOUT_VAE_UNCERTAINTY,56,Cost loss,81,0.045361027121543884
GAS,BAD,UCB_WITHOUT_VAE_UNCERTAINTY,56,Cost loss,82,0.04469696432352066
GAS,BAD,UCB_WITHOUT_VAE_UNCERTAINTY,56,Cost loss,83,0.04493531957268715
GAS,BAD,UCB_WITHOUT_VAE_UNCERTAINTY,56,Cost loss,84,0.04189498722553253
GAS,BAD,UCB_WITHOUT_VAE_UNCERTAINTY,56,Cost loss,85,0.04112348333001137
GAS,BAD,UCB_WITHOUT_VAE_UNCERTAINTY,56,Cost loss,86,0.041154779493808746
GAS,BAD,UCB_WITHOUT_VAE_UNCERTAINTY,56,Cost loss,87,0.040123216807842255
GAS,BAD,UCB_WITHOUT_VAE_UNCERTAINTY,56,Cost loss,88,0.04019846394658089
GAS,BAD,UCB_WITHOUT_VAE_UNCERTAINTY,56,Cost loss,89,0.039234478026628494
GAS,BAD,UCB_WITHOUT_VAE_UNCERTAINTY,56,Cost loss,90,0.03825261443853378
GAS,BAD,UCB_WITHOUT_VAE_UNCERTAINTY,56,Cost loss,91,0.037793464958667755
GAS,BAD,UCB_WITHOUT_VAE_UNCERTAINTY,56,Cost loss,92,0.036662984639406204
GAS,BAD,UCB_WITHOUT_VAE_UNCERTAINTY,56,Cost loss,93,0.03636308014392853
GAS,BAD,UCB_WITHOUT_VAE_UNCERTAINTY,56,Cost loss,94,0.03662621229887009
GAS,BAD,UCB_WITHOUT_VAE_UNCERTAINTY,56,Cost loss,95,0.03539776802062988
GAS,BAD,UCB_WITHOUT_VAE_UNCERTAINTY,56,Cost loss,96,0.03404293954372406
GAS,BAD,UCB_WITHOUT_VAE_UNCERTAINTY,56,Cost loss,97,0.034567393362522125
GAS,BAD,UCB_WITHOUT_VAE_UNCERTAINTY,56,Cost loss,98,0.03407329320907593
GAS,BAD,UCB_WITHOUT_VAE_UNCERTAINTY,56,Cost loss,99,0.032753489911556244
GAS,BAD,UCB_WITHOUT_VAE_UNCERTAINTY,56,Cost loss,100,0.031651079654693604
GAS,BAD,UCB_WITHOUT_VAE_UNCERTAINTY,56,Cost loss,101,0.03073619306087494
GAS,BAD,UCB_WITHOUT_VAE_UNCERTAINTY,56,Cost loss,102,0.030107002705335617
GAS,BAD,UCB_WITHOUT_VAE_UNCERTAINTY,56,Cost loss,103,0.029744388535618782
GAS,BAD,UCB_WITHOUT_VAE_UNCERTAINTY,56,Cost loss,104,0.028498074039816856
GAS,BAD,UCB_WITHOUT_VAE_UNCERTAINTY,56,Cost loss,105,0.027310200035572052
GAS,BAD,UCB_WITHOUT_VAE_UNCERTAINTY,56,Cost loss,106,0.027247268706560135
GAS,BAD,UCB_WITHOUT_VAE_UNCERTAINTY,56,Cost loss,107,0.024564027786254883
GAS,BAD,UCB_WITHOUT_VAE_UNCERTAINTY,56,Cost loss,108,0.025169100612401962
GAS,BAD,UCB_WITHOUT_VAE_UNCERTAINTY,56,Cost loss,109,0.024129429832100868
GAS,BAD,UCB_WITHOUT_VAE_UNCERTAINTY,56,Cost loss,110,0.024369174614548683
GAS,BAD,UCB_WITHOUT_VAE_UNCERTAINTY,56,Cost loss,111,0.022799663245677948
GAS,BAD,UCB_WITHOUT_VAE_UNCERTAINTY,56,Cost loss,112,0.023156628012657166
GAS,BAD,UCB_WITHOUT_VAE_UNCERTAINTY,56,Cost loss,113,0.022237759083509445
GAS,BAD,UCB_WITHOUT_VAE_UNCERTAINTY,56,Cost loss,114,0.02213786356151104
GAS,BAD,UCB_WITHOUT_VAE_UNCERTAINTY,56,Cost loss,115,0.02070280909538269
GAS,BAD,UCB_WITHOUT_VAE_UNCERTAINTY,56,Cost loss,116,0.02116985246539116
GAS,BAD,UCB_WITHOUT_VAE_UNCERTAINTY,56,Cost loss,117,0.020329875871539116
GAS,BAD,UCB_WITHOUT_VAE_UNCERTAINTY,56,Cost loss,118,0.01962178759276867
GAS,BAD,UCB_WITHOUT_VAE_UNCERTAINTY,56,Cost loss,119,0.019405676051974297
GAS,BAD,UCB_WITHOUT_VAE_UNCERTAINTY,56,Cost loss,120,0.01831820420920849
GAS,BAD,UCB_WITHOUT_VAE_UNCERTAINTY,56,Cost loss,121,0.018391039222478867
GAS,BAD,UCB_WITHOUT_VAE_UNCERTAINTY,56,Cost loss,122,0.018333707004785538
GAS,BAD,UCB_WITHOUT_VAE_UNCERTAINTY,56,Cost loss,123,0.017280369997024536
GAS,BAD,UCB_WITHOUT_VAE_UNCERTAINTY,56,Cost loss,124,0.017192207276821136
GAS,BAD,UCB_WITHOUT_VAE_UNCERTAINTY,56,Cost loss,125,0.015799138695001602
GAS,BAD,UCB_WITHOUT_VAE_UNCERTAINTY,56,Cost loss,126,0.01563434489071369
GAS,BAD,UCB_WITHOUT_VAE_UNCERTAINTY,56,Cost loss,127,0.015841485932469368
GAS,BAD,UCB_WITHOUT_VAE_UNCERTAINTY,56,Cost loss,128,0.015332895331084728
GAS,BAD,UCB_WITHOUT_VAE_UNCERTAINTY,56,Cost loss,129,0.015559591352939606
GAS,BAD,UCB_WITHOUT_VAE_UNCERTAINTY,56,Cost loss,130,0.015064823441207409
GAS,BAD,UCB_WITHOUT_VAE_UNCERTAINTY,56,Cost loss,131,0.013907074928283691
GAS,BAD,UCB_WITHOUT_VAE_UNCERTAINTY,56,Cost loss,132,0.015597560442984104
GAS,BAD,UCB_WITHOUT_VAE_UNCERTAINTY,56,Cost loss,133,0.014809373766183853
GAS,BAD,UCB_WITHOUT_VAE_UNCERTAINTY,56,Cost loss,134,0.013680451549589634
GAS,BAD,UCB_WITHOUT_VAE_UNCERTAINTY,56,Cost loss,135,0.014460282400250435
GAS,BAD,UCB_WITHOUT_VAE_UNCERTAINTY,56,Cost loss,136,0.013536768034100533
GAS,BAD,UCB_WITHOUT_VAE_UNCERTAINTY,56,Cost loss,137,0.013379065319895744
GAS,BAD,UCB_WITHOUT_VAE_UNCERTAINTY,56,Cost loss,138,0.013758780434727669
GAS,BAD,UCB_WITHOUT_VAE_UNCERTAINTY,56,Cost loss,139,0.013088754378259182
GAS,BAD,UCB_WITHOUT_VAE_UNCERTAINTY,56,Cost loss,140,0.011954983696341515
GAS,BAD,UCB_WITHOUT_VAE_UNCERTAINTY,56,Cost loss,141,0.013475894927978516
GAS,BAD,UCB_WITHOUT_VAE_UNCERTAINTY,56,Cost loss,142,0.012870276346802711
GAS,BAD,UCB_WITHOUT_VAE_UNCERTAINTY,56,Cost loss,143,0.012852960266172886
GAS,BAD,UCB_WITHOUT_VAE_UNCERTAINTY,56,Cost loss,144,0.012470260262489319
GAS,BAD,UCB_WITHOUT_VAE_UNCERTAINTY,57,Q loss,0,0.038451142609119415
GAS,BAD,UCB_WITHOUT_VAE_UNCERTAINTY,57,Q loss,1,0.023541448637843132
GAS,BAD,UCB_WITHOUT_VAE_UNCERTAINTY,57,Q loss,2,0.03646545112133026
GAS,BAD,UCB_WITHOUT_VAE_UNCERTAINTY,57,Q loss,3,0.03930118680000305
GAS,BAD,UCB_WITHOUT_VAE_UNCERTAINTY,57,Q loss,4,0.02446228265762329
GAS,BAD,UCB_WITHOUT_VAE_UNCERTAINTY,57,Q loss,5,0.04556023329496384
GAS,BAD,UCB_WITHOUT_VAE_UNCERTAINTY,57,Q loss,6,0.03663816303014755
GAS,BAD,UCB_WITHOUT_VAE_UNCERTAINTY,57,Q loss,7,0.01933404430747032
GAS,BAD,UCB_WITHOUT_VAE_UNCERTAINTY,57,Q loss,8,0.017005570232868195
GAS,BAD,UCB_WITHOUT_VAE_UNCERTAINTY,57,Q loss,9,0.035267844796180725
GAS,BAD,UCB_WITHOUT_VAE_UNCERTAINTY,57,Q loss,10,0.030424267053604126
GAS,BAD,UCB_WITHOUT_VAE_UNCERTAINTY,57,Q loss,11,0.03111303225159645
GAS,BAD,UCB_WITHOUT_VAE_UNCERTAINTY,57,Q loss,12,0.024488218128681183
GAS,BAD,UCB_WITHOUT_VAE_UNCERTAINTY,57,Q loss,13,0.03995431587100029
GAS,BAD,UCB_WITHOUT_VAE_UNCERTAINTY,57,Q loss,14,0.02272048592567444
GAS,BAD,UCB_WITHOUT_VAE_UNCERTAINTY,57,Q loss,15,0.01732049509882927
GAS,BAD,UCB_WITHOUT_VAE_UNCERTAINTY,57,Q loss,16,0.030620865523815155
GAS,BAD,UCB_WITHOUT_VAE_UNCERTAINTY,57,Q loss,17,0.04819425195455551
GAS,BAD,UCB_WITHOUT_VAE_UNCERTAINTY,57,Q loss,18,0.050976477563381195
GAS,BAD,UCB_WITHOUT_VAE_UNCERTAINTY,57,Q loss,19,0.02789515256881714
GAS,BAD,UCB_WITHOUT_VAE_UNCERTAINTY,57,Q loss,20,0.06618629395961761
GAS,BAD,UCB_WITHOUT_VAE_UNCERTAINTY,57,Q loss,21,0.05875305086374283
GAS,BAD,UCB_WITHOUT_VAE_UNCERTAINTY,57,Q loss,22,0.03290998190641403
GAS,BAD,UCB_WITHOUT_VAE_UNCERTAINTY,57,Q loss,23,0.06439308822154999
GAS,BAD,UCB_WITHOUT_VAE_UNCERTAINTY,57,Q loss,24,0.052014611661434174
GAS,BAD,UCB_WITHOUT_VAE_UNCERTAINTY,57,Q loss,25,0.03592701256275177
GAS,BAD,UCB_WITHOUT_VAE_UNCERTAINTY,57,Q loss,26,0.02837112918496132
GAS,BAD,UCB_WITHOUT_VAE_UNCERTAINTY,57,Q loss,27,0.053627483546733856
GAS,BAD,UCB_WITHOUT_VAE_UNCERTAINTY,57,Q loss,28,0.03808414563536644
GAS,BAD,UCB_WITHOUT_VAE_UNCERTAINTY,57,Q loss,29,0.04585454985499382
GAS,BAD,UCB_WITHOUT_VAE_UNCERTAINTY,57,Q loss,30,0.03186320513486862
GAS,BAD,UCB_WITHOUT_VAE_UNCERTAINTY,57,Q loss,31,0.06494218111038208
GAS,BAD,UCB_WITHOUT_VAE_UNCERTAINTY,57,Q loss,32,0.0339418463408947
GAS,BAD,UCB_WITHOUT_VAE_UNCERTAINTY,57,Q loss,33,0.036719419062137604
GAS,BAD,UCB_WITHOUT_VAE_UNCERTAINTY,57,Q loss,34,0.03872555494308472
GAS,BAD,UCB_WITHOUT_VAE_UNCERTAINTY,57,Q loss,35,0.06457623839378357
GAS,BAD,UCB_WITHOUT_VAE_UNCERTAINTY,57,Q loss,36,0.053353890776634216
GAS,BAD,UCB_WITHOUT_VAE_UNCERTAINTY,57,Q loss,37,0.023108413442969322
GAS,BAD,UCB_WITHOUT_VAE_UNCERTAINTY,57,Q loss,38,0.053674984723329544
GAS,BAD,UCB_WITHOUT_VAE_UNCERTAINTY,57,Q loss,39,0.06538283824920654
GAS,BAD,UCB_WITHOUT_VAE_UNCERTAINTY,57,Q loss,40,0.05114290118217468
GAS,BAD,UCB_WITHOUT_VAE_UNCERTAINTY,57,Q loss,41,0.09308846294879913
GAS,BAD,UCB_WITHOUT_VAE_UNCERTAINTY,57,Q loss,42,0.08503024280071259
GAS,BAD,UCB_WITHOUT_VAE_UNCERTAINTY,57,Q loss,43,0.054911620914936066
GAS,BAD,UCB_WITHOUT_VAE_UNCERTAINTY,57,Q loss,44,0.08000828325748444
GAS,BAD,UCB_WITHOUT_VAE_UNCERTAINTY,57,Q loss,45,0.12085887789726257
GAS,BAD,UCB_WITHOUT_VAE_UNCERTAINTY,57,Q loss,46,0.09329191595315933
GAS,BAD,UCB_WITHOUT_VAE_UNCERTAINTY,57,Q loss,47,0.06913590431213379
GAS,BAD,UCB_WITHOUT_VAE_UNCERTAINTY,57,Q loss,48,0.08209136873483658
GAS,BAD,UCB_WITHOUT_VAE_UNCERTAINTY,57,Q loss,49,0.07575055211782455
GAS,BAD,UCB_WITHOUT_VAE_UNCERTAINTY,57,Q loss,50,0.04229803383350372
GAS,BAD,UCB_WITHOUT_VAE_UNCERTAINTY,57,Q loss,51,0.04804790019989014
GAS,BAD,UCB_WITHOUT_VAE_UNCERTAINTY,57,Q loss,52,0.06592443585395813
GAS,BAD,UCB_WITHOUT_VAE_UNCERTAINTY,57,Q loss,53,0.0881255492568016
GAS,BAD,UCB_WITHOUT_VAE_UNCERTAINTY,57,Q loss,54,0.05881299823522568
GAS,BAD,UCB_WITHOUT_VAE_UNCERTAINTY,57,Q loss,55,0.02382226288318634
GAS,BAD,UCB_WITHOUT_VAE_UNCERTAINTY,57,Q loss,56,0.06441091001033783
GAS,BAD,UCB_WITHOUT_VAE_UNCERTAINTY,57,Q loss,57,0.046543367207050323
GAS,BAD,UCB_WITHOUT_VAE_UNCERTAINTY,57,Q loss,58,0.026615209877490997
GAS,BAD,UCB_WITHOUT_VAE_UNCERTAINTY,57,Q loss,59,0.08606544137001038
GAS,BAD,UCB_WITHOUT_VAE_UNCERTAINTY,57,Q loss,60,0.056968316435813904
GAS,BAD,UCB_WITHOUT_VAE_UNCERTAINTY,57,Q loss,61,0.02263929881155491
GAS,BAD,UCB_WITHOUT_VAE_UNCERTAINTY,57,Q loss,62,0.0232579056173563
GAS,BAD,UCB_WITHOUT_VAE_UNCERTAINTY,57,Q loss,63,0.0632002055644989
GAS,BAD,UCB_WITHOUT_VAE_UNCERTAINTY,57,Q loss,64,0.07134738564491272
GAS,BAD,UCB_WITHOUT_VAE_UNCERTAINTY,57,Q loss,65,0.06116342544555664
GAS,BAD,UCB_WITHOUT_VAE_UNCERTAINTY,57,Q loss,66,0.04306108504533768
GAS,BAD,UCB_WITHOUT_VAE_UNCERTAINTY,57,Q loss,67,0.06755015254020691
GAS,BAD,UCB_WITHOUT_VAE_UNCERTAINTY,57,Q loss,68,0.03834563493728638
GAS,BAD,UCB_WITHOUT_VAE_UNCERTAINTY,57,Q loss,69,0.03567332774400711
GAS,BAD,UCB_WITHOUT_VAE_UNCERTAINTY,57,Q loss,70,0.0590902678668499
GAS,BAD,UCB_WITHOUT_VAE_UNCERTAINTY,57,Q loss,71,0.05559653043746948
GAS,BAD,UCB_WITHOUT_VAE_UNCERTAINTY,57,Q loss,72,0.06394263356924057
GAS,BAD,UCB_WITHOUT_VAE_UNCERTAINTY,57,Q loss,73,0.024165762588381767
GAS,BAD,UCB_WITHOUT_VAE_UNCERTAINTY,57,Q loss,74,0.06302101910114288
GAS,BAD,UCB_WITHOUT_VAE_UNCERTAINTY,57,Q loss,75,0.04081420600414276
GAS,BAD,UCB_WITHOUT_VAE_UNCERTAINTY,57,Q loss,76,0.032026294618844986
GAS,BAD,UCB_WITHOUT_VAE_UNCERTAINTY,57,Q loss,77,0.06339244544506073
GAS,BAD,UCB_WITHOUT_VAE_UNCERTAINTY,57,Q loss,78,0.07800532877445221
GAS,BAD,UCB_WITHOUT_VAE_UNCERTAINTY,57,Q loss,79,0.043537430465221405
GAS,BAD,UCB_WITHOUT_VAE_UNCERTAINTY,57,Q loss,80,0.02514771558344364
GAS,BAD,UCB_WITHOUT_VAE_UNCERTAINTY,57,Q loss,81,0.07077676802873611
GAS,BAD,UCB_WITHOUT_VAE_UNCERTAINTY,57,Q loss,82,0.09396995604038239
GAS,BAD,UCB_WITHOUT_VAE_UNCERTAINTY,57,Q loss,83,0.09939678758382797
GAS,BAD,UCB_WITHOUT_VAE_UNCERTAINTY,57,Q loss,84,0.08291725814342499
GAS,BAD,UCB_WITHOUT_VAE_UNCERTAINTY,57,Q loss,85,0.08987431973218918
GAS,BAD,UCB_WITHOUT_VAE_UNCERTAINTY,57,Q loss,86,0.10449396818876266
GAS,BAD,UCB_WITHOUT_VAE_UNCERTAINTY,57,Q loss,87,0.0713154599070549
GAS,BAD,UCB_WITHOUT_VAE_UNCERTAINTY,57,Q loss,88,0.08088484406471252
GAS,BAD,UCB_WITHOUT_VAE_UNCERTAINTY,57,Q loss,89,0.17850042879581451
GAS,BAD,UCB_WITHOUT_VAE_UNCERTAINTY,57,Q loss,90,0.04297817498445511
GAS,BAD,UCB_WITHOUT_VAE_UNCERTAINTY,57,Q loss,91,0.021707527339458466
GAS,BAD,UCB_WITHOUT_VAE_UNCERTAINTY,57,Q loss,92,0.05836972966790199
GAS,BAD,UCB_WITHOUT_VAE_UNCERTAINTY,57,Q loss,93,0.026121143251657486
GAS,BAD,UCB_WITHOUT_VAE_UNCERTAINTY,57,Q loss,94,0.03343819081783295
GAS,BAD,UCB_WITHOUT_VAE_UNCERTAINTY,57,Q loss,95,0.05033567175269127
GAS,BAD,UCB_WITHOUT_VAE_UNCERTAINTY,57,Q loss,96,0.054510097950696945
GAS,BAD,UCB_WITHOUT_VAE_UNCERTAINTY,57,Q loss,97,0.020816901698708534
GAS,BAD,UCB_WITHOUT_VAE_UNCERTAINTY,57,Q loss,98,0.02704923041164875
GAS,BAD,UCB_WITHOUT_VAE_UNCERTAINTY,57,Q loss,99,0.05674612894654274
GAS,BAD,UCB_WITHOUT_VAE_UNCERTAINTY,57,Q loss,100,0.034411635249853134
GAS,BAD,UCB_WITHOUT_VAE_UNCERTAINTY,57,Q loss,101,0.03222894296050072
GAS,BAD,UCB_WITHOUT_VAE_UNCERTAINTY,57,Q loss,102,0.02755245752632618
GAS,BAD,UCB_WITHOUT_VAE_UNCERTAINTY,57,Q loss,103,0.039382465183734894
GAS,BAD,UCB_WITHOUT_VAE_UNCERTAINTY,57,Q loss,104,0.033827044069767
GAS,BAD,UCB_WITHOUT_VAE_UNCERTAINTY,57,Q loss,105,0.0306147038936615
GAS,BAD,UCB_WITHOUT_VAE_UNCERTAINTY,57,Q loss,106,0.03646330162882805
GAS,BAD,UCB_WITHOUT_VAE_UNCERTAINTY,57,Q loss,107,0.047197576612234116
GAS,BAD,UCB_WITHOUT_VAE_UNCERTAINTY,57,Q loss,108,0.03972073644399643
GAS,BAD,UCB_WITHOUT_VAE_UNCERTAINTY,57,Q loss,109,0.019717073068022728
GAS,BAD,UCB_WITHOUT_VAE_UNCERTAINTY,57,Q loss,110,0.04071053862571716
GAS,BAD,UCB_WITHOUT_VAE_UNCERTAINTY,57,Q loss,111,0.020936626940965652
GAS,BAD,UCB_WITHOUT_VAE_UNCERTAINTY,57,Q loss,112,0.014195103198289871
GAS,BAD,UCB_WITHOUT_VAE_UNCERTAINTY,57,Q loss,113,0.042858272790908813
GAS,BAD,UCB_WITHOUT_VAE_UNCERTAINTY,57,Q loss,114,0.051349788904190063
GAS,BAD,UCB_WITHOUT_VAE_UNCERTAINTY,57,Q loss,115,0.025939475744962692
GAS,BAD,UCB_WITHOUT_VAE_UNCERTAINTY,57,Q loss,116,0.03819599747657776
GAS,BAD,UCB_WITHOUT_VAE_UNCERTAINTY,57,Q loss,117,0.06208701804280281
GAS,BAD,UCB_WITHOUT_VAE_UNCERTAINTY,57,Q loss,118,0.1436745822429657
GAS,BAD,UCB_WITHOUT_VAE_UNCERTAINTY,57,Q loss,119,0.06645116209983826
GAS,BAD,UCB_WITHOUT_VAE_UNCERTAINTY,57,Q loss,120,0.06937235593795776
GAS,BAD,UCB_WITHOUT_VAE_UNCERTAINTY,57,Q loss,121,0.10349162667989731
GAS,BAD,UCB_WITHOUT_VAE_UNCERTAINTY,57,Q loss,122,0.06247720494866371
GAS,BAD,UCB_WITHOUT_VAE_UNCERTAINTY,57,Q loss,123,0.07048602402210236
GAS,BAD,UCB_WITHOUT_VAE_UNCERTAINTY,57,Q loss,124,0.05044316127896309
GAS,BAD,UCB_WITHOUT_VAE_UNCERTAINTY,57,Q loss,125,0.050719548016786575
GAS,BAD,UCB_WITHOUT_VAE_UNCERTAINTY,57,Q loss,126,0.04522942006587982
GAS,BAD,UCB_WITHOUT_VAE_UNCERTAINTY,57,Q loss,127,0.01274307630956173
GAS,BAD,UCB_WITHOUT_VAE_UNCERTAINTY,57,Q loss,128,0.04412142187356949
GAS,BAD,UCB_WITHOUT_VAE_UNCERTAINTY,57,Q loss,129,0.01530203502625227
GAS,BAD,UCB_WITHOUT_VAE_UNCERTAINTY,57,Q loss,130,0.015468143858015537
GAS,BAD,UCB_WITHOUT_VAE_UNCERTAINTY,57,Q loss,131,0.030086316168308258
GAS,BAD,UCB_WITHOUT_VAE_UNCERTAINTY,57,Q loss,132,0.050482071936130524
GAS,BAD,UCB_WITHOUT_VAE_UNCERTAINTY,57,Q loss,133,0.016284193843603134
GAS,BAD,UCB_WITHOUT_VAE_UNCERTAINTY,57,Q loss,134,0.013939052820205688
GAS,BAD,UCB_WITHOUT_VAE_UNCERTAINTY,57,Q loss,135,0.049943000078201294
GAS,BAD,UCB_WITHOUT_VAE_UNCERTAINTY,57,Q loss,136,0.07900378853082657
GAS,BAD,UCB_WITHOUT_VAE_UNCERTAINTY,57,Q loss,137,0.06662476062774658
GAS,BAD,UCB_WITHOUT_VAE_UNCERTAINTY,57,Q loss,138,0.058504827320575714
GAS,BAD,UCB_WITHOUT_VAE_UNCERTAINTY,57,Q loss,139,0.06727796792984009
GAS,BAD,UCB_WITHOUT_VAE_UNCERTAINTY,57,Q loss,140,0.06979414820671082
GAS,BAD,UCB_WITHOUT_VAE_UNCERTAINTY,57,Q loss,141,0.07832244038581848
GAS,BAD,UCB_WITHOUT_VAE_UNCERTAINTY,57,Q loss,142,0.04297944903373718
GAS,BAD,UCB_WITHOUT_VAE_UNCERTAINTY,57,Q loss,143,0.08337641507387161
GAS,BAD,UCB_WITHOUT_VAE_UNCERTAINTY,57,Q loss,144,0.042430177330970764
GAS,BAD,UCB_WITHOUT_VAE_UNCERTAINTY,57,Q loss,145,0.017500728368759155
GAS,BAD,UCB_WITHOUT_VAE_UNCERTAINTY,57,Q loss,146,0.04724998399615288
GAS,BAD,UCB_WITHOUT_VAE_UNCERTAINTY,57,Q loss,147,0.011274241842329502
GAS,BAD,UCB_WITHOUT_VAE_UNCERTAINTY,57,Q loss,148,0.016020111739635468
GAS,BAD,UCB_WITHOUT_VAE_UNCERTAINTY,57,Q loss,149,0.042433470487594604
GAS,BAD,UCB_WITHOUT_VAE_UNCERTAINTY,57,Q loss,150,0.04532415419816971
GAS,BAD,UCB_WITHOUT_VAE_UNCERTAINTY,57,Q loss,151,0.013232339173555374
GAS,BAD,UCB_WITHOUT_VAE_UNCERTAINTY,57,Q loss,152,0.014609454199671745
GAS,BAD,UCB_WITHOUT_VAE_UNCERTAINTY,57,Q loss,153,0.03517421707510948
GAS,BAD,UCB_WITHOUT_VAE_UNCERTAINTY,57,Q loss,154,0.05509991571307182
GAS,BAD,UCB_WITHOUT_VAE_UNCERTAINTY,57,Q loss,155,0.06060783565044403
GAS,BAD,UCB_WITHOUT_VAE_UNCERTAINTY,57,Q loss,156,0.02615899220108986
GAS,BAD,UCB_WITHOUT_VAE_UNCERTAINTY,57,Q loss,157,0.03977471590042114
GAS,BAD,UCB_WITHOUT_VAE_UNCERTAINTY,57,Q loss,158,0.018498096615076065
GAS,BAD,UCB_WITHOUT_VAE_UNCERTAINTY,57,Q loss,159,0.05526085942983627
GAS,BAD,UCB_WITHOUT_VAE_UNCERTAINTY,57,Q loss,160,0.02464195154607296
GAS,BAD,UCB_WITHOUT_VAE_UNCERTAINTY,57,Q loss,161,0.033658720552921295
GAS,BAD,UCB_WITHOUT_VAE_UNCERTAINTY,57,Q loss,162,0.03737453743815422
GAS,BAD,UCB_WITHOUT_VAE_UNCERTAINTY,57,Q loss,163,0.010577009990811348
GAS,BAD,UCB_WITHOUT_VAE_UNCERTAINTY,57,Q loss,164,0.042888134717941284
GAS,BAD,UCB_WITHOUT_VAE_UNCERTAINTY,57,Q loss,165,0.015999987721443176
GAS,BAD,UCB_WITHOUT_VAE_UNCERTAINTY,57,Q loss,166,0.013968341052532196
GAS,BAD,UCB_WITHOUT_VAE_UNCERTAINTY,57,Q loss,167,0.034979864954948425
GAS,BAD,UCB_WITHOUT_VAE_UNCERTAINTY,57,Q loss,168,0.029651997610926628
GAS,BAD,UCB_WITHOUT_VAE_UNCERTAINTY,57,Q loss,169,0.012653856538236141
GAS,BAD,UCB_WITHOUT_VAE_UNCERTAINTY,57,Q loss,170,0.013448838144540787
GAS,BAD,UCB_WITHOUT_VAE_UNCERTAINTY,57,Q loss,171,0.03810370713472366
GAS,BAD,UCB_WITHOUT_VAE_UNCERTAINTY,57,Q loss,172,0.012757748365402222
GAS,BAD,UCB_WITHOUT_VAE_UNCERTAINTY,57,Q loss,173,0.019246898591518402
GAS,BAD,UCB_WITHOUT_VAE_UNCERTAINTY,57,Q loss,174,0.00948889646679163
GAS,BAD,UCB_WITHOUT_VAE_UNCERTAINTY,57,Q loss,175,0.020144574344158173
GAS,BAD,UCB_WITHOUT_VAE_UNCERTAINTY,57,Q loss,176,0.016584619879722595
GAS,BAD,UCB_WITHOUT_VAE_UNCERTAINTY,57,Q loss,177,0.02213374525308609
GAS,BAD,UCB_WITHOUT_VAE_UNCERTAINTY,57,Q loss,178,0.01441231556236744
GAS,BAD,UCB_WITHOUT_VAE_UNCERTAINTY,57,Q loss,179,0.017024772241711617
GAS,BAD,UCB_WITHOUT_VAE_UNCERTAINTY,57,Q loss,180,0.029131831601262093
GAS,BAD,UCB_WITHOUT_VAE_UNCERTAINTY,57,Q loss,181,0.008256958797574043
GAS,BAD,UCB_WITHOUT_VAE_UNCERTAINTY,57,Q loss,182,0.03235214576125145
GAS,BAD,UCB_WITHOUT_VAE_UNCERTAINTY,57,Q loss,183,0.0058926804922521114
GAS,BAD,UCB_WITHOUT_VAE_UNCERTAINTY,57,Q loss,184,0.01726970262825489
GAS,BAD,UCB_WITHOUT_VAE_UNCERTAINTY,57,Q loss,185,0.023603005334734917
GAS,BAD,UCB_WITHOUT_VAE_UNCERTAINTY,57,Q loss,186,0.04477063938975334
GAS,BAD,UCB_WITHOUT_VAE_UNCERTAINTY,57,Q loss,187,0.0108508775010705
GAS,BAD,UCB_WITHOUT_VAE_UNCERTAINTY,57,Q loss,188,0.017118018120527267
GAS,BAD,UCB_WITHOUT_VAE_UNCERTAINTY,57,Q loss,189,0.03071483224630356
GAS,BAD,UCB_WITHOUT_VAE_UNCERTAINTY,57,Q loss,190,0.015656618401408195
GAS,BAD,UCB_WITHOUT_VAE_UNCERTAINTY,57,Q loss,191,0.05010799691081047
GAS,BAD,UCB_WITHOUT_VAE_UNCERTAINTY,57,Q loss,192,0.02440793626010418
GAS,BAD,UCB_WITHOUT_VAE_UNCERTAINTY,57,Q loss,193,0.014366570860147476
GAS,BAD,UCB_WITHOUT_VAE_UNCERTAINTY,57,Q loss,194,0.02313571237027645
GAS,BAD,UCB_WITHOUT_VAE_UNCERTAINTY,57,Q loss,195,0.025264345109462738
GAS,BAD,UCB_WITHOUT_VAE_UNCERTAINTY,57,Q loss,196,0.01044326089322567
GAS,BAD,UCB_WITHOUT_VAE_UNCERTAINTY,57,Q loss,197,0.013143154792487621
GAS,BAD,UCB_WITHOUT_VAE_UNCERTAINTY,57,Q loss,198,0.02603049948811531
GAS,BAD,UCB_WITHOUT_VAE_UNCERTAINTY,57,Q loss,199,0.011100833304226398
GAS,BAD,UCB_WITHOUT_VAE_UNCERTAINTY,57,Q loss,200,0.03495342284440994
GAS,BAD,UCB_WITHOUT_VAE_UNCERTAINTY,57,Q loss,201,0.007077382877469063
GAS,BAD,UCB_WITHOUT_VAE_UNCERTAINTY,57,Q loss,202,0.0134492889046669
GAS,BAD,UCB_WITHOUT_VAE_UNCERTAINTY,57,Q loss,203,0.029225338250398636
GAS,BAD,UCB_WITHOUT_VAE_UNCERTAINTY,57,Q loss,204,0.031740784645080566
GAS,BAD,UCB_WITHOUT_VAE_UNCERTAINTY,57,Q loss,205,0.011054780334234238
GAS,BAD,UCB_WITHOUT_VAE_UNCERTAINTY,57,Q loss,206,0.007352855056524277
GAS,BAD,UCB_WITHOUT_VAE_UNCERTAINTY,57,Q loss,207,0.025633491575717926
GAS,BAD,UCB_WITHOUT_VAE_UNCERTAINTY,57,Q loss,208,0.04533754661679268
GAS,BAD,UCB_WITHOUT_VAE_UNCERTAINTY,57,Q loss,209,0.013904097490012646
GAS,BAD,UCB_WITHOUT_VAE_UNCERTAINTY,57,Q loss,210,0.014851128682494164
GAS,BAD,UCB_WITHOUT_VAE_UNCERTAINTY,57,Q loss,211,0.01420699805021286
GAS,BAD,UCB_WITHOUT_VAE_UNCERTAINTY,57,Q loss,212,0.024929147213697433
GAS,BAD,UCB_WITHOUT_VAE_UNCERTAINTY,57,Q loss,213,0.030543362721800804
GAS,BAD,UCB_WITHOUT_VAE_UNCERTAINTY,57,Q loss,214,0.030033119022846222
GAS,BAD,UCB_WITHOUT_VAE_UNCERTAINTY,57,Q loss,215,0.017270397394895554
GAS,BAD,UCB_WITHOUT_VAE_UNCERTAINTY,57,Q loss,216,0.02673216164112091
GAS,BAD,UCB_WITHOUT_VAE_UNCERTAINTY,57,Q loss,217,0.011875847354531288
GAS,BAD,UCB_WITHOUT_VAE_UNCERTAINTY,57,Q loss,218,0.028378527611494064
GAS,BAD,UCB_WITHOUT_VAE_UNCERTAINTY,57,Q loss,219,0.014403929933905602
GAS,BAD,UCB_WITHOUT_VAE_UNCERTAINTY,57,Q loss,220,0.0089137963950634
GAS,BAD,UCB_WITHOUT_VAE_UNCERTAINTY,57,Q loss,221,0.03768349438905716
GAS,BAD,UCB_WITHOUT_VAE_UNCERTAINTY,57,Q loss,222,0.014752060174942017
GAS,BAD,UCB_WITHOUT_VAE_UNCERTAINTY,57,Q loss,223,0.007031722459942102
GAS,BAD,UCB_WITHOUT_VAE_UNCERTAINTY,57,Q loss,224,0.007322455756366253
GAS,BAD,UCB_WITHOUT_VAE_UNCERTAINTY,57,Q loss,225,0.032679274678230286
GAS,BAD,UCB_WITHOUT_VAE_UNCERTAINTY,57,Q loss,226,0.011381158605217934
GAS,BAD,UCB_WITHOUT_VAE_UNCERTAINTY,57,Q loss,227,0.011595289222896099
GAS,BAD,UCB_WITHOUT_VAE_UNCERTAINTY,57,Q loss,228,0.012642711400985718
GAS,BAD,UCB_WITHOUT_VAE_UNCERTAINTY,57,Q loss,229,0.009831156581640244
GAS,BAD,UCB_WITHOUT_VAE_UNCERTAINTY,57,Q loss,230,0.00782157201319933
GAS,BAD,UCB_WITHOUT_VAE_UNCERTAINTY,57,Q loss,231,0.013815970160067081
GAS,BAD,UCB_WITHOUT_VAE_UNCERTAINTY,57,Q loss,232,0.013497298583388329
GAS,BAD,UCB_WITHOUT_VAE_UNCERTAINTY,57,Q loss,233,0.009611713699996471
GAS,BAD,UCB_WITHOUT_VAE_UNCERTAINTY,57,Q loss,234,0.021034028381109238
GAS,BAD,UCB_WITHOUT_VAE_UNCERTAINTY,57,Q loss,235,0.011009246110916138
GAS,BAD,UCB_WITHOUT_VAE_UNCERTAINTY,57,Q loss,236,0.029413878917694092
GAS,BAD,UCB_WITHOUT_VAE_UNCERTAINTY,57,Q loss,237,0.005797418765723705
GAS,BAD,UCB_WITHOUT_VAE_UNCERTAINTY,57,Q loss,238,0.010566805489361286
GAS,BAD,UCB_WITHOUT_VAE_UNCERTAINTY,57,Q loss,239,0.030144890770316124
GAS,BAD,UCB_WITHOUT_VAE_UNCERTAINTY,57,Q loss,240,0.019131164997816086
GAS,BAD,UCB_WITHOUT_VAE_UNCERTAINTY,57,Q loss,241,0.004161176271736622
GAS,BAD,UCB_WITHOUT_VAE_UNCERTAINTY,57,Q loss,242,0.008258865214884281
GAS,BAD,UCB_WITHOUT_VAE_UNCERTAINTY,57,Q loss,243,0.035332247614860535
GAS,BAD,UCB_WITHOUT_VAE_UNCERTAINTY,57,Q loss,244,0.0030174413695931435
GAS,BAD,UCB_WITHOUT_VAE_UNCERTAINTY,57,Q loss,245,0.008630276657640934
GAS,BAD,UCB_WITHOUT_VAE_UNCERTAINTY,57,Q loss,246,0.005600332282483578
GAS,BAD,UCB_WITHOUT_VAE_UNCERTAINTY,57,Q loss,247,0.012685529887676239
GAS,BAD,UCB_WITHOUT_VAE_UNCERTAINTY,57,Q loss,248,0.005412047263234854
GAS,BAD,UCB_WITHOUT_VAE_UNCERTAINTY,57,Q loss,249,0.01512212585657835
GAS,BAD,UCB_WITHOUT_VAE_UNCERTAINTY,57,Q loss,250,0.0043037449941039085
GAS,BAD,UCB_WITHOUT_VAE_UNCERTAINTY,57,Q loss,251,0.004995959810912609
GAS,BAD,UCB_WITHOUT_VAE_UNCERTAINTY,57,Q loss,252,0.012665865942835808
GAS,BAD,UCB_WITHOUT_VAE_UNCERTAINTY,57,Q loss,253,0.0068579185754060745
GAS,BAD,UCB_WITHOUT_VAE_UNCERTAINTY,57,Q loss,254,0.027075491845607758
GAS,BAD,UCB_WITHOUT_VAE_UNCERTAINTY,57,Q loss,255,0.015483912080526352
GAS,BAD,UCB_WITHOUT_VAE_UNCERTAINTY,57,Q loss,256,0.0090388935059309
GAS,BAD,UCB_WITHOUT_VAE_UNCERTAINTY,57,Q loss,257,0.020796729251742363
GAS,BAD,UCB_WITHOUT_VAE_UNCERTAINTY,57,Q loss,258,0.02288837358355522
GAS,BAD,UCB_WITHOUT_VAE_UNCERTAINTY,57,Q loss,259,0.006347175687551498
GAS,BAD,UCB_WITHOUT_VAE_UNCERTAINTY,57,Q loss,260,0.008243069984018803
GAS,BAD,UCB_WITHOUT_VAE_UNCERTAINTY,57,Q loss,261,0.029659120365977287
GAS,BAD,UCB_WITHOUT_VAE_UNCERTAINTY,57,Q loss,262,0.011014471761882305
GAS,BAD,UCB_WITHOUT_VAE_UNCERTAINTY,57,Q loss,263,0.007313400506973267
GAS,BAD,UCB_WITHOUT_VAE_UNCERTAINTY,57,Q loss,264,0.01697227731347084
GAS,BAD,UCB_WITHOUT_VAE_UNCERTAINTY,57,Q loss,265,0.020598426461219788
GAS,BAD,UCB_WITHOUT_VAE_UNCERTAINTY,57,Q loss,266,0.022790970280766487
GAS,BAD,UCB_WITHOUT_VAE_UNCERTAINTY,57,Q loss,267,0.020391907542943954
GAS,BAD,UCB_WITHOUT_VAE_UNCERTAINTY,57,Q loss,268,0.010936310514807701
GAS,BAD,UCB_WITHOUT_VAE_UNCERTAINTY,57,Q loss,269,0.007556691765785217
GAS,BAD,UCB_WITHOUT_VAE_UNCERTAINTY,57,Q loss,270,0.01657370664179325
GAS,BAD,UCB_WITHOUT_VAE_UNCERTAINTY,57,Q loss,271,0.008417684584856033
GAS,BAD,UCB_WITHOUT_VAE_UNCERTAINTY,57,Q loss,272,0.02138235792517662
GAS,BAD,UCB_WITHOUT_VAE_UNCERTAINTY,57,Q loss,273,0.0023734343703836203
GAS,BAD,UCB_WITHOUT_VAE_UNCERTAINTY,57,Q loss,274,0.013119428418576717
GAS,BAD,UCB_WITHOUT_VAE_UNCERTAINTY,57,Q loss,275,0.01849837228655815
GAS,BAD,UCB_WITHOUT_VAE_UNCERTAINTY,57,Q loss,276,0.019575893878936768
GAS,BAD,UCB_WITHOUT_VAE_UNCERTAINTY,57,Q loss,277,0.0030823340639472008
GAS,BAD,UCB_WITHOUT_VAE_UNCERTAINTY,57,Q loss,278,0.006429177708923817
GAS,BAD,UCB_WITHOUT_VAE_UNCERTAINTY,57,Q loss,279,0.029850643128156662
GAS,BAD,UCB_WITHOUT_VAE_UNCERTAINTY,57,Q loss,280,0.0036387406289577484
GAS,BAD,UCB_WITHOUT_VAE_UNCERTAINTY,57,Q loss,281,0.010845047421753407
GAS,BAD,UCB_WITHOUT_VAE_UNCERTAINTY,57,Q loss,282,0.003403021488338709
GAS,BAD,UCB_WITHOUT_VAE_UNCERTAINTY,57,Q loss,283,0.008784737437963486
GAS,BAD,UCB_WITHOUT_VAE_UNCERTAINTY,57,Q loss,284,0.004705654922872782
GAS,BAD,UCB_WITHOUT_VAE_UNCERTAINTY,57,Q loss,285,0.00975364726036787
GAS,BAD,UCB_WITHOUT_VAE_UNCERTAINTY,57,Q loss,286,0.0030075914692133665
GAS,BAD,UCB_WITHOUT_VAE_UNCERTAINTY,57,Q loss,287,0.012601158581674099
GAS,BAD,UCB_WITHOUT_VAE_UNCERTAINTY,57,Q loss,288,0.014494816772639751
GAS,BAD,UCB_WITHOUT_VAE_UNCERTAINTY,57,Q loss,289,0.006982711143791676
GAS,BAD,UCB_WITHOUT_VAE_UNCERTAINTY,57,Q loss,290,0.022394023835659027
GAS,BAD,UCB_WITHOUT_VAE_UNCERTAINTY,57,Q loss,291,0.002883328590542078
GAS,BAD,UCB_WITHOUT_VAE_UNCERTAINTY,57,Q loss,292,0.010485864244401455
GAS,BAD,UCB_WITHOUT_VAE_UNCERTAINTY,57,Q loss,293,0.02042459137737751
GAS,BAD,UCB_WITHOUT_VAE_UNCERTAINTY,57,Q loss,294,0.016161493957042694
GAS,BAD,UCB_WITHOUT_VAE_UNCERTAINTY,57,Q loss,295,0.006757756229490042
GAS,BAD,UCB_WITHOUT_VAE_UNCERTAINTY,57,Q loss,296,0.005576838739216328
GAS,BAD,UCB_WITHOUT_VAE_UNCERTAINTY,57,Q loss,297,0.025085408240556717
GAS,BAD,UCB_WITHOUT_VAE_UNCERTAINTY,57,Q loss,298,0.005095022730529308
GAS,BAD,UCB_WITHOUT_VAE_UNCERTAINTY,57,Q loss,299,0.005122465547174215
GAS,BAD,UCB_WITHOUT_VAE_UNCERTAINTY,57,Q loss,300,0.003026606049388647
GAS,BAD,UCB_WITHOUT_VAE_UNCERTAINTY,57,Q loss,301,0.01138787716627121
GAS,BAD,UCB_WITHOUT_VAE_UNCERTAINTY,57,Q loss,302,0.005789041984826326
GAS,BAD,UCB_WITHOUT_VAE_UNCERTAINTY,57,Q loss,303,0.00855519250035286
GAS,BAD,UCB_WITHOUT_VAE_UNCERTAINTY,57,Q loss,304,0.0041324966587126255
GAS,BAD,UCB_WITHOUT_VAE_UNCERTAINTY,57,Q loss,305,0.005819404497742653
GAS,BAD,UCB_WITHOUT_VAE_UNCERTAINTY,57,Q loss,306,0.01533852145075798
GAS,BAD,UCB_WITHOUT_VAE_UNCERTAINTY,57,Q loss,307,0.007802000269293785
GAS,BAD,UCB_WITHOUT_VAE_UNCERTAINTY,57,Q loss,308,0.024431828409433365
GAS,BAD,UCB_WITHOUT_VAE_UNCERTAINTY,57,Q loss,309,0.0076941801235079765
GAS,BAD,UCB_WITHOUT_VAE_UNCERTAINTY,57,Q loss,310,0.008384204469621181
GAS,BAD,UCB_WITHOUT_VAE_UNCERTAINTY,57,Q loss,311,0.01820157840847969
GAS,BAD,UCB_WITHOUT_VAE_UNCERTAINTY,57,Q loss,312,0.01880018599331379
GAS,BAD,UCB_WITHOUT_VAE_UNCERTAINTY,57,Q loss,313,0.00422961451113224
GAS,BAD,UCB_WITHOUT_VAE_UNCERTAINTY,57,Q loss,314,0.0052408091723918915
GAS,BAD,UCB_WITHOUT_VAE_UNCERTAINTY,57,Q loss,315,0.028077496215701103
GAS,BAD,UCB_WITHOUT_VAE_UNCERTAINTY,57,Q loss,316,0.0063062324188649654
GAS,BAD,UCB_WITHOUT_VAE_UNCERTAINTY,57,Q loss,317,0.006365305744111538
GAS,BAD,UCB_WITHOUT_VAE_UNCERTAINTY,57,Q loss,318,0.006880247034132481
GAS,BAD,UCB_WITHOUT_VAE_UNCERTAINTY,57,Q loss,319,0.015535582788288593
GAS,BAD,UCB_WITHOUT_VAE_UNCERTAINTY,57,Q loss,320,0.005883076228201389
GAS,BAD,UCB_WITHOUT_VAE_UNCERTAINTY,57,Q loss,321,0.008563781157135963
GAS,BAD,UCB_WITHOUT_VAE_UNCERTAINTY,57,Q loss,322,0.011849770322442055
GAS,BAD,UCB_WITHOUT_VAE_UNCERTAINTY,57,Q loss,323,0.002930138725787401
GAS,BAD,UCB_WITHOUT_VAE_UNCERTAINTY,57,Q loss,324,0.015241122804582119
GAS,BAD,UCB_WITHOUT_VAE_UNCERTAINTY,57,Q loss,325,0.006146663334220648
GAS,BAD,UCB_WITHOUT_VAE_UNCERTAINTY,57,Q loss,326,0.02509433589875698
GAS,BAD,UCB_WITHOUT_VAE_UNCERTAINTY,57,Q loss,327,0.0056950245052576065
GAS,BAD,UCB_WITHOUT_VAE_UNCERTAINTY,57,Q loss,328,0.008810573257505894
GAS,BAD,UCB_WITHOUT_VAE_UNCERTAINTY,57,Q loss,329,0.020532920956611633
GAS,BAD,UCB_WITHOUT_VAE_UNCERTAINTY,57,Q loss,330,0.012562028132379055
GAS,BAD,UCB_WITHOUT_VAE_UNCERTAINTY,57,Q loss,331,0.007735402788966894
GAS,BAD,UCB_WITHOUT_VAE_UNCERTAINTY,57,Q loss,332,0.0060969507321715355
GAS,BAD,UCB_WITHOUT_VAE_UNCERTAINTY,57,Q loss,333,0.029988814145326614
GAS,BAD,UCB_WITHOUT_VAE_UNCERTAINTY,57,Q loss,334,0.009767601266503334
GAS,BAD,UCB_WITHOUT_VAE_UNCERTAINTY,57,Q loss,335,0.01365605928003788
GAS,BAD,UCB_WITHOUT_VAE_UNCERTAINTY,57,Q loss,336,0.012440277263522148
GAS,BAD,UCB_WITHOUT_VAE_UNCERTAINTY,57,Q loss,337,0.012703312560915947
GAS,BAD,UCB_WITHOUT_VAE_UNCERTAINTY,57,Q loss,338,0.004785073921084404
GAS,BAD,UCB_WITHOUT_VAE_UNCERTAINTY,57,Q loss,339,0.00685005122795701
GAS,BAD,UCB_WITHOUT_VAE_UNCERTAINTY,57,Q loss,340,0.002261808607727289
GAS,BAD,UCB_WITHOUT_VAE_UNCERTAINTY,57,Q loss,341,0.008228261955082417
GAS,BAD,UCB_WITHOUT_VAE_UNCERTAINTY,57,Q loss,342,0.01586042530834675
GAS,BAD,UCB_WITHOUT_VAE_UNCERTAINTY,57,Q loss,343,0.007042170502245426
GAS,BAD,UCB_WITHOUT_VAE_UNCERTAINTY,57,Q loss,344,0.01960437186062336
GAS,BAD,UCB_WITHOUT_VAE_UNCERTAINTY,57,Q loss,345,0.006766758859157562
GAS,BAD,UCB_WITHOUT_VAE_UNCERTAINTY,57,Q loss,346,0.01028535608202219
GAS,BAD,UCB_WITHOUT_VAE_UNCERTAINTY,57,Q loss,347,0.013596338219940662
GAS,BAD,UCB_WITHOUT_VAE_UNCERTAINTY,57,Q loss,348,0.013185284100472927
GAS,BAD,UCB_WITHOUT_VAE_UNCERTAINTY,57,Q loss,349,0.006791258230805397
GAS,BAD,UCB_WITHOUT_VAE_UNCERTAINTY,57,Q loss,350,0.004181169904768467
GAS,BAD,UCB_WITHOUT_VAE_UNCERTAINTY,57,Q loss,351,0.02700294926762581
GAS,BAD,UCB_WITHOUT_VAE_UNCERTAINTY,57,Q loss,352,0.0009212580625899136
GAS,BAD,UCB_WITHOUT_VAE_UNCERTAINTY,57,Q loss,353,0.010836539790034294
GAS,BAD,UCB_WITHOUT_VAE_UNCERTAINTY,57,Q loss,354,0.002297712955623865
GAS,BAD,UCB_WITHOUT_VAE_UNCERTAINTY,57,Q loss,355,0.0032894585747271776
GAS,BAD,UCB_WITHOUT_VAE_UNCERTAINTY,57,Q loss,356,0.00644217524677515
GAS,BAD,UCB_WITHOUT_VAE_UNCERTAINTY,57,Q loss,357,0.0084795281291008
GAS,BAD,UCB_WITHOUT_VAE_UNCERTAINTY,57,Q loss,358,0.007939609698951244
GAS,BAD,UCB_WITHOUT_VAE_UNCERTAINTY,57,Q loss,359,0.004817315377295017
GAS,BAD,UCB_WITHOUT_VAE_UNCERTAINTY,57,Q loss,360,0.013711712323129177
GAS,BAD,UCB_WITHOUT_VAE_UNCERTAINTY,57,Q loss,361,0.005859310273081064
GAS,BAD,UCB_WITHOUT_VAE_UNCERTAINTY,57,Q loss,362,0.022431716322898865
GAS,BAD,UCB_WITHOUT_VAE_UNCERTAINTY,57,Q loss,363,0.002946566790342331
GAS,BAD,UCB_WITHOUT_VAE_UNCERTAINTY,57,Q loss,364,0.00841386616230011
GAS,BAD,UCB_WITHOUT_VAE_UNCERTAINTY,57,Q loss,365,0.029091378673911095
GAS,BAD,UCB_WITHOUT_VAE_UNCERTAINTY,57,Q loss,366,0.012759881094098091
GAS,BAD,UCB_WITHOUT_VAE_UNCERTAINTY,57,Q loss,367,0.0068561309017241
GAS,BAD,UCB_WITHOUT_VAE_UNCERTAINTY,57,Q loss,368,0.0068850284442305565
GAS,BAD,UCB_WITHOUT_VAE_UNCERTAINTY,57,Q loss,369,0.018580414354801178
GAS,BAD,UCB_WITHOUT_VAE_UNCERTAINTY,57,Q loss,370,0.004056519828736782
GAS,BAD,UCB_WITHOUT_VAE_UNCERTAINTY,57,Q loss,371,0.0024281449150294065
GAS,BAD,UCB_WITHOUT_VAE_UNCERTAINTY,57,Q loss,372,0.004773557186126709
GAS,BAD,UCB_WITHOUT_VAE_UNCERTAINTY,57,Q loss,373,0.002067111898213625
GAS,BAD,UCB_WITHOUT_VAE_UNCERTAINTY,57,Q loss,374,0.003135901875793934
GAS,BAD,UCB_WITHOUT_VAE_UNCERTAINTY,57,Q loss,375,0.009924560785293579
GAS,BAD,UCB_WITHOUT_VAE_UNCERTAINTY,57,Q loss,376,0.0063364142552018166
GAS,BAD,UCB_WITHOUT_VAE_UNCERTAINTY,57,Q loss,377,0.007288443855941296
GAS,BAD,UCB_WITHOUT_VAE_UNCERTAINTY,57,Q loss,378,0.008826257660984993
GAS,BAD,UCB_WITHOUT_VAE_UNCERTAINTY,57,Q loss,379,0.008053716272115707
GAS,BAD,UCB_WITHOUT_VAE_UNCERTAINTY,57,Q loss,380,0.019828282296657562
GAS,BAD,UCB_WITHOUT_VAE_UNCERTAINTY,57,Q loss,381,0.009252060204744339
GAS,BAD,UCB_WITHOUT_VAE_UNCERTAINTY,57,Q loss,382,0.006070267874747515
GAS,BAD,UCB_WITHOUT_VAE_UNCERTAINTY,57,Q loss,383,0.01397789642214775
GAS,BAD,UCB_WITHOUT_VAE_UNCERTAINTY,57,Q loss,384,0.009768843650817871
GAS,BAD,UCB_WITHOUT_VAE_UNCERTAINTY,57,Q loss,385,0.007432602345943451
GAS,BAD,UCB_WITHOUT_VAE_UNCERTAINTY,57,Q loss,386,0.00570010207593441
GAS,BAD,UCB_WITHOUT_VAE_UNCERTAINTY,57,Q loss,387,0.01996891386806965
GAS,BAD,UCB_WITHOUT_VAE_UNCERTAINTY,57,Q loss,388,0.00523730181157589
GAS,BAD,UCB_WITHOUT_VAE_UNCERTAINTY,57,Q loss,389,0.0034280286636203527
GAS,BAD,UCB_WITHOUT_VAE_UNCERTAINTY,57,Q loss,390,0.0013448500540107489
GAS,BAD,UCB_WITHOUT_VAE_UNCERTAINTY,57,Q loss,391,0.004567302763462067
GAS,BAD,UCB_WITHOUT_VAE_UNCERTAINTY,57,Q loss,392,0.004713865462690592
GAS,BAD,UCB_WITHOUT_VAE_UNCERTAINTY,57,Q loss,393,0.0065698446705937386
GAS,BAD,UCB_WITHOUT_VAE_UNCERTAINTY,57,Q loss,394,0.004712678492069244
GAS,BAD,UCB_WITHOUT_VAE_UNCERTAINTY,57,Q loss,395,0.00560286920517683
GAS,BAD,UCB_WITHOUT_VAE_UNCERTAINTY,57,Q loss,396,0.009305804967880249
GAS,BAD,UCB_WITHOUT_VAE_UNCERTAINTY,57,Q loss,397,0.006486412137746811
GAS,BAD,UCB_WITHOUT_VAE_UNCERTAINTY,57,Q loss,398,0.017384031787514687
GAS,BAD,UCB_WITHOUT_VAE_UNCERTAINTY,57,Q loss,399,0.004716333467513323
GAS,BAD,UCB_WITHOUT_VAE_UNCERTAINTY,57,Q loss,400,0.015362605452537537
GAS,BAD,UCB_WITHOUT_VAE_UNCERTAINTY,57,Q loss,401,0.01842811331152916
GAS,BAD,UCB_WITHOUT_VAE_UNCERTAINTY,57,Q loss,402,0.009522054344415665
GAS,BAD,UCB_WITHOUT_VAE_UNCERTAINTY,57,Q loss,403,0.009719016961753368
GAS,BAD,UCB_WITHOUT_VAE_UNCERTAINTY,57,Q loss,404,0.005792267620563507
GAS,BAD,UCB_WITHOUT_VAE_UNCERTAINTY,57,Q loss,405,0.016913149505853653
GAS,BAD,UCB_WITHOUT_VAE_UNCERTAINTY,57,Q loss,406,0.007450174540281296
GAS,BAD,UCB_WITHOUT_VAE_UNCERTAINTY,57,Q loss,407,0.0047448077239096165
GAS,BAD,UCB_WITHOUT_VAE_UNCERTAINTY,57,Q loss,408,0.007148209027945995
GAS,BAD,UCB_WITHOUT_VAE_UNCERTAINTY,57,Q loss,409,0.0052390433847904205
GAS,BAD,UCB_WITHOUT_VAE_UNCERTAINTY,57,Q loss,410,0.001598515547811985
GAS,BAD,UCB_WITHOUT_VAE_UNCERTAINTY,57,Q loss,411,0.005196231883019209
GAS,BAD,UCB_WITHOUT_VAE_UNCERTAINTY,57,Q loss,412,0.0020703093614429235
GAS,BAD,UCB_WITHOUT_VAE_UNCERTAINTY,57,Q loss,413,0.008086493238806725
GAS,BAD,UCB_WITHOUT_VAE_UNCERTAINTY,57,Q loss,414,0.007532247342169285
GAS,BAD,UCB_WITHOUT_VAE_UNCERTAINTY,57,Q loss,415,0.005373737774789333
GAS,BAD,UCB_WITHOUT_VAE_UNCERTAINTY,57,Q loss,416,0.014852708205580711
GAS,BAD,UCB_WITHOUT_VAE_UNCERTAINTY,57,Q loss,417,0.0042283795773983
GAS,BAD,UCB_WITHOUT_VAE_UNCERTAINTY,57,Q loss,418,0.006338631734251976
GAS,BAD,UCB_WITHOUT_VAE_UNCERTAINTY,57,Q loss,419,0.021590324118733406
GAS,BAD,UCB_WITHOUT_VAE_UNCERTAINTY,57,Q loss,420,0.012532152235507965
GAS,BAD,UCB_WITHOUT_VAE_UNCERTAINTY,57,Q loss,421,0.0072273979894816875
GAS,BAD,UCB_WITHOUT_VAE_UNCERTAINTY,57,Q loss,422,0.004927875008434057
GAS,BAD,UCB_WITHOUT_VAE_UNCERTAINTY,57,Q loss,423,0.017535045742988586
GAS,BAD,UCB_WITHOUT_VAE_UNCERTAINTY,57,Q loss,424,0.00919768214225769
GAS,BAD,UCB_WITHOUT_VAE_UNCERTAINTY,57,Q loss,425,0.003175092162564397
GAS,BAD,UCB_WITHOUT_VAE_UNCERTAINTY,57,Q loss,426,0.0027127547655254602
GAS,BAD,UCB_WITHOUT_VAE_UNCERTAINTY,57,Q loss,427,0.007221032399684191
GAS,BAD,UCB_WITHOUT_VAE_UNCERTAINTY,57,Q loss,428,0.0037439956795424223
GAS,BAD,UCB_WITHOUT_VAE_UNCERTAINTY,57,Q loss,429,0.0035429594572633505
GAS,BAD,UCB_WITHOUT_VAE_UNCERTAINTY,57,Q loss,430,0.002451651729643345
GAS,BAD,UCB_WITHOUT_VAE_UNCERTAINTY,57,Q loss,431,0.004096577875316143
GAS,BAD,UCB_WITHOUT_VAE_UNCERTAINTY,57,Q loss,432,0.005602041259407997
GAS,BAD,UCB_WITHOUT_VAE_UNCERTAINTY,57,Q loss,433,0.004884389229118824
GAS,BAD,UCB_WITHOUT_VAE_UNCERTAINTY,57,Q loss,434,0.022140849381685257
GAS,BAD,UCB_WITHOUT_VAE_UNCERTAINTY,57,Q loss,435,0.0049882191233336926
GAS,BAD,UCB_WITHOUT_VAE_UNCERTAINTY,57,Q loss,436,0.011104704812169075
GAS,BAD,UCB_WITHOUT_VAE_UNCERTAINTY,57,Q loss,437,0.015312226489186287
GAS,BAD,UCB_WITHOUT_VAE_UNCERTAINTY,57,Q loss,438,0.009955082088708878
GAS,BAD,UCB_WITHOUT_VAE_UNCERTAINTY,57,Q loss,439,0.010193598456680775
GAS,BAD,UCB_WITHOUT_VAE_UNCERTAINTY,57,Q loss,440,0.006063164211809635
GAS,BAD,UCB_WITHOUT_VAE_UNCERTAINTY,57,Q loss,441,0.016278715804219246
GAS,BAD,UCB_WITHOUT_VAE_UNCERTAINTY,57,Q loss,442,0.003748300950974226
GAS,BAD,UCB_WITHOUT_VAE_UNCERTAINTY,57,Q loss,443,0.005311557091772556
GAS,BAD,UCB_WITHOUT_VAE_UNCERTAINTY,57,Q loss,444,0.004138665739446878
GAS,BAD,UCB_WITHOUT_VAE_UNCERTAINTY,57,Q loss,445,0.001521216006949544
GAS,BAD,UCB_WITHOUT_VAE_UNCERTAINTY,57,Q loss,446,0.0018374202772974968
GAS,BAD,UCB_WITHOUT_VAE_UNCERTAINTY,57,Q loss,447,0.005036241374909878
GAS,BAD,UCB_WITHOUT_VAE_UNCERTAINTY,57,Q loss,448,0.0022568288259208202
GAS,BAD,UCB_WITHOUT_VAE_UNCERTAINTY,57,Q loss,449,0.00403390871360898
GAS,BAD,UCB_WITHOUT_VAE_UNCERTAINTY,57,Q loss,450,0.00959068164229393
GAS,BAD,UCB_WITHOUT_VAE_UNCERTAINTY,57,Q loss,451,0.0030868169851601124
GAS,BAD,UCB_WITHOUT_VAE_UNCERTAINTY,57,Q loss,452,0.014061852358281612
GAS,BAD,UCB_WITHOUT_VAE_UNCERTAINTY,57,Q loss,453,0.004791474901139736
GAS,BAD,UCB_WITHOUT_VAE_UNCERTAINTY,57,Q loss,454,0.008931039832532406
GAS,BAD,UCB_WITHOUT_VAE_UNCERTAINTY,57,Q loss,455,0.017433464527130127
GAS,BAD,UCB_WITHOUT_VAE_UNCERTAINTY,57,Q loss,456,0.008862948045134544
GAS,BAD,UCB_WITHOUT_VAE_UNCERTAINTY,57,Q loss,457,0.005239221267402172
GAS,BAD,UCB_WITHOUT_VAE_UNCERTAINTY,57,Q loss,458,0.008634067140519619
GAS,BAD,UCB_WITHOUT_VAE_UNCERTAINTY,57,Q loss,459,0.013004065491259098
GAS,BAD,UCB_WITHOUT_VAE_UNCERTAINTY,57,Q loss,460,0.0035366020165383816
GAS,BAD,UCB_WITHOUT_VAE_UNCERTAINTY,57,Q loss,461,0.004048669245094061
GAS,BAD,UCB_WITHOUT_VAE_UNCERTAINTY,57,Q loss,462,0.0027446975000202656
GAS,BAD,UCB_WITHOUT_VAE_UNCERTAINTY,57,Q loss,463,0.005280202720314264
GAS,BAD,UCB_WITHOUT_VAE_UNCERTAINTY,57,Q loss,464,0.002703860169276595
GAS,BAD,UCB_WITHOUT_VAE_UNCERTAINTY,57,Q loss,465,0.006354896817356348
GAS,BAD,UCB_WITHOUT_VAE_UNCERTAINTY,57,Q loss,466,0.006173379253596067
GAS,BAD,UCB_WITHOUT_VAE_UNCERTAINTY,57,Q loss,467,0.006651358213275671
GAS,BAD,UCB_WITHOUT_VAE_UNCERTAINTY,57,Q loss,468,0.009414557367563248
GAS,BAD,UCB_WITHOUT_VAE_UNCERTAINTY,57,Q loss,469,0.0038771701510995626
GAS,BAD,UCB_WITHOUT_VAE_UNCERTAINTY,57,Q loss,470,0.018887661397457123
GAS,BAD,UCB_WITHOUT_VAE_UNCERTAINTY,57,Q loss,471,0.002904859371483326
GAS,BAD,UCB_WITHOUT_VAE_UNCERTAINTY,57,Q loss,472,0.010747812688350677
GAS,BAD,UCB_WITHOUT_VAE_UNCERTAINTY,57,Q loss,473,0.014530017971992493
GAS,BAD,UCB_WITHOUT_VAE_UNCERTAINTY,57,Q loss,474,0.011166098527610302
GAS,BAD,UCB_WITHOUT_VAE_UNCERTAINTY,57,Q loss,475,0.006880936212837696
GAS,BAD,UCB_WITHOUT_VAE_UNCERTAINTY,57,Q loss,476,0.005764603614807129
GAS,BAD,UCB_WITHOUT_VAE_UNCERTAINTY,57,Q loss,477,0.016772476956248283
GAS,BAD,UCB_WITHOUT_VAE_UNCERTAINTY,57,Q loss,478,0.006618165411055088
GAS,BAD,UCB_WITHOUT_VAE_UNCERTAINTY,57,Q loss,479,0.0043886443600058556
GAS,BAD,UCB_WITHOUT_VAE_UNCERTAINTY,57,Q loss,480,0.003345567500218749
GAS,BAD,UCB_WITHOUT_VAE_UNCERTAINTY,57,Q loss,481,0.004681444261223078
GAS,BAD,UCB_WITHOUT_VAE_UNCERTAINTY,57,Q loss,482,0.003572746179997921
GAS,BAD,UCB_WITHOUT_VAE_UNCERTAINTY,57,Q loss,483,0.00502676609903574
GAS,BAD,UCB_WITHOUT_VAE_UNCERTAINTY,57,Q loss,484,0.003364971373230219
GAS,BAD,UCB_WITHOUT_VAE_UNCERTAINTY,57,Q loss,485,0.0023799664340913296
GAS,BAD,UCB_WITHOUT_VAE_UNCERTAINTY,57,Q loss,486,0.008412751369178295
GAS,BAD,UCB_WITHOUT_VAE_UNCERTAINTY,57,Q loss,487,0.006288554519414902
GAS,BAD,UCB_WITHOUT_VAE_UNCERTAINTY,57,Q loss,488,0.01911463402211666
GAS,BAD,UCB_WITHOUT_VAE_UNCERTAINTY,57,Q loss,489,0.006216580048203468
GAS,BAD,UCB_WITHOUT_VAE_UNCERTAINTY,57,Q loss,490,0.006844097748398781
GAS,BAD,UCB_WITHOUT_VAE_UNCERTAINTY,57,Q loss,491,0.013591166585683823
GAS,BAD,UCB_WITHOUT_VAE_UNCERTAINTY,57,Q loss,492,0.01354205422103405
GAS,BAD,UCB_WITHOUT_VAE_UNCERTAINTY,57,Q loss,493,0.005106892436742783
GAS,BAD,UCB_WITHOUT_VAE_UNCERTAINTY,57,Q loss,494,0.0034642526879906654
GAS,BAD,UCB_WITHOUT_VAE_UNCERTAINTY,57,Q loss,495,0.010913059115409851
GAS,BAD,UCB_WITHOUT_VAE_UNCERTAINTY,57,Q loss,496,0.008140062913298607
GAS,BAD,UCB_WITHOUT_VAE_UNCERTAINTY,57,Q loss,497,0.00285073509439826
GAS,BAD,UCB_WITHOUT_VAE_UNCERTAINTY,57,Q loss,498,0.0008181453449651599
GAS,BAD,UCB_WITHOUT_VAE_UNCERTAINTY,57,Q loss,499,0.011367241851985455
GAS,BAD,UCB_WITHOUT_VAE_UNCERTAINTY,57,Q loss,500,0.003590933745726943
GAS,BAD,UCB_WITHOUT_VAE_UNCERTAINTY,57,Q loss,501,0.005526818335056305
GAS,BAD,UCB_WITHOUT_VAE_UNCERTAINTY,57,Q loss,502,0.00546703115105629
GAS,BAD,UCB_WITHOUT_VAE_UNCERTAINTY,57,Q loss,503,0.0022783668246120214
GAS,BAD,UCB_WITHOUT_VAE_UNCERTAINTY,57,Q loss,504,0.004220321774482727
GAS,BAD,UCB_WITHOUT_VAE_UNCERTAINTY,57,Q loss,505,0.004347414709627628
GAS,BAD,UCB_WITHOUT_VAE_UNCERTAINTY,57,Q loss,506,0.010485272854566574
GAS,BAD,UCB_WITHOUT_VAE_UNCERTAINTY,57,Q loss,507,0.005888981744647026
GAS,BAD,UCB_WITHOUT_VAE_UNCERTAINTY,57,Q loss,508,0.007458830717951059
GAS,BAD,UCB_WITHOUT_VAE_UNCERTAINTY,57,Q loss,509,0.012978481128811836
GAS,BAD,UCB_WITHOUT_VAE_UNCERTAINTY,57,Q loss,510,0.00855423603206873
GAS,BAD,UCB_WITHOUT_VAE_UNCERTAINTY,57,Q loss,511,0.011232451535761356
GAS,BAD,UCB_WITHOUT_VAE_UNCERTAINTY,57,Q loss,512,0.0029927813448011875
GAS,BAD,UCB_WITHOUT_VAE_UNCERTAINTY,57,Q loss,513,0.0204172283411026
GAS,BAD,UCB_WITHOUT_VAE_UNCERTAINTY,57,Q loss,514,0.0035311365500092506
GAS,BAD,UCB_WITHOUT_VAE_UNCERTAINTY,57,Q loss,515,0.0024277009069919586
GAS,BAD,UCB_WITHOUT_VAE_UNCERTAINTY,57,Q loss,516,0.0021339787635952234
GAS,BAD,UCB_WITHOUT_VAE_UNCERTAINTY,57,Q loss,517,0.001289489446207881
GAS,BAD,UCB_WITHOUT_VAE_UNCERTAINTY,57,Q loss,518,0.0023559120018035173
GAS,BAD,UCB_WITHOUT_VAE_UNCERTAINTY,57,Q loss,519,0.0039343759417533875
GAS,BAD,UCB_WITHOUT_VAE_UNCERTAINTY,57,Q loss,520,0.00205429014749825
GAS,BAD,UCB_WITHOUT_VAE_UNCERTAINTY,57,Q loss,521,0.006553007755428553
GAS,BAD,UCB_WITHOUT_VAE_UNCERTAINTY,57,Q loss,522,0.011019440367817879
GAS,BAD,UCB_WITHOUT_VAE_UNCERTAINTY,57,Q loss,523,0.006557161919772625
GAS,BAD,UCB_WITHOUT_VAE_UNCERTAINTY,57,Q loss,524,0.01060271356254816
GAS,BAD,UCB_WITHOUT_VAE_UNCERTAINTY,57,Q loss,525,0.010985876433551311
GAS,BAD,UCB_WITHOUT_VAE_UNCERTAINTY,57,Q loss,526,0.008596833795309067
GAS,BAD,UCB_WITHOUT_VAE_UNCERTAINTY,57,Q loss,527,0.00783008523285389
GAS,BAD,UCB_WITHOUT_VAE_UNCERTAINTY,57,Q loss,528,0.0049578044563531876
GAS,BAD,UCB_WITHOUT_VAE_UNCERTAINTY,57,Q loss,529,0.006467469967901707
GAS,BAD,UCB_WITHOUT_VAE_UNCERTAINTY,57,Q loss,530,0.00711609423160553
GAS,BAD,UCB_WITHOUT_VAE_UNCERTAINTY,57,Q loss,531,0.013612818904221058
GAS,BAD,UCB_WITHOUT_VAE_UNCERTAINTY,57,Q loss,532,0.005690715275704861
GAS,BAD,UCB_WITHOUT_VAE_UNCERTAINTY,57,Q loss,533,0.0016666032606735826
GAS,BAD,UCB_WITHOUT_VAE_UNCERTAINTY,57,Q loss,534,0.0024070851504802704
GAS,BAD,UCB_WITHOUT_VAE_UNCERTAINTY,57,Q loss,535,0.0038437529001384974
GAS,BAD,UCB_WITHOUT_VAE_UNCERTAINTY,57,Q loss,536,0.0011502112029120326
GAS,BAD,UCB_WITHOUT_VAE_UNCERTAINTY,57,Q loss,537,0.007023799233138561
GAS,BAD,UCB_WITHOUT_VAE_UNCERTAINTY,57,Q loss,538,0.007252731826156378
GAS,BAD,UCB_WITHOUT_VAE_UNCERTAINTY,57,Q loss,539,0.005367110949009657
GAS,BAD,UCB_WITHOUT_VAE_UNCERTAINTY,57,Q loss,540,0.007608795538544655
GAS,BAD,UCB_WITHOUT_VAE_UNCERTAINTY,57,Q loss,541,0.0029676572885364294
GAS,BAD,UCB_WITHOUT_VAE_UNCERTAINTY,57,Q loss,542,0.013194947503507137
GAS,BAD,UCB_WITHOUT_VAE_UNCERTAINTY,57,Q loss,543,0.0065902541391551495
GAS,BAD,UCB_WITHOUT_VAE_UNCERTAINTY,57,Q loss,544,0.010546850040555
GAS,BAD,UCB_WITHOUT_VAE_UNCERTAINTY,57,Q loss,545,0.01176128163933754
GAS,BAD,UCB_WITHOUT_VAE_UNCERTAINTY,57,Q loss,546,0.005529827903956175
GAS,BAD,UCB_WITHOUT_VAE_UNCERTAINTY,57,Q loss,547,0.004948530811816454
GAS,BAD,UCB_WITHOUT_VAE_UNCERTAINTY,57,Q loss,548,0.003721547545865178
GAS,BAD,UCB_WITHOUT_VAE_UNCERTAINTY,57,Q loss,549,0.015515826642513275
GAS,BAD,UCB_WITHOUT_VAE_UNCERTAINTY,57,Q loss,550,0.0032338877208530903
GAS,BAD,UCB_WITHOUT_VAE_UNCERTAINTY,57,Q loss,551,0.0060338471084833145
GAS,BAD,UCB_WITHOUT_VAE_UNCERTAINTY,57,Q loss,552,0.0016345904441550374
GAS,BAD,UCB_WITHOUT_VAE_UNCERTAINTY,57,Q loss,553,0.002160226460546255
GAS,BAD,UCB_WITHOUT_VAE_UNCERTAINTY,57,Q loss,554,0.002655422780662775
GAS,BAD,UCB_WITHOUT_VAE_UNCERTAINTY,57,Q loss,555,0.0048276023007929325
GAS,BAD,UCB_WITHOUT_VAE_UNCERTAINTY,57,Q loss,556,0.001564097823575139
GAS,BAD,UCB_WITHOUT_VAE_UNCERTAINTY,57,Q loss,557,0.006345225498080254
GAS,BAD,UCB_WITHOUT_VAE_UNCERTAINTY,57,Q loss,558,0.010993375442922115
GAS,BAD,UCB_WITHOUT_VAE_UNCERTAINTY,57,Q loss,559,0.005618320312350988
GAS,BAD,UCB_WITHOUT_VAE_UNCERTAINTY,57,Q loss,560,0.007750918157398701
GAS,BAD,UCB_WITHOUT_VAE_UNCERTAINTY,57,Q loss,561,0.009882137179374695
GAS,BAD,UCB_WITHOUT_VAE_UNCERTAINTY,57,Q loss,562,0.009584728628396988
GAS,BAD,UCB_WITHOUT_VAE_UNCERTAINTY,57,Q loss,563,0.011633006855845451
GAS,BAD,UCB_WITHOUT_VAE_UNCERTAINTY,57,Q loss,564,0.008842496201395988
GAS,BAD,UCB_WITHOUT_VAE_UNCERTAINTY,57,Q loss,565,0.005566289648413658
GAS,BAD,UCB_WITHOUT_VAE_UNCERTAINTY,57,Q loss,566,0.0030945201870054007
GAS,BAD,UCB_WITHOUT_VAE_UNCERTAINTY,57,Q loss,567,0.01231319922953844
GAS,BAD,UCB_WITHOUT_VAE_UNCERTAINTY,57,Q loss,568,0.005065128207206726
GAS,BAD,UCB_WITHOUT_VAE_UNCERTAINTY,57,Q loss,569,0.006073490716516972
GAS,BAD,UCB_WITHOUT_VAE_UNCERTAINTY,57,Q loss,570,0.0025023852940648794
GAS,BAD,UCB_WITHOUT_VAE_UNCERTAINTY,57,Q loss,571,0.005630075000226498
GAS,BAD,UCB_WITHOUT_VAE_UNCERTAINTY,57,Q loss,572,0.005829613655805588
GAS,BAD,UCB_WITHOUT_VAE_UNCERTAINTY,57,Q loss,573,0.0074492865242064
GAS,BAD,UCB_WITHOUT_VAE_UNCERTAINTY,57,Q loss,574,0.001762243453413248
GAS,BAD,UCB_WITHOUT_VAE_UNCERTAINTY,57,Q loss,575,0.006701957900077105
GAS,BAD,UCB_WITHOUT_VAE_UNCERTAINTY,57,Q loss,576,0.008665861561894417
GAS,BAD,UCB_WITHOUT_VAE_UNCERTAINTY,57,Q loss,577,0.004494781605899334
GAS,BAD,UCB_WITHOUT_VAE_UNCERTAINTY,57,Q loss,578,0.013786420226097107
GAS,BAD,UCB_WITHOUT_VAE_UNCERTAINTY,57,Q loss,579,0.004292971454560757
GAS,BAD,UCB_WITHOUT_VAE_UNCERTAINTY,57,Q loss,580,0.008482640609145164
GAS,BAD,UCB_WITHOUT_VAE_UNCERTAINTY,57,Q loss,581,0.013890055939555168
GAS,BAD,UCB_WITHOUT_VAE_UNCERTAINTY,57,Q loss,582,0.013286197558045387
GAS,BAD,UCB_WITHOUT_VAE_UNCERTAINTY,57,Q loss,583,0.0064812470227479935
GAS,BAD,UCB_WITHOUT_VAE_UNCERTAINTY,57,Q loss,584,0.005181801505386829
GAS,BAD,UCB_WITHOUT_VAE_UNCERTAINTY,57,Q loss,585,0.012901492416858673
GAS,BAD,UCB_WITHOUT_VAE_UNCERTAINTY,57,Q loss,586,0.001115596853196621
GAS,BAD,UCB_WITHOUT_VAE_UNCERTAINTY,57,Q loss,587,0.0035083319526165724
GAS,BAD,UCB_WITHOUT_VAE_UNCERTAINTY,57,Q loss,588,0.004198592621833086
GAS,BAD,UCB_WITHOUT_VAE_UNCERTAINTY,57,Q loss,589,0.003838344942778349
GAS,BAD,UCB_WITHOUT_VAE_UNCERTAINTY,57,Q loss,590,0.006152896676212549
GAS,BAD,UCB_WITHOUT_VAE_UNCERTAINTY,57,Q loss,591,0.006051997654139996
GAS,BAD,UCB_WITHOUT_VAE_UNCERTAINTY,57,Q loss,592,0.002544472925364971
GAS,BAD,UCB_WITHOUT_VAE_UNCERTAINTY,57,Q loss,593,0.003444537054747343
GAS,BAD,UCB_WITHOUT_VAE_UNCERTAINTY,57,Q loss,594,0.010160118341445923
GAS,BAD,UCB_WITHOUT_VAE_UNCERTAINTY,57,Q loss,595,0.00795762613415718
GAS,BAD,UCB_WITHOUT_VAE_UNCERTAINTY,57,Q loss,596,0.016481179744005203
GAS,BAD,UCB_WITHOUT_VAE_UNCERTAINTY,57,Q loss,597,0.00310768885537982
GAS,BAD,UCB_WITHOUT_VAE_UNCERTAINTY,57,Q loss,598,0.010398882441222668
GAS,BAD,UCB_WITHOUT_VAE_UNCERTAINTY,57,Q loss,599,0.012499289587140083
GAS,BAD,UCB_WITHOUT_VAE_UNCERTAINTY,57,Q loss,600,0.005305761005729437
GAS,BAD,UCB_WITHOUT_VAE_UNCERTAINTY,57,Q loss,601,0.0060478271916508675
GAS,BAD,UCB_WITHOUT_VAE_UNCERTAINTY,57,Q loss,602,0.005944918841123581
GAS,BAD,UCB_WITHOUT_VAE_UNCERTAINTY,57,Q loss,603,0.012386531569063663
GAS,BAD,UCB_WITHOUT_VAE_UNCERTAINTY,57,Q loss,604,0.0029137965757399797
GAS,BAD,UCB_WITHOUT_VAE_UNCERTAINTY,57,Q loss,605,0.002686325926333666
GAS,BAD,UCB_WITHOUT_VAE_UNCERTAINTY,57,Q loss,606,0.0017281679902225733
GAS,BAD,UCB_WITHOUT_VAE_UNCERTAINTY,57,Q loss,607,0.0015008407644927502
GAS,BAD,UCB_WITHOUT_VAE_UNCERTAINTY,57,Q loss,608,0.0036976418923586607
GAS,BAD,UCB_WITHOUT_VAE_UNCERTAINTY,57,Q loss,609,0.0034715994261205196
GAS,BAD,UCB_WITHOUT_VAE_UNCERTAINTY,57,Q loss,610,0.005534249357879162
GAS,BAD,UCB_WITHOUT_VAE_UNCERTAINTY,57,Q loss,611,0.0017679287120699883
GAS,BAD,UCB_WITHOUT_VAE_UNCERTAINTY,57,Q loss,612,0.013756914995610714
GAS,BAD,UCB_WITHOUT_VAE_UNCERTAINTY,57,Q loss,613,0.006086164154112339
GAS,BAD,UCB_WITHOUT_VAE_UNCERTAINTY,57,Q loss,614,0.009227894246578217
GAS,BAD,UCB_WITHOUT_VAE_UNCERTAINTY,57,Q loss,615,0.0033507533371448517
GAS,BAD,UCB_WITHOUT_VAE_UNCERTAINTY,57,Q loss,616,0.006480536423623562
GAS,BAD,UCB_WITHOUT_VAE_UNCERTAINTY,57,Q loss,617,0.014389037154614925
GAS,BAD,UCB_WITHOUT_VAE_UNCERTAINTY,57,Q loss,618,0.009151371195912361
GAS,BAD,UCB_WITHOUT_VAE_UNCERTAINTY,57,Q loss,619,0.0077201505191624165
GAS,BAD,UCB_WITHOUT_VAE_UNCERTAINTY,57,Q loss,620,0.0041109295561909676
GAS,BAD,UCB_WITHOUT_VAE_UNCERTAINTY,57,Q loss,621,0.01624608412384987
GAS,BAD,UCB_WITHOUT_VAE_UNCERTAINTY,57,Q loss,622,0.008358214050531387
GAS,BAD,UCB_WITHOUT_VAE_UNCERTAINTY,57,Q loss,623,0.0035956641659140587
GAS,BAD,UCB_WITHOUT_VAE_UNCERTAINTY,57,Q loss,624,0.0019178572110831738
GAS,BAD,UCB_WITHOUT_VAE_UNCERTAINTY,57,Q loss,625,0.0036089601926505566
GAS,BAD,UCB_WITHOUT_VAE_UNCERTAINTY,57,Q loss,626,0.0028463033959269524
GAS,BAD,UCB_WITHOUT_VAE_UNCERTAINTY,57,Q loss,627,0.004667311441153288
GAS,BAD,UCB_WITHOUT_VAE_UNCERTAINTY,57,Q loss,628,0.001970803365111351
GAS,BAD,UCB_WITHOUT_VAE_UNCERTAINTY,57,Q loss,629,0.0035825707018375397
GAS,BAD,UCB_WITHOUT_VAE_UNCERTAINTY,57,Q loss,630,0.008609341457486153
GAS,BAD,UCB_WITHOUT_VAE_UNCERTAINTY,57,Q loss,631,0.0030417952220886946
GAS,BAD,UCB_WITHOUT_VAE_UNCERTAINTY,57,Q loss,632,0.009401543065905571
GAS,BAD,UCB_WITHOUT_VAE_UNCERTAINTY,57,Q loss,633,0.00692710280418396
GAS,BAD,UCB_WITHOUT_VAE_UNCERTAINTY,57,Q loss,634,0.0055671436712145805
GAS,BAD,UCB_WITHOUT_VAE_UNCERTAINTY,57,Q loss,635,0.013378715142607689
GAS,BAD,UCB_WITHOUT_VAE_UNCERTAINTY,57,Q loss,636,0.005250793881714344
GAS,BAD,UCB_WITHOUT_VAE_UNCERTAINTY,57,Q loss,637,0.006618151441216469
GAS,BAD,UCB_WITHOUT_VAE_UNCERTAINTY,57,Q loss,638,0.004729923792183399
GAS,BAD,UCB_WITHOUT_VAE_UNCERTAINTY,57,Q loss,639,0.013841047883033752
GAS,BAD,UCB_WITHOUT_VAE_UNCERTAINTY,57,Q loss,640,0.002515579340979457
GAS,BAD,UCB_WITHOUT_VAE_UNCERTAINTY,57,Q loss,641,0.0028727403841912746
GAS,BAD,UCB_WITHOUT_VAE_UNCERTAINTY,57,Q loss,642,0.0012464808532968163
GAS,BAD,UCB_WITHOUT_VAE_UNCERTAINTY,57,Q loss,643,0.010397925972938538
GAS,BAD,UCB_WITHOUT_VAE_UNCERTAINTY,57,Q loss,644,0.001933668740093708
GAS,BAD,UCB_WITHOUT_VAE_UNCERTAINTY,57,Q loss,645,0.006506458856165409
GAS,BAD,UCB_WITHOUT_VAE_UNCERTAINTY,57,Q loss,646,0.004529643803834915
GAS,BAD,UCB_WITHOUT_VAE_UNCERTAINTY,57,Q loss,647,0.002991551300510764
GAS,BAD,UCB_WITHOUT_VAE_UNCERTAINTY,57,Q loss,648,0.010299693793058395
GAS,BAD,UCB_WITHOUT_VAE_UNCERTAINTY,57,Q loss,649,0.005445046350359917
GAS,BAD,UCB_WITHOUT_VAE_UNCERTAINTY,57,Q loss,650,0.011102011427283287
GAS,BAD,UCB_WITHOUT_VAE_UNCERTAINTY,57,Q loss,651,0.004918452352285385
GAS,BAD,UCB_WITHOUT_VAE_UNCERTAINTY,57,Q loss,652,0.00888155959546566
GAS,BAD,UCB_WITHOUT_VAE_UNCERTAINTY,57,Q loss,653,0.011272617615759373
GAS,BAD,UCB_WITHOUT_VAE_UNCERTAINTY,57,Q loss,654,0.010926598682999611
GAS,BAD,UCB_WITHOUT_VAE_UNCERTAINTY,57,Q loss,655,0.005490078125149012
GAS,BAD,UCB_WITHOUT_VAE_UNCERTAINTY,57,Q loss,656,0.007775564678013325
GAS,BAD,UCB_WITHOUT_VAE_UNCERTAINTY,57,Q loss,657,0.013148730620741844
GAS,BAD,UCB_WITHOUT_VAE_UNCERTAINTY,57,Q loss,658,0.003624233417212963
GAS,BAD,UCB_WITHOUT_VAE_UNCERTAINTY,57,Q loss,659,0.005076032131910324
GAS,BAD,UCB_WITHOUT_VAE_UNCERTAINTY,57,Q loss,660,0.006393949966877699
GAS,BAD,UCB_WITHOUT_VAE_UNCERTAINTY,57,Q loss,661,0.004692212212830782
GAS,BAD,UCB_WITHOUT_VAE_UNCERTAINTY,57,Q loss,662,0.0026198416016995907
GAS,BAD,UCB_WITHOUT_VAE_UNCERTAINTY,57,Q loss,663,0.005882934667170048
GAS,BAD,UCB_WITHOUT_VAE_UNCERTAINTY,57,Q loss,664,0.001365136238746345
GAS,BAD,UCB_WITHOUT_VAE_UNCERTAINTY,57,Q loss,665,0.0073211779817938805
GAS,BAD,UCB_WITHOUT_VAE_UNCERTAINTY,57,Q loss,666,0.0116453031077981
GAS,BAD,UCB_WITHOUT_VAE_UNCERTAINTY,57,Q loss,667,0.005322938784956932
GAS,BAD,UCB_WITHOUT_VAE_UNCERTAINTY,57,Q loss,668,0.014188912697136402
GAS,BAD,UCB_WITHOUT_VAE_UNCERTAINTY,57,Q loss,669,0.007895544171333313
GAS,BAD,UCB_WITHOUT_VAE_UNCERTAINTY,57,Q loss,670,0.006663125939667225
GAS,BAD,UCB_WITHOUT_VAE_UNCERTAINTY,57,Q loss,671,0.01027816254645586
GAS,BAD,UCB_WITHOUT_VAE_UNCERTAINTY,57,Q loss,672,0.008884821087121964
GAS,BAD,UCB_WITHOUT_VAE_UNCERTAINTY,57,Q loss,673,0.0054060607217252254
GAS,BAD,UCB_WITHOUT_VAE_UNCERTAINTY,57,Q loss,674,0.002057022415101528
GAS,BAD,UCB_WITHOUT_VAE_UNCERTAINTY,57,Q loss,675,0.011341562494635582
GAS,BAD,UCB_WITHOUT_VAE_UNCERTAINTY,57,Q loss,676,0.002017882652580738
GAS,BAD,UCB_WITHOUT_VAE_UNCERTAINTY,57,Q loss,677,0.0029740529134869576
GAS,BAD,UCB_WITHOUT_VAE_UNCERTAINTY,57,Q loss,678,0.0019919048063457012
GAS,BAD,UCB_WITHOUT_VAE_UNCERTAINTY,57,Q loss,679,0.0021925591863691807
GAS,BAD,UCB_WITHOUT_VAE_UNCERTAINTY,57,Q loss,680,0.0016296119429171085
GAS,BAD,UCB_WITHOUT_VAE_UNCERTAINTY,57,Q loss,681,0.0025891498662531376
GAS,BAD,UCB_WITHOUT_VAE_UNCERTAINTY,57,Q loss,682,0.008042453788220882
GAS,BAD,UCB_WITHOUT_VAE_UNCERTAINTY,57,Q loss,683,0.008649667724967003
GAS,BAD,UCB_WITHOUT_VAE_UNCERTAINTY,57,Q loss,684,0.008213399909436703
GAS,BAD,UCB_WITHOUT_VAE_UNCERTAINTY,57,Q loss,685,0.005339452065527439
GAS,BAD,UCB_WITHOUT_VAE_UNCERTAINTY,57,Q loss,686,0.009456339292228222
GAS,BAD,UCB_WITHOUT_VAE_UNCERTAINTY,57,Q loss,687,0.008662771433591843
GAS,BAD,UCB_WITHOUT_VAE_UNCERTAINTY,57,Q loss,688,0.004078454338014126
GAS,BAD,UCB_WITHOUT_VAE_UNCERTAINTY,57,Q loss,689,0.008515999652445316
GAS,BAD,UCB_WITHOUT_VAE_UNCERTAINTY,57,Q loss,690,0.005750003736466169
GAS,BAD,UCB_WITHOUT_VAE_UNCERTAINTY,57,Q loss,691,0.008557130582630634
GAS,BAD,UCB_WITHOUT_VAE_UNCERTAINTY,57,Q loss,692,0.004916268400847912
GAS,BAD,UCB_WITHOUT_VAE_UNCERTAINTY,57,Q loss,693,0.009170439094305038
GAS,BAD,UCB_WITHOUT_VAE_UNCERTAINTY,57,Q loss,694,0.0027635006699711084
GAS,BAD,UCB_WITHOUT_VAE_UNCERTAINTY,57,Q loss,695,0.0036517351400107145
GAS,BAD,UCB_WITHOUT_VAE_UNCERTAINTY,57,Q loss,696,0.0037002936005592346
GAS,BAD,UCB_WITHOUT_VAE_UNCERTAINTY,57,Q loss,697,0.00626825075596571
GAS,BAD,UCB_WITHOUT_VAE_UNCERTAINTY,57,Q loss,698,0.006095149088650942
GAS,BAD,UCB_WITHOUT_VAE_UNCERTAINTY,57,Q loss,699,0.004821689799427986
GAS,BAD,UCB_WITHOUT_VAE_UNCERTAINTY,57,Q loss,700,0.012159387581050396
GAS,BAD,UCB_WITHOUT_VAE_UNCERTAINTY,57,Q loss,701,0.005704522132873535
GAS,BAD,UCB_WITHOUT_VAE_UNCERTAINTY,57,Q loss,702,0.004267535172402859
GAS,BAD,UCB_WITHOUT_VAE_UNCERTAINTY,57,Q loss,703,0.00411093607544899
GAS,BAD,UCB_WITHOUT_VAE_UNCERTAINTY,57,Q loss,704,0.011704836040735245
GAS,BAD,UCB_WITHOUT_VAE_UNCERTAINTY,57,Q loss,705,0.006681804079562426
GAS,BAD,UCB_WITHOUT_VAE_UNCERTAINTY,57,Q loss,706,0.004113141447305679
GAS,BAD,UCB_WITHOUT_VAE_UNCERTAINTY,57,Q loss,707,0.006967082154005766
GAS,BAD,UCB_WITHOUT_VAE_UNCERTAINTY,57,Q loss,708,0.007014775648713112
GAS,BAD,UCB_WITHOUT_VAE_UNCERTAINTY,57,Q loss,709,0.00319886626675725
GAS,BAD,UCB_WITHOUT_VAE_UNCERTAINTY,57,Q loss,710,0.004059033002704382
GAS,BAD,UCB_WITHOUT_VAE_UNCERTAINTY,57,Q loss,711,0.00735277496278286
GAS,BAD,UCB_WITHOUT_VAE_UNCERTAINTY,57,Q loss,712,0.00614511501044035
GAS,BAD,UCB_WITHOUT_VAE_UNCERTAINTY,57,Q loss,713,0.004451889544725418
GAS,BAD,UCB_WITHOUT_VAE_UNCERTAINTY,57,Q loss,714,0.0021016178652644157
GAS,BAD,UCB_WITHOUT_VAE_UNCERTAINTY,57,Q loss,715,0.00422566756606102
GAS,BAD,UCB_WITHOUT_VAE_UNCERTAINTY,57,Q loss,716,0.0015130559913814068
GAS,BAD,UCB_WITHOUT_VAE_UNCERTAINTY,57,Q loss,717,0.004089717753231525
GAS,BAD,UCB_WITHOUT_VAE_UNCERTAINTY,57,Q loss,718,0.0035933416802436113
GAS,BAD,UCB_WITHOUT_VAE_UNCERTAINTY,57,Q loss,719,0.002130080945789814
GAS,BAD,UCB_WITHOUT_VAE_UNCERTAINTY,57,Q loss,720,0.006661192048341036
GAS,BAD,UCB_WITHOUT_VAE_UNCERTAINTY,57,Q loss,721,0.006293249782174826
GAS,BAD,UCB_WITHOUT_VAE_UNCERTAINTY,57,Q loss,722,0.008883054368197918
GAS,BAD,UCB_WITHOUT_VAE_UNCERTAINTY,57,Q loss,723,0.004214560147374868
GAS,BAD,UCB_WITHOUT_VAE_UNCERTAINTY,57,Q loss,724,0.004899534396827221
GAS,BAD,UCB_WITHOUT_VAE_UNCERTAINTY,57,Q loss,725,0.007924066856503487
GAS,BAD,UCB_WITHOUT_VAE_UNCERTAINTY,57,Q loss,726,0.010638860985636711
GAS,BAD,UCB_WITHOUT_VAE_UNCERTAINTY,57,Q loss,727,0.006557215936481953
GAS,BAD,UCB_WITHOUT_VAE_UNCERTAINTY,57,Q loss,728,0.0030016815289855003
GAS,BAD,UCB_WITHOUT_VAE_UNCERTAINTY,57,Q loss,729,0.01226950902491808
GAS,BAD,UCB_WITHOUT_VAE_UNCERTAINTY,57,Q loss,730,0.00431893952190876
GAS,BAD,UCB_WITHOUT_VAE_UNCERTAINTY,57,Q loss,731,0.0027154493145644665
GAS,BAD,UCB_WITHOUT_VAE_UNCERTAINTY,57,Q loss,732,0.003196065779775381
GAS,BAD,UCB_WITHOUT_VAE_UNCERTAINTY,57,Q loss,733,0.0015012046787887812
GAS,BAD,UCB_WITHOUT_VAE_UNCERTAINTY,57,Q loss,734,0.0031011709943413734
GAS,BAD,UCB_WITHOUT_VAE_UNCERTAINTY,57,Q loss,735,0.002850935095921159
GAS,BAD,UCB_WITHOUT_VAE_UNCERTAINTY,57,Q loss,736,0.001684869290329516
GAS,BAD,UCB_WITHOUT_VAE_UNCERTAINTY,57,Q loss,737,0.005754380486905575
GAS,BAD,UCB_WITHOUT_VAE_UNCERTAINTY,57,Q loss,738,0.00468091107904911
GAS,BAD,UCB_WITHOUT_VAE_UNCERTAINTY,57,Q loss,739,0.002865276765078306
GAS,BAD,UCB_WITHOUT_VAE_UNCERTAINTY,57,Q loss,740,0.012691398151218891
GAS,BAD,UCB_WITHOUT_VAE_UNCERTAINTY,57,Q loss,741,0.011092021130025387
GAS,BAD,UCB_WITHOUT_VAE_UNCERTAINTY,57,Q loss,742,0.008962106890976429
GAS,BAD,UCB_WITHOUT_VAE_UNCERTAINTY,57,Q loss,743,0.017883753404021263
GAS,BAD,UCB_WITHOUT_VAE_UNCERTAINTY,57,Q loss,744,0.005361843388527632
GAS,BAD,UCB_WITHOUT_VAE_UNCERTAINTY,57,Q loss,745,0.005579059943556786
GAS,BAD,UCB_WITHOUT_VAE_UNCERTAINTY,57,Q loss,746,0.0027281236834824085
GAS,BAD,UCB_WITHOUT_VAE_UNCERTAINTY,57,Q loss,747,0.007415551692247391
GAS,BAD,UCB_WITHOUT_VAE_UNCERTAINTY,57,Q loss,748,0.005908388178795576
GAS,BAD,UCB_WITHOUT_VAE_UNCERTAINTY,57,Q loss,749,0.0021988681983202696
GAS,BAD,UCB_WITHOUT_VAE_UNCERTAINTY,57,Q loss,750,0.0023213797248899937
GAS,BAD,UCB_WITHOUT_VAE_UNCERTAINTY,57,Q loss,751,0.00273526506498456
GAS,BAD,UCB_WITHOUT_VAE_UNCERTAINTY,57,Q loss,752,0.0014442820101976395
GAS,BAD,UCB_WITHOUT_VAE_UNCERTAINTY,57,Q loss,753,0.0036282872315496206
GAS,BAD,UCB_WITHOUT_VAE_UNCERTAINTY,57,Q loss,754,0.006752438843250275
GAS,BAD,UCB_WITHOUT_VAE_UNCERTAINTY,57,Q loss,755,0.003949945792555809
GAS,BAD,UCB_WITHOUT_VAE_UNCERTAINTY,57,Q loss,756,0.003334407228976488
GAS,BAD,UCB_WITHOUT_VAE_UNCERTAINTY,57,Q loss,757,0.005348121747374535
GAS,BAD,UCB_WITHOUT_VAE_UNCERTAINTY,57,Q loss,758,0.011088155210018158
GAS,BAD,UCB_WITHOUT_VAE_UNCERTAINTY,57,Q loss,759,0.00472092442214489
GAS,BAD,UCB_WITHOUT_VAE_UNCERTAINTY,57,Q loss,760,0.007450156379491091
GAS,BAD,UCB_WITHOUT_VAE_UNCERTAINTY,57,Q loss,761,0.016728457063436508
GAS,BAD,UCB_WITHOUT_VAE_UNCERTAINTY,57,Q loss,762,0.009164479561150074
GAS,BAD,UCB_WITHOUT_VAE_UNCERTAINTY,57,Q loss,763,0.003898286260664463
GAS,BAD,UCB_WITHOUT_VAE_UNCERTAINTY,57,Q loss,764,0.002348313806578517
GAS,BAD,UCB_WITHOUT_VAE_UNCERTAINTY,57,Q loss,765,0.009324515238404274
GAS,BAD,UCB_WITHOUT_VAE_UNCERTAINTY,57,Q loss,766,0.0011739913607016206
GAS,BAD,UCB_WITHOUT_VAE_UNCERTAINTY,57,Q loss,767,0.00292221549898386
GAS,BAD,UCB_WITHOUT_VAE_UNCERTAINTY,57,Q loss,768,0.0017909221351146698
GAS,BAD,UCB_WITHOUT_VAE_UNCERTAINTY,57,Q loss,769,0.005198105238378048
GAS,BAD,UCB_WITHOUT_VAE_UNCERTAINTY,57,Q loss,770,0.0032200883142650127
GAS,BAD,UCB_WITHOUT_VAE_UNCERTAINTY,57,Q loss,771,0.005216959398239851
GAS,BAD,UCB_WITHOUT_VAE_UNCERTAINTY,57,Q loss,772,0.001215923111885786
GAS,BAD,UCB_WITHOUT_VAE_UNCERTAINTY,57,Q loss,773,0.0026290782261639833
GAS,BAD,UCB_WITHOUT_VAE_UNCERTAINTY,57,Q loss,774,0.004116194322705269
GAS,BAD,UCB_WITHOUT_VAE_UNCERTAINTY,57,Q loss,775,0.0028473916463553905
GAS,BAD,UCB_WITHOUT_VAE_UNCERTAINTY,57,Q loss,776,0.008883768692612648
GAS,BAD,UCB_WITHOUT_VAE_UNCERTAINTY,57,Q loss,777,0.0067171696573495865
GAS,BAD,UCB_WITHOUT_VAE_UNCERTAINTY,57,Q loss,778,0.005430033430457115
GAS,BAD,UCB_WITHOUT_VAE_UNCERTAINTY,57,Q loss,779,0.00879622995853424
GAS,BAD,UCB_WITHOUT_VAE_UNCERTAINTY,57,Q loss,780,0.004565663635730743
GAS,BAD,UCB_WITHOUT_VAE_UNCERTAINTY,57,Q loss,781,0.0042894212529063225
GAS,BAD,UCB_WITHOUT_VAE_UNCERTAINTY,57,Q loss,782,0.0028092158026993275
GAS,BAD,UCB_WITHOUT_VAE_UNCERTAINTY,57,Q loss,783,0.009990917518734932
GAS,BAD,UCB_WITHOUT_VAE_UNCERTAINTY,57,Q loss,784,0.002390683628618717
GAS,BAD,UCB_WITHOUT_VAE_UNCERTAINTY,57,Q loss,785,0.004096520598977804
GAS,BAD,UCB_WITHOUT_VAE_UNCERTAINTY,57,Q loss,786,0.001415075734257698
GAS,BAD,UCB_WITHOUT_VAE_UNCERTAINTY,57,Q loss,787,0.003466601949185133
GAS,BAD,UCB_WITHOUT_VAE_UNCERTAINTY,57,Q loss,788,0.002321181818842888
GAS,BAD,UCB_WITHOUT_VAE_UNCERTAINTY,57,Q loss,789,0.0016204183921217918
GAS,BAD,UCB_WITHOUT_VAE_UNCERTAINTY,57,Q loss,790,0.0011685589561238885
GAS,BAD,UCB_WITHOUT_VAE_UNCERTAINTY,57,Q loss,791,0.003163176355883479
GAS,BAD,UCB_WITHOUT_VAE_UNCERTAINTY,57,Q loss,792,0.008475740440189838
GAS,BAD,UCB_WITHOUT_VAE_UNCERTAINTY,57,Q loss,793,0.0021298800129443407
GAS,BAD,UCB_WITHOUT_VAE_UNCERTAINTY,57,Q loss,794,0.009365929290652275
GAS,BAD,UCB_WITHOUT_VAE_UNCERTAINTY,57,Q loss,795,0.0035653950180858374
GAS,BAD,UCB_WITHOUT_VAE_UNCERTAINTY,57,Q loss,796,0.005790041759610176
GAS,BAD,UCB_WITHOUT_VAE_UNCERTAINTY,57,Q loss,797,0.010334214195609093
GAS,BAD,UCB_WITHOUT_VAE_UNCERTAINTY,57,Q loss,798,0.0034906226210296154
GAS,BAD,UCB_WITHOUT_VAE_UNCERTAINTY,57,Q loss,799,0.0030963532626628876
GAS,BAD,UCB_WITHOUT_VAE_UNCERTAINTY,57,Q loss,800,0.0024729548022150993
GAS,BAD,UCB_WITHOUT_VAE_UNCERTAINTY,57,Q loss,801,0.008297048509120941
GAS,BAD,UCB_WITHOUT_VAE_UNCERTAINTY,57,Q loss,802,0.004789636004716158
GAS,BAD,UCB_WITHOUT_VAE_UNCERTAINTY,57,Q loss,803,0.0025138738565146923
GAS,BAD,UCB_WITHOUT_VAE_UNCERTAINTY,57,Q loss,804,0.0024722893722355366
GAS,BAD,UCB_WITHOUT_VAE_UNCERTAINTY,57,Q loss,805,0.0014337669126689434
GAS,BAD,UCB_WITHOUT_VAE_UNCERTAINTY,57,Q loss,806,0.0032614311203360558
GAS,BAD,UCB_WITHOUT_VAE_UNCERTAINTY,57,Q loss,807,0.002597680315375328
GAS,BAD,UCB_WITHOUT_VAE_UNCERTAINTY,57,Q loss,808,0.004720708820968866
GAS,BAD,UCB_WITHOUT_VAE_UNCERTAINTY,57,Q loss,809,0.0027542251627892256
GAS,BAD,UCB_WITHOUT_VAE_UNCERTAINTY,57,Cost loss,0,0.1426885426044464
GAS,BAD,UCB_WITHOUT_VAE_UNCERTAINTY,57,Cost loss,1,0.14101067185401917
GAS,BAD,UCB_WITHOUT_VAE_UNCERTAINTY,57,Cost loss,2,0.13832059502601624
GAS,BAD,UCB_WITHOUT_VAE_UNCERTAINTY,57,Cost loss,3,0.13729867339134216
GAS,BAD,UCB_WITHOUT_VAE_UNCERTAINTY,57,Cost loss,4,0.13590195775032043
GAS,BAD,UCB_WITHOUT_VAE_UNCERTAINTY,57,Cost loss,5,0.13622942566871643
GAS,BAD,UCB_WITHOUT_VAE_UNCERTAINTY,57,Cost loss,6,0.13286083936691284
GAS,BAD,UCB_WITHOUT_VAE_UNCERTAINTY,57,Cost loss,7,0.13093581795692444
GAS,BAD,UCB_WITHOUT_VAE_UNCERTAINTY,57,Cost loss,8,0.1288815587759018
GAS,BAD,UCB_WITHOUT_VAE_UNCERTAINTY,57,Cost loss,9,0.12835416197776794
GAS,BAD,UCB_WITHOUT_VAE_UNCERTAINTY,57,Cost loss,10,0.12723389267921448
GAS,BAD,UCB_WITHOUT_VAE_UNCERTAINTY,57,Cost loss,11,0.1266053318977356
GAS,BAD,UCB_WITHOUT_VAE_UNCERTAINTY,57,Cost loss,12,0.12480408698320389
GAS,BAD,UCB_WITHOUT_VAE_UNCERTAINTY,57,Cost loss,13,0.12274590134620667
GAS,BAD,UCB_WITHOUT_VAE_UNCERTAINTY,57,Cost loss,14,0.12256883084774017
GAS,BAD,UCB_WITHOUT_VAE_UNCERTAINTY,57,Cost loss,15,0.12034603953361511
GAS,BAD,UCB_WITHOUT_VAE_UNCERTAINTY,57,Cost loss,16,0.1186290830373764
GAS,BAD,UCB_WITHOUT_VAE_UNCERTAINTY,57,Cost loss,17,0.1143970638513565
GAS,BAD,UCB_WITHOUT_VAE_UNCERTAINTY,57,Cost loss,18,0.11405636370182037
GAS,BAD,UCB_WITHOUT_VAE_UNCERTAINTY,57,Cost loss,19,0.115380197763443
GAS,BAD,UCB_WITHOUT_VAE_UNCERTAINTY,57,Cost loss,20,0.11167970299720764
GAS,BAD,UCB_WITHOUT_VAE_UNCERTAINTY,57,Cost loss,21,0.11009959876537323
GAS,BAD,UCB_WITHOUT_VAE_UNCERTAINTY,57,Cost loss,22,0.1134253591299057
GAS,BAD,UCB_WITHOUT_VAE_UNCERTAINTY,57,Cost loss,23,0.10724720358848572
GAS,BAD,UCB_WITHOUT_VAE_UNCERTAINTY,57,Cost loss,24,0.10624617338180542
GAS,BAD,UCB_WITHOUT_VAE_UNCERTAINTY,57,Cost loss,25,0.1063809022307396
GAS,BAD,UCB_WITHOUT_VAE_UNCERTAINTY,57,Cost loss,26,0.10441470146179199
GAS,BAD,UCB_WITHOUT_VAE_UNCERTAINTY,57,Cost loss,27,0.10560208559036255
GAS,BAD,UCB_WITHOUT_VAE_UNCERTAINTY,57,Cost loss,28,0.10214613378047943
GAS,BAD,UCB_WITHOUT_VAE_UNCERTAINTY,57,Cost loss,29,0.10200880467891693
GAS,BAD,UCB_WITHOUT_VAE_UNCERTAINTY,57,Cost loss,30,0.10004939138889313
GAS,BAD,UCB_WITHOUT_VAE_UNCERTAINTY,57,Cost loss,31,0.09995689988136292
GAS,BAD,UCB_WITHOUT_VAE_UNCERTAINTY,57,Cost loss,32,0.09577657282352448
GAS,BAD,UCB_WITHOUT_VAE_UNCERTAINTY,57,Cost loss,33,0.0961213931441307
GAS,BAD,UCB_WITHOUT_VAE_UNCERTAINTY,57,Cost loss,34,0.0956222414970398
GAS,BAD,UCB_WITHOUT_VAE_UNCERTAINTY,57,Cost loss,35,0.09326391667127609
GAS,BAD,UCB_WITHOUT_VAE_UNCERTAINTY,57,Cost loss,36,0.09070532023906708
GAS,BAD,UCB_WITHOUT_VAE_UNCERTAINTY,57,Cost loss,37,0.09236423671245575
GAS,BAD,UCB_WITHOUT_VAE_UNCERTAINTY,57,Cost loss,38,0.09006434679031372
GAS,BAD,UCB_WITHOUT_VAE_UNCERTAINTY,57,Cost loss,39,0.08862270414829254
GAS,BAD,UCB_WITHOUT_VAE_UNCERTAINTY,57,Cost loss,40,0.08984481543302536
GAS,BAD,UCB_WITHOUT_VAE_UNCERTAINTY,57,Cost loss,41,0.08768942952156067
GAS,BAD,UCB_WITHOUT_VAE_UNCERTAINTY,57,Cost loss,42,0.08424265682697296
GAS,BAD,UCB_WITHOUT_VAE_UNCERTAINTY,57,Cost loss,43,0.08435672521591187
GAS,BAD,UCB_WITHOUT_VAE_UNCERTAINTY,57,Cost loss,44,0.08305534720420837
GAS,BAD,UCB_WITHOUT_VAE_UNCERTAINTY,57,Cost loss,45,0.07819129526615143
GAS,BAD,UCB_WITHOUT_VAE_UNCERTAINTY,57,Cost loss,46,0.07855910807847977
GAS,BAD,UCB_WITHOUT_VAE_UNCERTAINTY,57,Cost loss,47,0.0793292224407196
GAS,BAD,UCB_WITHOUT_VAE_UNCERTAINTY,57,Cost loss,48,0.0784926488995552
GAS,BAD,UCB_WITHOUT_VAE_UNCERTAINTY,57,Cost loss,49,0.07722281664609909
GAS,BAD,UCB_WITHOUT_VAE_UNCERTAINTY,57,Cost loss,50,0.07359015941619873
GAS,BAD,UCB_WITHOUT_VAE_UNCERTAINTY,57,Cost loss,51,0.07240380346775055
GAS,BAD,UCB_WITHOUT_VAE_UNCERTAINTY,57,Cost loss,52,0.07232071459293365
GAS,BAD,UCB_WITHOUT_VAE_UNCERTAINTY,57,Cost loss,53,0.07431009411811829
GAS,BAD,UCB_WITHOUT_VAE_UNCERTAINTY,57,Cost loss,54,0.07322980463504791
GAS,BAD,UCB_WITHOUT_VAE_UNCERTAINTY,57,Cost loss,55,0.07153961807489395
GAS,BAD,UCB_WITHOUT_VAE_UNCERTAINTY,57,Cost loss,56,0.06925436109304428
GAS,BAD,UCB_WITHOUT_VAE_UNCERTAINTY,57,Cost loss,57,0.06833250820636749
GAS,BAD,UCB_WITHOUT_VAE_UNCERTAINTY,57,Cost loss,58,0.06829400360584259
GAS,BAD,UCB_WITHOUT_VAE_UNCERTAINTY,57,Cost loss,59,0.06729520857334137
GAS,BAD,UCB_WITHOUT_VAE_UNCERTAINTY,57,Cost loss,60,0.0639365091919899
GAS,BAD,UCB_WITHOUT_VAE_UNCERTAINTY,57,Cost loss,61,0.06334102898836136
GAS,BAD,UCB_WITHOUT_VAE_UNCERTAINTY,57,Cost loss,62,0.06230027973651886
GAS,BAD,UCB_WITHOUT_VAE_UNCERTAINTY,57,Cost loss,63,0.06360326707363129
GAS,BAD,UCB_WITHOUT_VAE_UNCERTAINTY,57,Cost loss,64,0.06202269345521927
GAS,BAD,UCB_WITHOUT_VAE_UNCERTAINTY,57,Cost loss,65,0.05839509516954422
GAS,BAD,UCB_WITHOUT_VAE_UNCERTAINTY,57,Cost loss,66,0.058335136622190475
GAS,BAD,UCB_WITHOUT_VAE_UNCERTAINTY,57,Cost loss,67,0.05892548710107803
GAS,BAD,UCB_WITHOUT_VAE_UNCERTAINTY,57,Cost loss,68,0.05575893819332123
GAS,BAD,UCB_WITHOUT_VAE_UNCERTAINTY,57,Cost loss,69,0.05610290542244911
GAS,BAD,UCB_WITHOUT_VAE_UNCERTAINTY,57,Cost loss,70,0.054862990975379944
GAS,BAD,UCB_WITHOUT_VAE_UNCERTAINTY,57,Cost loss,71,0.053234171122312546
GAS,BAD,UCB_WITHOUT_VAE_UNCERTAINTY,57,Cost loss,72,0.054369207471609116
GAS,BAD,UCB_WITHOUT_VAE_UNCERTAINTY,57,Cost loss,73,0.05421128496527672
GAS,BAD,UCB_WITHOUT_VAE_UNCERTAINTY,57,Cost loss,74,0.05058149993419647
GAS,BAD,UCB_WITHOUT_VAE_UNCERTAINTY,57,Cost loss,75,0.05094576254487038
GAS,BAD,UCB_WITHOUT_VAE_UNCERTAINTY,57,Cost loss,76,0.04970843344926834
GAS,BAD,UCB_WITHOUT_VAE_UNCERTAINTY,57,Cost loss,77,0.047374047338962555
GAS,BAD,UCB_WITHOUT_VAE_UNCERTAINTY,57,Cost loss,78,0.046765830367803574
GAS,BAD,UCB_WITHOUT_VAE_UNCERTAINTY,57,Cost loss,79,0.048019349575042725
GAS,BAD,UCB_WITHOUT_VAE_UNCERTAINTY,57,Cost loss,80,0.046427108347415924
GAS,BAD,UCB_WITHOUT_VAE_UNCERTAINTY,57,Cost loss,81,0.04426271840929985
GAS,BAD,UCB_WITHOUT_VAE_UNCERTAINTY,57,Cost loss,82,0.04374296963214874
GAS,BAD,UCB_WITHOUT_VAE_UNCERTAINTY,57,Cost loss,83,0.04553503543138504
GAS,BAD,UCB_WITHOUT_VAE_UNCERTAINTY,57,Cost loss,84,0.042296960949897766
GAS,BAD,UCB_WITHOUT_VAE_UNCERTAINTY,57,Cost loss,85,0.041565947234630585
GAS,BAD,UCB_WITHOUT_VAE_UNCERTAINTY,57,Cost loss,86,0.043573662638664246
GAS,BAD,UCB_WITHOUT_VAE_UNCERTAINTY,57,Cost loss,87,0.039247721433639526
GAS,BAD,UCB_WITHOUT_VAE_UNCERTAINTY,57,Cost loss,88,0.038977619260549545
GAS,BAD,UCB_WITHOUT_VAE_UNCERTAINTY,57,Cost loss,89,0.03791353106498718
GAS,BAD,UCB_WITHOUT_VAE_UNCERTAINTY,57,Cost loss,90,0.03839711472392082
GAS,BAD,UCB_WITHOUT_VAE_UNCERTAINTY,57,Cost loss,91,0.03783696889877319
GAS,BAD,UCB_WITHOUT_VAE_UNCERTAINTY,57,Cost loss,92,0.03856601193547249
GAS,BAD,UCB_WITHOUT_VAE_UNCERTAINTY,57,Cost loss,93,0.036915913224220276
GAS,BAD,UCB_WITHOUT_VAE_UNCERTAINTY,57,Cost loss,94,0.03572957217693329
GAS,BAD,UCB_WITHOUT_VAE_UNCERTAINTY,57,Cost loss,95,0.03501538187265396
GAS,BAD,UCB_WITHOUT_VAE_UNCERTAINTY,57,Cost loss,96,0.033484041690826416
GAS,BAD,UCB_WITHOUT_VAE_UNCERTAINTY,57,Cost loss,97,0.03251554071903229
GAS,BAD,UCB_WITHOUT_VAE_UNCERTAINTY,57,Cost loss,98,0.03185790777206421
GAS,BAD,UCB_WITHOUT_VAE_UNCERTAINTY,57,Cost loss,99,0.03182374686002731
GAS,BAD,UCB_WITHOUT_VAE_UNCERTAINTY,57,Cost loss,100,0.03206424042582512
GAS,BAD,UCB_WITHOUT_VAE_UNCERTAINTY,57,Cost loss,101,0.030772101134061813
GAS,BAD,UCB_WITHOUT_VAE_UNCERTAINTY,57,Cost loss,102,0.02961275912821293
GAS,BAD,UCB_WITHOUT_VAE_UNCERTAINTY,57,Cost loss,103,0.027414094656705856
GAS,BAD,UCB_WITHOUT_VAE_UNCERTAINTY,57,Cost loss,104,0.02537691220641136
GAS,BAD,UCB_WITHOUT_VAE_UNCERTAINTY,57,Cost loss,105,0.024407297372817993
GAS,BAD,UCB_WITHOUT_VAE_UNCERTAINTY,57,Cost loss,106,0.02295541763305664
GAS,BAD,UCB_WITHOUT_VAE_UNCERTAINTY,57,Cost loss,107,0.020827200263738632
GAS,BAD,UCB_WITHOUT_VAE_UNCERTAINTY,57,Cost loss,108,0.01966085284948349
GAS,BAD,UCB_WITHOUT_VAE_UNCERTAINTY,57,Cost loss,109,0.020007751882076263
GAS,BAD,UCB_WITHOUT_VAE_UNCERTAINTY,57,Cost loss,110,0.017670219764113426
GAS,BAD,UCB_WITHOUT_VAE_UNCERTAINTY,57,Cost loss,111,0.01688385009765625
GAS,BAD,UCB_WITHOUT_VAE_UNCERTAINTY,57,Cost loss,112,0.016137637197971344
GAS,BAD,UCB_WITHOUT_VAE_UNCERTAINTY,57,Cost loss,113,0.017977338284254074
GAS,BAD,UCB_WITHOUT_VAE_UNCERTAINTY,57,Cost loss,114,0.017686592414975166
GAS,BAD,UCB_WITHOUT_VAE_UNCERTAINTY,57,Cost loss,115,0.013983666896820068
GAS,BAD,UCB_WITHOUT_VAE_UNCERTAINTY,57,Cost loss,116,0.014464772306382656
GAS,BAD,UCB_WITHOUT_VAE_UNCERTAINTY,57,Cost loss,117,0.014727484434843063
GAS,BAD,UCB_WITHOUT_VAE_UNCERTAINTY,57,Cost loss,118,0.014366904273629189
GAS,BAD,UCB_WITHOUT_VAE_UNCERTAINTY,57,Cost loss,119,0.014113463461399078
GAS,BAD,UCB_WITHOUT_VAE_UNCERTAINTY,57,Cost loss,120,0.012775949202477932
GAS,BAD,UCB_WITHOUT_VAE_UNCERTAINTY,57,Cost loss,121,0.012403671629726887
GAS,BAD,UCB_WITHOUT_VAE_UNCERTAINTY,57,Cost loss,122,0.010872261598706245
GAS,BAD,UCB_WITHOUT_VAE_UNCERTAINTY,57,Cost loss,123,0.01064840704202652
GAS,BAD,UCB_WITHOUT_VAE_UNCERTAINTY,57,Cost loss,124,0.011593695729970932
GAS,BAD,UCB_WITHOUT_VAE_UNCERTAINTY,57,Cost loss,125,0.012587031349539757
GAS,BAD,UCB_WITHOUT_VAE_UNCERTAINTY,57,Cost loss,126,0.012634639628231525
GAS,BAD,UCB_WITHOUT_VAE_UNCERTAINTY,57,Cost loss,127,0.012555505149066448
GAS,BAD,UCB_WITHOUT_VAE_UNCERTAINTY,57,Cost loss,128,0.012237617745995522
GAS,BAD,UCB_WITHOUT_VAE_UNCERTAINTY,57,Cost loss,129,0.01150465663522482
GAS,BAD,UCB_WITHOUT_VAE_UNCERTAINTY,57,Cost loss,130,0.013087771832942963
GAS,BAD,UCB_WITHOUT_VAE_UNCERTAINTY,57,Cost loss,131,0.012095161713659763
GAS,BAD,UCB_WITHOUT_VAE_UNCERTAINTY,57,Cost loss,132,0.012565143406391144
GAS,BAD,UCB_WITHOUT_VAE_UNCERTAINTY,57,Cost loss,133,0.014564546756446362
GAS,BAD,UCB_WITHOUT_VAE_UNCERTAINTY,57,Cost loss,134,0.012505561113357544
GAS,BAD,UCB_WITHOUT_VAE_UNCERTAINTY,57,Cost loss,135,0.013512173667550087
GAS,BAD,UCB_WITHOUT_VAE_UNCERTAINTY,57,Cost loss,136,0.013829972594976425
GAS,BAD,UCB_WITHOUT_VAE_UNCERTAINTY,57,Cost loss,137,0.01345735415816307
GAS,BAD,UCB_WITHOUT_VAE_UNCERTAINTY,57,Cost loss,138,0.014031698927283287
GAS,BAD,UCB_WITHOUT_VAE_UNCERTAINTY,57,Cost loss,139,0.014062141999602318
GAS,BAD,UCB_WITHOUT_VAE_UNCERTAINTY,57,Cost loss,140,0.012982591986656189
GAS,BAD,UCB_WITHOUT_VAE_UNCERTAINTY,57,Cost loss,141,0.015065141022205353
GAS,BAD,UCB_WITHOUT_VAE_UNCERTAINTY,57,Cost loss,142,0.012646045535802841
GAS,BAD,UCB_WITHOUT_VAE_UNCERTAINTY,57,Cost loss,143,0.012912334874272346
GAS,BAD,UCB_WITHOUT_VAE_UNCERTAINTY,57,Cost loss,144,0.012677330523729324
GAS,BAD,UCB_WITHOUT_VAE_UNCERTAINTY,58,Q loss,0,0.01174413226544857
GAS,BAD,UCB_WITHOUT_VAE_UNCERTAINTY,58,Q loss,1,0.009539173915982246
GAS,BAD,UCB_WITHOUT_VAE_UNCERTAINTY,58,Q loss,2,0.0071643562987446785
GAS,BAD,UCB_WITHOUT_VAE_UNCERTAINTY,58,Q loss,3,0.021295201033353806
GAS,BAD,UCB_WITHOUT_VAE_UNCERTAINTY,58,Q loss,4,0.01479566004127264
GAS,BAD,UCB_WITHOUT_VAE_UNCERTAINTY,58,Q loss,5,0.03063833713531494
GAS,BAD,UCB_WITHOUT_VAE_UNCERTAINTY,58,Q loss,6,0.010809274390339851
GAS,BAD,UCB_WITHOUT_VAE_UNCERTAINTY,58,Q loss,7,0.017561275511980057
GAS,BAD,UCB_WITHOUT_VAE_UNCERTAINTY,58,Q loss,8,0.014319408684968948
GAS,BAD,UCB_WITHOUT_VAE_UNCERTAINTY,58,Q loss,9,0.018133774399757385
GAS,BAD,UCB_WITHOUT_VAE_UNCERTAINTY,58,Q loss,10,0.029475340619683266
GAS,BAD,UCB_WITHOUT_VAE_UNCERTAINTY,58,Q loss,11,0.032696835696697235
GAS,BAD,UCB_WITHOUT_VAE_UNCERTAINTY,58,Q loss,12,0.01898300275206566
GAS,BAD,UCB_WITHOUT_VAE_UNCERTAINTY,58,Q loss,13,0.03750696778297424
GAS,BAD,UCB_WITHOUT_VAE_UNCERTAINTY,58,Q loss,14,0.03660443425178528
GAS,BAD,UCB_WITHOUT_VAE_UNCERTAINTY,58,Q loss,15,0.025846943259239197
GAS,BAD,UCB_WITHOUT_VAE_UNCERTAINTY,58,Q loss,16,0.012917433865368366
GAS,BAD,UCB_WITHOUT_VAE_UNCERTAINTY,58,Q loss,17,0.04445197060704231
GAS,BAD,UCB_WITHOUT_VAE_UNCERTAINTY,58,Q loss,18,0.009164804592728615
GAS,BAD,UCB_WITHOUT_VAE_UNCERTAINTY,58,Q loss,19,0.008494498208165169
GAS,BAD,UCB_WITHOUT_VAE_UNCERTAINTY,58,Q loss,20,0.012851530686020851
GAS,BAD,UCB_WITHOUT_VAE_UNCERTAINTY,58,Q loss,21,0.03836512565612793
GAS,BAD,UCB_WITHOUT_VAE_UNCERTAINTY,58,Q loss,22,0.015476422384381294
GAS,BAD,UCB_WITHOUT_VAE_UNCERTAINTY,58,Q loss,23,0.042001836001873016
GAS,BAD,UCB_WITHOUT_VAE_UNCERTAINTY,58,Q loss,24,0.012552756816148758
GAS,BAD,UCB_WITHOUT_VAE_UNCERTAINTY,58,Q loss,25,0.011789568699896336
GAS,BAD,UCB_WITHOUT_VAE_UNCERTAINTY,58,Q loss,26,0.013256533071398735
GAS,BAD,UCB_WITHOUT_VAE_UNCERTAINTY,58,Q loss,27,0.010763037949800491
GAS,BAD,UCB_WITHOUT_VAE_UNCERTAINTY,58,Q loss,28,0.020840821787714958
GAS,BAD,UCB_WITHOUT_VAE_UNCERTAINTY,58,Q loss,29,0.024564750492572784
GAS,BAD,UCB_WITHOUT_VAE_UNCERTAINTY,58,Q loss,30,0.0158680472522974
GAS,BAD,UCB_WITHOUT_VAE_UNCERTAINTY,58,Q loss,31,0.016414418816566467
GAS,BAD,UCB_WITHOUT_VAE_UNCERTAINTY,58,Q loss,32,0.03821413218975067
GAS,BAD,UCB_WITHOUT_VAE_UNCERTAINTY,58,Q loss,33,0.01934649795293808
GAS,BAD,UCB_WITHOUT_VAE_UNCERTAINTY,58,Q loss,34,0.011937318369746208
GAS,BAD,UCB_WITHOUT_VAE_UNCERTAINTY,58,Q loss,35,0.05615261197090149
GAS,BAD,UCB_WITHOUT_VAE_UNCERTAINTY,58,Q loss,36,0.008477941155433655
GAS,BAD,UCB_WITHOUT_VAE_UNCERTAINTY,58,Q loss,37,0.013250211253762245
GAS,BAD,UCB_WITHOUT_VAE_UNCERTAINTY,58,Q loss,38,0.008385704830288887
GAS,BAD,UCB_WITHOUT_VAE_UNCERTAINTY,58,Q loss,39,0.05176333338022232
GAS,BAD,UCB_WITHOUT_VAE_UNCERTAINTY,58,Q loss,40,0.02468012273311615
GAS,BAD,UCB_WITHOUT_VAE_UNCERTAINTY,58,Q loss,41,0.04118362069129944
GAS,BAD,UCB_WITHOUT_VAE_UNCERTAINTY,58,Q loss,42,0.012458911165595055
GAS,BAD,UCB_WITHOUT_VAE_UNCERTAINTY,58,Q loss,43,0.012021608650684357
GAS,BAD,UCB_WITHOUT_VAE_UNCERTAINTY,58,Q loss,44,0.015543930232524872
GAS,BAD,UCB_WITHOUT_VAE_UNCERTAINTY,58,Q loss,45,0.011323302052915096
GAS,BAD,UCB_WITHOUT_VAE_UNCERTAINTY,58,Q loss,46,0.04010135307908058
GAS,BAD,UCB_WITHOUT_VAE_UNCERTAINTY,58,Q loss,47,0.02516902983188629
GAS,BAD,UCB_WITHOUT_VAE_UNCERTAINTY,58,Q loss,48,0.012553193606436253
GAS,BAD,UCB_WITHOUT_VAE_UNCERTAINTY,58,Q loss,49,0.02575257606804371
GAS,BAD,UCB_WITHOUT_VAE_UNCERTAINTY,58,Q loss,50,0.03784288838505745
GAS,BAD,UCB_WITHOUT_VAE_UNCERTAINTY,58,Q loss,51,0.013440035283565521
GAS,BAD,UCB_WITHOUT_VAE_UNCERTAINTY,58,Q loss,52,0.009936005808413029
GAS,BAD,UCB_WITHOUT_VAE_UNCERTAINTY,58,Q loss,53,0.051489558070898056
GAS,BAD,UCB_WITHOUT_VAE_UNCERTAINTY,58,Q loss,54,0.010169191285967827
GAS,BAD,UCB_WITHOUT_VAE_UNCERTAINTY,58,Q loss,55,0.006092159543186426
GAS,BAD,UCB_WITHOUT_VAE_UNCERTAINTY,58,Q loss,56,0.00751870684325695
GAS,BAD,UCB_WITHOUT_VAE_UNCERTAINTY,58,Q loss,57,0.037290818989276886
GAS,BAD,UCB_WITHOUT_VAE_UNCERTAINTY,58,Q loss,58,0.019647950306534767
GAS,BAD,UCB_WITHOUT_VAE_UNCERTAINTY,58,Q loss,59,0.038863539695739746
GAS,BAD,UCB_WITHOUT_VAE_UNCERTAINTY,58,Q loss,60,0.008072564378380775
GAS,BAD,UCB_WITHOUT_VAE_UNCERTAINTY,58,Q loss,61,0.009166533127427101
GAS,BAD,UCB_WITHOUT_VAE_UNCERTAINTY,58,Q loss,62,0.010823098011314869
GAS,BAD,UCB_WITHOUT_VAE_UNCERTAINTY,58,Q loss,63,0.011777152307331562
GAS,BAD,UCB_WITHOUT_VAE_UNCERTAINTY,58,Q loss,64,0.03495506942272186
GAS,BAD,UCB_WITHOUT_VAE_UNCERTAINTY,58,Q loss,65,0.018148183822631836
GAS,BAD,UCB_WITHOUT_VAE_UNCERTAINTY,58,Q loss,66,0.011130284518003464
GAS,BAD,UCB_WITHOUT_VAE_UNCERTAINTY,58,Q loss,67,0.0192301906645298
GAS,BAD,UCB_WITHOUT_VAE_UNCERTAINTY,58,Q loss,68,0.04215408116579056
GAS,BAD,UCB_WITHOUT_VAE_UNCERTAINTY,58,Q loss,69,0.015332055278122425
GAS,BAD,UCB_WITHOUT_VAE_UNCERTAINTY,58,Q loss,70,0.010705133900046349
GAS,BAD,UCB_WITHOUT_VAE_UNCERTAINTY,58,Q loss,71,0.03867284953594208
GAS,BAD,UCB_WITHOUT_VAE_UNCERTAINTY,58,Q loss,72,0.008273143321275711
GAS,BAD,UCB_WITHOUT_VAE_UNCERTAINTY,58,Q loss,73,0.006864332593977451
GAS,BAD,UCB_WITHOUT_VAE_UNCERTAINTY,58,Q loss,74,0.0088729877024889
GAS,BAD,UCB_WITHOUT_VAE_UNCERTAINTY,58,Q loss,75,0.0434071347117424
GAS,BAD,UCB_WITHOUT_VAE_UNCERTAINTY,58,Q loss,76,0.017071399837732315
GAS,BAD,UCB_WITHOUT_VAE_UNCERTAINTY,58,Q loss,77,0.025527432560920715
GAS,BAD,UCB_WITHOUT_VAE_UNCERTAINTY,58,Q loss,78,0.006461877841502428
GAS,BAD,UCB_WITHOUT_VAE_UNCERTAINTY,58,Q loss,79,0.010599126107990742
GAS,BAD,UCB_WITHOUT_VAE_UNCERTAINTY,58,Q loss,80,0.007824156433343887
GAS,BAD,UCB_WITHOUT_VAE_UNCERTAINTY,58,Q loss,81,0.008733987808227539
GAS,BAD,UCB_WITHOUT_VAE_UNCERTAINTY,58,Q loss,82,0.028240293264389038
GAS,BAD,UCB_WITHOUT_VAE_UNCERTAINTY,58,Q loss,83,0.027729211375117302
GAS,BAD,UCB_WITHOUT_VAE_UNCERTAINTY,58,Q loss,84,0.010726048611104488
GAS,BAD,UCB_WITHOUT_VAE_UNCERTAINTY,58,Q loss,85,0.0201854407787323
GAS,BAD,UCB_WITHOUT_VAE_UNCERTAINTY,58,Q loss,86,0.03347509354352951
GAS,BAD,UCB_WITHOUT_VAE_UNCERTAINTY,58,Q loss,87,0.010259026661515236
GAS,BAD,UCB_WITHOUT_VAE_UNCERTAINTY,58,Q loss,88,0.010841047391295433
GAS,BAD,UCB_WITHOUT_VAE_UNCERTAINTY,58,Q loss,89,0.027215974405407906
GAS,BAD,UCB_WITHOUT_VAE_UNCERTAINTY,58,Q loss,90,0.009701455943286419
GAS,BAD,UCB_WITHOUT_VAE_UNCERTAINTY,58,Q loss,91,0.004703504499047995
GAS,BAD,UCB_WITHOUT_VAE_UNCERTAINTY,58,Q loss,92,0.008118920028209686
GAS,BAD,UCB_WITHOUT_VAE_UNCERTAINTY,58,Q loss,93,0.027025308459997177
GAS,BAD,UCB_WITHOUT_VAE_UNCERTAINTY,58,Q loss,94,0.016523120924830437
GAS,BAD,UCB_WITHOUT_VAE_UNCERTAINTY,58,Q loss,95,0.03223678469657898
GAS,BAD,UCB_WITHOUT_VAE_UNCERTAINTY,58,Q loss,96,0.009461619891226292
GAS,BAD,UCB_WITHOUT_VAE_UNCERTAINTY,58,Q loss,97,0.011242075823247433
GAS,BAD,UCB_WITHOUT_VAE_UNCERTAINTY,58,Q loss,98,0.008431881666183472
GAS,BAD,UCB_WITHOUT_VAE_UNCERTAINTY,58,Q loss,99,0.006685948930680752
GAS,BAD,UCB_WITHOUT_VAE_UNCERTAINTY,58,Q loss,100,0.023691212758421898
GAS,BAD,UCB_WITHOUT_VAE_UNCERTAINTY,58,Q loss,101,0.02564031258225441
GAS,BAD,UCB_WITHOUT_VAE_UNCERTAINTY,58,Q loss,102,0.011047940701246262
GAS,BAD,UCB_WITHOUT_VAE_UNCERTAINTY,58,Q loss,103,0.016357505694031715
GAS,BAD,UCB_WITHOUT_VAE_UNCERTAINTY,58,Q loss,104,0.031104693189263344
GAS,BAD,UCB_WITHOUT_VAE_UNCERTAINTY,58,Q loss,105,0.009377763606607914
GAS,BAD,UCB_WITHOUT_VAE_UNCERTAINTY,58,Q loss,106,0.007505789399147034
GAS,BAD,UCB_WITHOUT_VAE_UNCERTAINTY,58,Q loss,107,0.03648248687386513
GAS,BAD,UCB_WITHOUT_VAE_UNCERTAINTY,58,Q loss,108,0.007343944627791643
GAS,BAD,UCB_WITHOUT_VAE_UNCERTAINTY,58,Q loss,109,0.004768869839608669
GAS,BAD,UCB_WITHOUT_VAE_UNCERTAINTY,58,Q loss,110,0.0072233169339597225
GAS,BAD,UCB_WITHOUT_VAE_UNCERTAINTY,58,Q loss,111,0.041095856577157974
GAS,BAD,UCB_WITHOUT_VAE_UNCERTAINTY,58,Q loss,112,0.009647391736507416
GAS,BAD,UCB_WITHOUT_VAE_UNCERTAINTY,58,Q loss,113,0.03490784019231796
GAS,BAD,UCB_WITHOUT_VAE_UNCERTAINTY,58,Q loss,114,0.005565408617258072
GAS,BAD,UCB_WITHOUT_VAE_UNCERTAINTY,58,Q loss,115,0.007712851278483868
GAS,BAD,UCB_WITHOUT_VAE_UNCERTAINTY,58,Q loss,116,0.007814447395503521
GAS,BAD,UCB_WITHOUT_VAE_UNCERTAINTY,58,Q loss,117,0.006678968667984009
GAS,BAD,UCB_WITHOUT_VAE_UNCERTAINTY,58,Q loss,118,0.02491239458322525
GAS,BAD,UCB_WITHOUT_VAE_UNCERTAINTY,58,Q loss,119,0.023294050246477127
GAS,BAD,UCB_WITHOUT_VAE_UNCERTAINTY,58,Q loss,120,0.010207819752395153
GAS,BAD,UCB_WITHOUT_VAE_UNCERTAINTY,58,Q loss,121,0.03176950663328171
GAS,BAD,UCB_WITHOUT_VAE_UNCERTAINTY,58,Q loss,122,0.02187681943178177
GAS,BAD,UCB_WITHOUT_VAE_UNCERTAINTY,58,Q loss,123,0.008017809130251408
GAS,BAD,UCB_WITHOUT_VAE_UNCERTAINTY,58,Q loss,124,0.007714543491601944
GAS,BAD,UCB_WITHOUT_VAE_UNCERTAINTY,58,Q loss,125,0.028919240459799767
GAS,BAD,UCB_WITHOUT_VAE_UNCERTAINTY,58,Q loss,126,0.004607921466231346
GAS,BAD,UCB_WITHOUT_VAE_UNCERTAINTY,58,Q loss,127,0.0022774518001824617
GAS,BAD,UCB_WITHOUT_VAE_UNCERTAINTY,58,Q loss,128,0.004203607328236103
GAS,BAD,UCB_WITHOUT_VAE_UNCERTAINTY,58,Q loss,129,0.024150261655449867
GAS,BAD,UCB_WITHOUT_VAE_UNCERTAINTY,58,Q loss,130,0.008733013644814491
GAS,BAD,UCB_WITHOUT_VAE_UNCERTAINTY,58,Q loss,131,0.019793732091784477
GAS,BAD,UCB_WITHOUT_VAE_UNCERTAINTY,58,Q loss,132,0.004038787912577391
GAS,BAD,UCB_WITHOUT_VAE_UNCERTAINTY,58,Q loss,133,0.006161185912787914
GAS,BAD,UCB_WITHOUT_VAE_UNCERTAINTY,58,Q loss,134,0.007426599506288767
GAS,BAD,UCB_WITHOUT_VAE_UNCERTAINTY,58,Q loss,135,0.0067529259249567986
GAS,BAD,UCB_WITHOUT_VAE_UNCERTAINTY,58,Q loss,136,0.02400869131088257
GAS,BAD,UCB_WITHOUT_VAE_UNCERTAINTY,58,Q loss,137,0.012713038362562656
GAS,BAD,UCB_WITHOUT_VAE_UNCERTAINTY,58,Q loss,138,0.0072129569016397
GAS,BAD,UCB_WITHOUT_VAE_UNCERTAINTY,58,Q loss,139,0.009360683150589466
GAS,BAD,UCB_WITHOUT_VAE_UNCERTAINTY,58,Q loss,140,0.02461051568388939
GAS,BAD,UCB_WITHOUT_VAE_UNCERTAINTY,58,Q loss,141,0.00827187579125166
GAS,BAD,UCB_WITHOUT_VAE_UNCERTAINTY,58,Q loss,142,0.004526469856500626
GAS,BAD,UCB_WITHOUT_VAE_UNCERTAINTY,58,Q loss,143,0.03531377762556076
GAS,BAD,UCB_WITHOUT_VAE_UNCERTAINTY,58,Q loss,144,0.004118676297366619
GAS,BAD,UCB_WITHOUT_VAE_UNCERTAINTY,58,Q loss,145,0.0030577979050576687
GAS,BAD,UCB_WITHOUT_VAE_UNCERTAINTY,58,Q loss,146,0.0039533404633402824
GAS,BAD,UCB_WITHOUT_VAE_UNCERTAINTY,58,Q loss,147,0.024197306483983994
GAS,BAD,UCB_WITHOUT_VAE_UNCERTAINTY,58,Q loss,148,0.008899706415832043
GAS,BAD,UCB_WITHOUT_VAE_UNCERTAINTY,58,Q loss,149,0.02440781332552433
GAS,BAD,UCB_WITHOUT_VAE_UNCERTAINTY,58,Q loss,150,0.003509927075356245
GAS,BAD,UCB_WITHOUT_VAE_UNCERTAINTY,58,Q loss,151,0.003051628125831485
GAS,BAD,UCB_WITHOUT_VAE_UNCERTAINTY,58,Q loss,152,0.007485184818506241
GAS,BAD,UCB_WITHOUT_VAE_UNCERTAINTY,58,Q loss,153,0.005231144372373819
GAS,BAD,UCB_WITHOUT_VAE_UNCERTAINTY,58,Q loss,154,0.011278972029685974
GAS,BAD,UCB_WITHOUT_VAE_UNCERTAINTY,58,Q loss,155,0.019933559000492096
GAS,BAD,UCB_WITHOUT_VAE_UNCERTAINTY,58,Q loss,156,0.0067024994641542435
GAS,BAD,UCB_WITHOUT_VAE_UNCERTAINTY,58,Q loss,157,0.013660633936524391
GAS,BAD,UCB_WITHOUT_VAE_UNCERTAINTY,58,Q loss,158,0.0208418071269989
GAS,BAD,UCB_WITHOUT_VAE_UNCERTAINTY,58,Q loss,159,0.006080402992665768
GAS,BAD,UCB_WITHOUT_VAE_UNCERTAINTY,58,Q loss,160,0.007064891047775745
GAS,BAD,UCB_WITHOUT_VAE_UNCERTAINTY,58,Q loss,161,0.027488049119710922
GAS,BAD,UCB_WITHOUT_VAE_UNCERTAINTY,58,Q loss,162,0.003251565620303154
GAS,BAD,UCB_WITHOUT_VAE_UNCERTAINTY,58,Q loss,163,0.003654973115772009
GAS,BAD,UCB_WITHOUT_VAE_UNCERTAINTY,58,Q loss,164,0.0036275158636271954
GAS,BAD,UCB_WITHOUT_VAE_UNCERTAINTY,58,Q loss,165,0.025772031396627426
GAS,BAD,UCB_WITHOUT_VAE_UNCERTAINTY,58,Q loss,166,0.007735873106867075
GAS,BAD,UCB_WITHOUT_VAE_UNCERTAINTY,58,Q loss,167,0.035698339343070984
GAS,BAD,UCB_WITHOUT_VAE_UNCERTAINTY,58,Q loss,168,0.004209244158118963
GAS,BAD,UCB_WITHOUT_VAE_UNCERTAINTY,58,Q loss,169,0.0017045738641172647
GAS,BAD,UCB_WITHOUT_VAE_UNCERTAINTY,58,Q loss,170,0.0027137526776641607
GAS,BAD,UCB_WITHOUT_VAE_UNCERTAINTY,58,Q loss,171,0.0028871442191302776
GAS,BAD,UCB_WITHOUT_VAE_UNCERTAINTY,58,Q loss,172,0.014686258509755135
GAS,BAD,UCB_WITHOUT_VAE_UNCERTAINTY,58,Q loss,173,0.012648511677980423
GAS,BAD,UCB_WITHOUT_VAE_UNCERTAINTY,58,Q loss,174,0.006214728578925133
GAS,BAD,UCB_WITHOUT_VAE_UNCERTAINTY,58,Q loss,175,0.011093348264694214
GAS,BAD,UCB_WITHOUT_VAE_UNCERTAINTY,58,Q loss,176,0.02621287852525711
GAS,BAD,UCB_WITHOUT_VAE_UNCERTAINTY,58,Q loss,177,0.006335162557661533
GAS,BAD,UCB_WITHOUT_VAE_UNCERTAINTY,58,Q loss,178,0.0041239322163164616
GAS,BAD,UCB_WITHOUT_VAE_UNCERTAINTY,58,Q loss,179,0.03077344037592411
GAS,BAD,UCB_WITHOUT_VAE_UNCERTAINTY,58,Q loss,180,0.0028749932534992695
GAS,BAD,UCB_WITHOUT_VAE_UNCERTAINTY,58,Q loss,181,0.0031796488910913467
GAS,BAD,UCB_WITHOUT_VAE_UNCERTAINTY,58,Q loss,182,0.0018245845567435026
GAS,BAD,UCB_WITHOUT_VAE_UNCERTAINTY,58,Q loss,183,0.024526016786694527
GAS,BAD,UCB_WITHOUT_VAE_UNCERTAINTY,58,Q loss,184,0.006159535609185696
GAS,BAD,UCB_WITHOUT_VAE_UNCERTAINTY,58,Q loss,185,0.02634785696864128
GAS,BAD,UCB_WITHOUT_VAE_UNCERTAINTY,58,Q loss,186,0.0025392447132617235
GAS,BAD,UCB_WITHOUT_VAE_UNCERTAINTY,58,Q loss,187,0.0022910607513040304
GAS,BAD,UCB_WITHOUT_VAE_UNCERTAINTY,58,Q loss,188,0.002029324183240533
GAS,BAD,UCB_WITHOUT_VAE_UNCERTAINTY,58,Q loss,189,0.0028260652907192707
GAS,BAD,UCB_WITHOUT_VAE_UNCERTAINTY,58,Q loss,190,0.013612978160381317
GAS,BAD,UCB_WITHOUT_VAE_UNCERTAINTY,58,Q loss,191,0.014745526015758514
GAS,BAD,UCB_WITHOUT_VAE_UNCERTAINTY,58,Q loss,192,0.005160274915397167
GAS,BAD,UCB_WITHOUT_VAE_UNCERTAINTY,58,Q loss,193,0.010518603958189487
GAS,BAD,UCB_WITHOUT_VAE_UNCERTAINTY,58,Q loss,194,0.01702786237001419
GAS,BAD,UCB_WITHOUT_VAE_UNCERTAINTY,58,Q loss,195,0.004312300588935614
GAS,BAD,UCB_WITHOUT_VAE_UNCERTAINTY,58,Q loss,196,0.003056796733289957
GAS,BAD,UCB_WITHOUT_VAE_UNCERTAINTY,58,Q loss,197,0.017339011654257774
GAS,BAD,UCB_WITHOUT_VAE_UNCERTAINTY,58,Q loss,198,0.001885629608295858
GAS,BAD,UCB_WITHOUT_VAE_UNCERTAINTY,58,Q loss,199,0.0015159593895077705
GAS,BAD,UCB_WITHOUT_VAE_UNCERTAINTY,58,Q loss,200,0.0028190179727971554
GAS,BAD,UCB_WITHOUT_VAE_UNCERTAINTY,58,Q loss,201,0.022707710042595863
GAS,BAD,UCB_WITHOUT_VAE_UNCERTAINTY,58,Q loss,202,0.009641597978770733
GAS,BAD,UCB_WITHOUT_VAE_UNCERTAINTY,58,Q loss,203,0.023546606302261353
GAS,BAD,UCB_WITHOUT_VAE_UNCERTAINTY,58,Q loss,204,0.0019035779405385256
GAS,BAD,UCB_WITHOUT_VAE_UNCERTAINTY,58,Q loss,205,0.003298469353467226
GAS,BAD,UCB_WITHOUT_VAE_UNCERTAINTY,58,Q loss,206,0.002553168684244156
GAS,BAD,UCB_WITHOUT_VAE_UNCERTAINTY,58,Q loss,207,0.0028927652165293694
GAS,BAD,UCB_WITHOUT_VAE_UNCERTAINTY,58,Q loss,208,0.017880812287330627
GAS,BAD,UCB_WITHOUT_VAE_UNCERTAINTY,58,Q loss,209,0.012495795264840126
GAS,BAD,UCB_WITHOUT_VAE_UNCERTAINTY,58,Q loss,210,0.0037868760991841555
GAS,BAD,UCB_WITHOUT_VAE_UNCERTAINTY,58,Q loss,211,0.014284872449934483
GAS,BAD,UCB_WITHOUT_VAE_UNCERTAINTY,58,Q loss,212,0.015349818393588066
GAS,BAD,UCB_WITHOUT_VAE_UNCERTAINTY,58,Q loss,213,0.003601652570068836
GAS,BAD,UCB_WITHOUT_VAE_UNCERTAINTY,58,Q loss,214,0.004137898795306683
GAS,BAD,UCB_WITHOUT_VAE_UNCERTAINTY,58,Q loss,215,0.017935480922460556
GAS,BAD,UCB_WITHOUT_VAE_UNCERTAINTY,58,Q loss,216,0.0006193697918206453
GAS,BAD,UCB_WITHOUT_VAE_UNCERTAINTY,58,Q loss,217,0.0008335079182870686
GAS,BAD,UCB_WITHOUT_VAE_UNCERTAINTY,58,Q loss,218,0.0048744515515863895
GAS,BAD,UCB_WITHOUT_VAE_UNCERTAINTY,58,Q loss,219,0.021040555089712143
GAS,BAD,UCB_WITHOUT_VAE_UNCERTAINTY,58,Q loss,220,0.005787194240838289
GAS,BAD,UCB_WITHOUT_VAE_UNCERTAINTY,58,Q loss,221,0.0216563381254673
GAS,BAD,UCB_WITHOUT_VAE_UNCERTAINTY,58,Q loss,222,0.0034226684365421534
GAS,BAD,UCB_WITHOUT_VAE_UNCERTAINTY,58,Q loss,223,0.0010218904353678226
GAS,BAD,UCB_WITHOUT_VAE_UNCERTAINTY,58,Q loss,224,0.0006638497579842806
GAS,BAD,UCB_WITHOUT_VAE_UNCERTAINTY,58,Q loss,225,0.002191671635955572
GAS,BAD,UCB_WITHOUT_VAE_UNCERTAINTY,58,Q loss,226,0.01037357747554779
GAS,BAD,UCB_WITHOUT_VAE_UNCERTAINTY,58,Q loss,227,0.01001113373786211
GAS,BAD,UCB_WITHOUT_VAE_UNCERTAINTY,58,Q loss,228,0.005419939756393433
GAS,BAD,UCB_WITHOUT_VAE_UNCERTAINTY,58,Q loss,229,0.007670159451663494
GAS,BAD,UCB_WITHOUT_VAE_UNCERTAINTY,58,Q loss,230,0.016563257202506065
GAS,BAD,UCB_WITHOUT_VAE_UNCERTAINTY,58,Q loss,231,0.003403733018785715
GAS,BAD,UCB_WITHOUT_VAE_UNCERTAINTY,58,Q loss,232,0.004179536830633879
GAS,BAD,UCB_WITHOUT_VAE_UNCERTAINTY,58,Q loss,233,0.027251549065113068
GAS,BAD,UCB_WITHOUT_VAE_UNCERTAINTY,58,Q loss,234,0.0013114702887833118
GAS,BAD,UCB_WITHOUT_VAE_UNCERTAINTY,58,Q loss,235,0.00047970935702323914
GAS,BAD,UCB_WITHOUT_VAE_UNCERTAINTY,58,Q loss,236,0.0016961669316515326
GAS,BAD,UCB_WITHOUT_VAE_UNCERTAINTY,58,Q loss,237,0.020045282319188118
GAS,BAD,UCB_WITHOUT_VAE_UNCERTAINTY,58,Q loss,238,0.006468679290264845
GAS,BAD,UCB_WITHOUT_VAE_UNCERTAINTY,58,Q loss,239,0.024739902466535568
GAS,BAD,UCB_WITHOUT_VAE_UNCERTAINTY,58,Q loss,240,0.0012512181419879198
GAS,BAD,UCB_WITHOUT_VAE_UNCERTAINTY,58,Q loss,241,0.002656207885593176
GAS,BAD,UCB_WITHOUT_VAE_UNCERTAINTY,58,Q loss,242,0.0011513237841427326
GAS,BAD,UCB_WITHOUT_VAE_UNCERTAINTY,58,Q loss,243,0.0032422025687992573
GAS,BAD,UCB_WITHOUT_VAE_UNCERTAINTY,58,Q loss,244,0.011444116942584515
GAS,BAD,UCB_WITHOUT_VAE_UNCERTAINTY,58,Q loss,245,0.010622677393257618
GAS,BAD,UCB_WITHOUT_VAE_UNCERTAINTY,58,Q loss,246,0.0047354064881801605
GAS,BAD,UCB_WITHOUT_VAE_UNCERTAINTY,58,Q loss,247,0.00846853107213974
GAS,BAD,UCB_WITHOUT_VAE_UNCERTAINTY,58,Q loss,248,0.011739185079932213
GAS,BAD,UCB_WITHOUT_VAE_UNCERTAINTY,58,Q loss,249,0.002454051747918129
GAS,BAD,UCB_WITHOUT_VAE_UNCERTAINTY,58,Q loss,250,0.0029663057066500187
GAS,BAD,UCB_WITHOUT_VAE_UNCERTAINTY,58,Q loss,251,0.016906777396798134
GAS,BAD,UCB_WITHOUT_VAE_UNCERTAINTY,58,Q loss,252,0.0023894798941910267
GAS,BAD,UCB_WITHOUT_VAE_UNCERTAINTY,58,Q loss,253,0.0009401325369253755
GAS,BAD,UCB_WITHOUT_VAE_UNCERTAINTY,58,Q loss,254,0.001364170340821147
GAS,BAD,UCB_WITHOUT_VAE_UNCERTAINTY,58,Q loss,255,0.016241371631622314
GAS,BAD,UCB_WITHOUT_VAE_UNCERTAINTY,58,Q loss,256,0.005227520130574703
GAS,BAD,UCB_WITHOUT_VAE_UNCERTAINTY,58,Q loss,257,0.018102165311574936
GAS,BAD,UCB_WITHOUT_VAE_UNCERTAINTY,58,Q loss,258,0.002063334919512272
GAS,BAD,UCB_WITHOUT_VAE_UNCERTAINTY,58,Q loss,259,0.0013180036330595613
GAS,BAD,UCB_WITHOUT_VAE_UNCERTAINTY,58,Q loss,260,0.0013111976440995932
GAS,BAD,UCB_WITHOUT_VAE_UNCERTAINTY,58,Q loss,261,0.002254671650007367
GAS,BAD,UCB_WITHOUT_VAE_UNCERTAINTY,58,Q loss,262,0.012391203083097935
GAS,BAD,UCB_WITHOUT_VAE_UNCERTAINTY,58,Q loss,263,0.016902167350053787
GAS,BAD,UCB_WITHOUT_VAE_UNCERTAINTY,58,Q loss,264,0.003656749613583088
GAS,BAD,UCB_WITHOUT_VAE_UNCERTAINTY,58,Q loss,265,0.008442046120762825
GAS,BAD,UCB_WITHOUT_VAE_UNCERTAINTY,58,Q loss,266,0.011289319023489952
GAS,BAD,UCB_WITHOUT_VAE_UNCERTAINTY,58,Q loss,267,0.004192999564111233
GAS,BAD,UCB_WITHOUT_VAE_UNCERTAINTY,58,Q loss,268,0.0032143110875040293
GAS,BAD,UCB_WITHOUT_VAE_UNCERTAINTY,58,Q loss,269,0.01433638110756874
GAS,BAD,UCB_WITHOUT_VAE_UNCERTAINTY,58,Q loss,270,0.0011878953082486987
GAS,BAD,UCB_WITHOUT_VAE_UNCERTAINTY,58,Q loss,271,0.0010112787131220102
GAS,BAD,UCB_WITHOUT_VAE_UNCERTAINTY,58,Q loss,272,0.0007407339871861041
GAS,BAD,UCB_WITHOUT_VAE_UNCERTAINTY,58,Q loss,273,0.015592217445373535
GAS,BAD,UCB_WITHOUT_VAE_UNCERTAINTY,58,Q loss,274,0.007204802706837654
GAS,BAD,UCB_WITHOUT_VAE_UNCERTAINTY,58,Q loss,275,0.01685578003525734
GAS,BAD,UCB_WITHOUT_VAE_UNCERTAINTY,58,Q loss,276,0.0017262890469282866
GAS,BAD,UCB_WITHOUT_VAE_UNCERTAINTY,58,Q loss,277,0.0007325946353375912
GAS,BAD,UCB_WITHOUT_VAE_UNCERTAINTY,58,Q loss,278,0.0010114609031006694
GAS,BAD,UCB_WITHOUT_VAE_UNCERTAINTY,58,Q loss,279,0.001548396423459053
GAS,BAD,UCB_WITHOUT_VAE_UNCERTAINTY,58,Q loss,280,0.009699458256363869
GAS,BAD,UCB_WITHOUT_VAE_UNCERTAINTY,58,Q loss,281,0.009352724067866802
GAS,BAD,UCB_WITHOUT_VAE_UNCERTAINTY,58,Q loss,282,0.002395876683294773
GAS,BAD,UCB_WITHOUT_VAE_UNCERTAINTY,58,Q loss,283,0.008888277225196362
GAS,BAD,UCB_WITHOUT_VAE_UNCERTAINTY,58,Q loss,284,0.014868341386318207
GAS,BAD,UCB_WITHOUT_VAE_UNCERTAINTY,58,Q loss,285,0.0027853792998939753
GAS,BAD,UCB_WITHOUT_VAE_UNCERTAINTY,58,Q loss,286,0.002409131731837988
GAS,BAD,UCB_WITHOUT_VAE_UNCERTAINTY,58,Q loss,287,0.01309624407440424
GAS,BAD,UCB_WITHOUT_VAE_UNCERTAINTY,58,Q loss,288,0.0016612544422969222
GAS,BAD,UCB_WITHOUT_VAE_UNCERTAINTY,58,Q loss,289,0.0004558888904284686
GAS,BAD,UCB_WITHOUT_VAE_UNCERTAINTY,58,Q loss,290,0.0007746170158497989
GAS,BAD,UCB_WITHOUT_VAE_UNCERTAINTY,58,Q loss,291,0.019732873886823654
GAS,BAD,UCB_WITHOUT_VAE_UNCERTAINTY,58,Q loss,292,0.00556969316676259
GAS,BAD,UCB_WITHOUT_VAE_UNCERTAINTY,58,Q loss,293,0.018177585676312447
GAS,BAD,UCB_WITHOUT_VAE_UNCERTAINTY,58,Q loss,294,0.0005205498309805989
GAS,BAD,UCB_WITHOUT_VAE_UNCERTAINTY,58,Q loss,295,0.0009294835035689175
GAS,BAD,UCB_WITHOUT_VAE_UNCERTAINTY,58,Q loss,296,0.0021004790905863047
GAS,BAD,UCB_WITHOUT_VAE_UNCERTAINTY,58,Q loss,297,0.002640813821926713
GAS,BAD,UCB_WITHOUT_VAE_UNCERTAINTY,58,Q loss,298,0.008875737898051739
GAS,BAD,UCB_WITHOUT_VAE_UNCERTAINTY,58,Q loss,299,0.009431730955839157
GAS,BAD,UCB_WITHOUT_VAE_UNCERTAINTY,58,Q loss,300,0.004530643578618765
GAS,BAD,UCB_WITHOUT_VAE_UNCERTAINTY,58,Q loss,301,0.007081683725118637
GAS,BAD,UCB_WITHOUT_VAE_UNCERTAINTY,58,Q loss,302,0.009663772769272327
GAS,BAD,UCB_WITHOUT_VAE_UNCERTAINTY,58,Q loss,303,0.0025389976799488068
GAS,BAD,UCB_WITHOUT_VAE_UNCERTAINTY,58,Q loss,304,0.00356920063495636
GAS,BAD,UCB_WITHOUT_VAE_UNCERTAINTY,58,Q loss,305,0.013074714690446854
GAS,BAD,UCB_WITHOUT_VAE_UNCERTAINTY,58,Q loss,306,0.0004142455873079598
GAS,BAD,UCB_WITHOUT_VAE_UNCERTAINTY,58,Q loss,307,0.0012630592100322247
GAS,BAD,UCB_WITHOUT_VAE_UNCERTAINTY,58,Q loss,308,0.001343848300166428
GAS,BAD,UCB_WITHOUT_VAE_UNCERTAINTY,58,Q loss,309,0.01947401463985443
GAS,BAD,UCB_WITHOUT_VAE_UNCERTAINTY,58,Q loss,310,0.00643825251609087
GAS,BAD,UCB_WITHOUT_VAE_UNCERTAINTY,58,Q loss,311,0.015478786081075668
GAS,BAD,UCB_WITHOUT_VAE_UNCERTAINTY,58,Q loss,312,0.0021602045744657516
GAS,BAD,UCB_WITHOUT_VAE_UNCERTAINTY,58,Q loss,313,0.0009356285445392132
GAS,BAD,UCB_WITHOUT_VAE_UNCERTAINTY,58,Q loss,314,0.0010198499076068401
GAS,BAD,UCB_WITHOUT_VAE_UNCERTAINTY,58,Q loss,315,0.0018384684808552265
GAS,BAD,UCB_WITHOUT_VAE_UNCERTAINTY,58,Q loss,316,0.010893598198890686
GAS,BAD,UCB_WITHOUT_VAE_UNCERTAINTY,58,Q loss,317,0.009388336911797523
GAS,BAD,UCB_WITHOUT_VAE_UNCERTAINTY,58,Q loss,318,0.002642042236402631
GAS,BAD,UCB_WITHOUT_VAE_UNCERTAINTY,58,Q loss,319,0.006793520413339138
GAS,BAD,UCB_WITHOUT_VAE_UNCERTAINTY,58,Q loss,320,0.01336718536913395
GAS,BAD,UCB_WITHOUT_VAE_UNCERTAINTY,58,Q loss,321,0.003373455721884966
GAS,BAD,UCB_WITHOUT_VAE_UNCERTAINTY,58,Q loss,322,0.002054066862910986
GAS,BAD,UCB_WITHOUT_VAE_UNCERTAINTY,58,Q loss,323,0.011929326690733433
GAS,BAD,UCB_WITHOUT_VAE_UNCERTAINTY,58,Q loss,324,0.001275964779779315
GAS,BAD,UCB_WITHOUT_VAE_UNCERTAINTY,58,Q loss,325,0.0010620765388011932
GAS,BAD,UCB_WITHOUT_VAE_UNCERTAINTY,58,Q loss,326,0.001743512460961938
GAS,BAD,UCB_WITHOUT_VAE_UNCERTAINTY,58,Q loss,327,0.019389448687434196
GAS,BAD,UCB_WITHOUT_VAE_UNCERTAINTY,58,Q loss,328,0.004866632632911205
GAS,BAD,UCB_WITHOUT_VAE_UNCERTAINTY,58,Q loss,329,0.022523939609527588
GAS,BAD,UCB_WITHOUT_VAE_UNCERTAINTY,58,Q loss,330,0.0017994634108617902
GAS,BAD,UCB_WITHOUT_VAE_UNCERTAINTY,58,Q loss,331,0.0013134137261658907
GAS,BAD,UCB_WITHOUT_VAE_UNCERTAINTY,58,Q loss,332,0.0007888306863605976
GAS,BAD,UCB_WITHOUT_VAE_UNCERTAINTY,58,Q loss,333,0.0013888924149796367
GAS,BAD,UCB_WITHOUT_VAE_UNCERTAINTY,58,Q loss,334,0.008449766784906387
GAS,BAD,UCB_WITHOUT_VAE_UNCERTAINTY,58,Q loss,335,0.011327637359499931
GAS,BAD,UCB_WITHOUT_VAE_UNCERTAINTY,58,Q loss,336,0.004575097933411598
GAS,BAD,UCB_WITHOUT_VAE_UNCERTAINTY,58,Q loss,337,0.01308982353657484
GAS,BAD,UCB_WITHOUT_VAE_UNCERTAINTY,58,Q loss,338,0.007948119193315506
GAS,BAD,UCB_WITHOUT_VAE_UNCERTAINTY,58,Q loss,339,0.0015275988262146711
GAS,BAD,UCB_WITHOUT_VAE_UNCERTAINTY,58,Q loss,340,0.002751824213191867
GAS,BAD,UCB_WITHOUT_VAE_UNCERTAINTY,58,Q loss,341,0.010656623169779778
GAS,BAD,UCB_WITHOUT_VAE_UNCERTAINTY,58,Q loss,342,0.0009236367186531425
GAS,BAD,UCB_WITHOUT_VAE_UNCERTAINTY,58,Q loss,343,0.0008065452566370368
GAS,BAD,UCB_WITHOUT_VAE_UNCERTAINTY,58,Q loss,344,0.0005012043984606862
GAS,BAD,UCB_WITHOUT_VAE_UNCERTAINTY,58,Q loss,345,0.01377945113927126
GAS,BAD,UCB_WITHOUT_VAE_UNCERTAINTY,58,Q loss,346,0.005982019007205963
GAS,BAD,UCB_WITHOUT_VAE_UNCERTAINTY,58,Q loss,347,0.017344653606414795
GAS,BAD,UCB_WITHOUT_VAE_UNCERTAINTY,58,Q loss,348,0.0010808887891471386
GAS,BAD,UCB_WITHOUT_VAE_UNCERTAINTY,58,Q loss,349,0.0016285048332065344
GAS,BAD,UCB_WITHOUT_VAE_UNCERTAINTY,58,Q loss,350,0.0017390240682289004
GAS,BAD,UCB_WITHOUT_VAE_UNCERTAINTY,58,Q loss,351,0.003037687623873353
GAS,BAD,UCB_WITHOUT_VAE_UNCERTAINTY,58,Q loss,352,0.01072593592107296
GAS,BAD,UCB_WITHOUT_VAE_UNCERTAINTY,58,Q loss,353,0.012678217142820358
GAS,BAD,UCB_WITHOUT_VAE_UNCERTAINTY,58,Q loss,354,0.004935520701110363
GAS,BAD,UCB_WITHOUT_VAE_UNCERTAINTY,58,Q loss,355,0.007819680497050285
GAS,BAD,UCB_WITHOUT_VAE_UNCERTAINTY,58,Q loss,356,0.00786632765084505
GAS,BAD,UCB_WITHOUT_VAE_UNCERTAINTY,58,Q loss,357,0.0019751964136958122
GAS,BAD,UCB_WITHOUT_VAE_UNCERTAINTY,58,Q loss,358,0.0024128793738782406
GAS,BAD,UCB_WITHOUT_VAE_UNCERTAINTY,58,Q loss,359,0.009618135169148445
GAS,BAD,UCB_WITHOUT_VAE_UNCERTAINTY,58,Q loss,360,0.003084561787545681
GAS,BAD,UCB_WITHOUT_VAE_UNCERTAINTY,58,Q loss,361,0.0010064849629998207
GAS,BAD,UCB_WITHOUT_VAE_UNCERTAINTY,58,Q loss,362,0.0006423869635909796
GAS,BAD,UCB_WITHOUT_VAE_UNCERTAINTY,58,Q loss,363,0.012379858642816544
GAS,BAD,UCB_WITHOUT_VAE_UNCERTAINTY,58,Q loss,364,0.007050199434161186
GAS,BAD,UCB_WITHOUT_VAE_UNCERTAINTY,58,Q loss,365,0.01757897064089775
GAS,BAD,UCB_WITHOUT_VAE_UNCERTAINTY,58,Q loss,366,0.00030670868000015616
GAS,BAD,UCB_WITHOUT_VAE_UNCERTAINTY,58,Q loss,367,0.0008752290159463882
GAS,BAD,UCB_WITHOUT_VAE_UNCERTAINTY,58,Q loss,368,0.0016725001623854041
GAS,BAD,UCB_WITHOUT_VAE_UNCERTAINTY,58,Q loss,369,0.002413192531093955
GAS,BAD,UCB_WITHOUT_VAE_UNCERTAINTY,58,Q loss,370,0.009475691244006157
GAS,BAD,UCB_WITHOUT_VAE_UNCERTAINTY,58,Q loss,371,0.007367105223238468
GAS,BAD,UCB_WITHOUT_VAE_UNCERTAINTY,58,Q loss,372,0.004233225714415312
GAS,BAD,UCB_WITHOUT_VAE_UNCERTAINTY,58,Q loss,373,0.006426018662750721
GAS,BAD,UCB_WITHOUT_VAE_UNCERTAINTY,58,Q loss,374,0.005255391821265221
GAS,BAD,UCB_WITHOUT_VAE_UNCERTAINTY,58,Q loss,375,0.0019343635067343712
GAS,BAD,UCB_WITHOUT_VAE_UNCERTAINTY,58,Q loss,376,0.001999232918024063
GAS,BAD,UCB_WITHOUT_VAE_UNCERTAINTY,58,Q loss,377,0.011234804056584835
GAS,BAD,UCB_WITHOUT_VAE_UNCERTAINTY,58,Q loss,378,0.002191494684666395
GAS,BAD,UCB_WITHOUT_VAE_UNCERTAINTY,58,Q loss,379,0.0005835085175931454
GAS,BAD,UCB_WITHOUT_VAE_UNCERTAINTY,58,Q loss,380,0.0008193301619030535
GAS,BAD,UCB_WITHOUT_VAE_UNCERTAINTY,58,Q loss,381,0.010699031874537468
GAS,BAD,UCB_WITHOUT_VAE_UNCERTAINTY,58,Q loss,382,0.003934904467314482
GAS,BAD,UCB_WITHOUT_VAE_UNCERTAINTY,58,Q loss,383,0.018416497856378555
GAS,BAD,UCB_WITHOUT_VAE_UNCERTAINTY,58,Q loss,384,0.0007442163769155741
GAS,BAD,UCB_WITHOUT_VAE_UNCERTAINTY,58,Q loss,385,0.002007694449275732
GAS,BAD,UCB_WITHOUT_VAE_UNCERTAINTY,58,Q loss,386,0.000620351464021951
GAS,BAD,UCB_WITHOUT_VAE_UNCERTAINTY,58,Q loss,387,0.0030475840903818607
GAS,BAD,UCB_WITHOUT_VAE_UNCERTAINTY,58,Q loss,388,0.006710723042488098
GAS,BAD,UCB_WITHOUT_VAE_UNCERTAINTY,58,Q loss,389,0.006738222204148769
GAS,BAD,UCB_WITHOUT_VAE_UNCERTAINTY,58,Q loss,390,0.0028111403807997704
GAS,BAD,UCB_WITHOUT_VAE_UNCERTAINTY,58,Q loss,391,0.0054759252816438675
GAS,BAD,UCB_WITHOUT_VAE_UNCERTAINTY,58,Q loss,392,0.005024530924856663
GAS,BAD,UCB_WITHOUT_VAE_UNCERTAINTY,58,Q loss,393,0.002065586857497692
GAS,BAD,UCB_WITHOUT_VAE_UNCERTAINTY,58,Q loss,394,0.0023808120749890804
GAS,BAD,UCB_WITHOUT_VAE_UNCERTAINTY,58,Q loss,395,0.008775935508310795
GAS,BAD,UCB_WITHOUT_VAE_UNCERTAINTY,58,Q loss,396,0.0006026891060173512
GAS,BAD,UCB_WITHOUT_VAE_UNCERTAINTY,58,Q loss,397,0.0010236004600301385
GAS,BAD,UCB_WITHOUT_VAE_UNCERTAINTY,58,Q loss,398,0.0020428199786692858
GAS,BAD,UCB_WITHOUT_VAE_UNCERTAINTY,58,Q loss,399,0.014964772388339043
GAS,BAD,UCB_WITHOUT_VAE_UNCERTAINTY,58,Q loss,400,0.003998867701739073
GAS,BAD,UCB_WITHOUT_VAE_UNCERTAINTY,58,Q loss,401,0.014743875712156296
GAS,BAD,UCB_WITHOUT_VAE_UNCERTAINTY,58,Q loss,402,0.001293627661652863
GAS,BAD,UCB_WITHOUT_VAE_UNCERTAINTY,58,Q loss,403,0.0008849677396938205
GAS,BAD,UCB_WITHOUT_VAE_UNCERTAINTY,58,Q loss,404,0.0013921107165515423
GAS,BAD,UCB_WITHOUT_VAE_UNCERTAINTY,58,Q loss,405,0.0019891047850251198
GAS,BAD,UCB_WITHOUT_VAE_UNCERTAINTY,58,Q loss,406,0.0083327516913414
GAS,BAD,UCB_WITHOUT_VAE_UNCERTAINTY,58,Q loss,407,0.01022791862487793
GAS,BAD,UCB_WITHOUT_VAE_UNCERTAINTY,58,Q loss,408,0.0023882193490862846
GAS,BAD,UCB_WITHOUT_VAE_UNCERTAINTY,58,Q loss,409,0.007113537285476923
GAS,BAD,UCB_WITHOUT_VAE_UNCERTAINTY,58,Q loss,410,0.0054151020012795925
GAS,BAD,UCB_WITHOUT_VAE_UNCERTAINTY,58,Q loss,411,0.0028465036302804947
GAS,BAD,UCB_WITHOUT_VAE_UNCERTAINTY,58,Q loss,412,0.0025555803440511227
GAS,BAD,UCB_WITHOUT_VAE_UNCERTAINTY,58,Q loss,413,0.007293845526874065
GAS,BAD,UCB_WITHOUT_VAE_UNCERTAINTY,58,Q loss,414,0.002598488237708807
GAS,BAD,UCB_WITHOUT_VAE_UNCERTAINTY,58,Q loss,415,0.0010004608193412423
GAS,BAD,UCB_WITHOUT_VAE_UNCERTAINTY,58,Q loss,416,0.0009419276611879468
GAS,BAD,UCB_WITHOUT_VAE_UNCERTAINTY,58,Q loss,417,0.0130129624158144
GAS,BAD,UCB_WITHOUT_VAE_UNCERTAINTY,58,Q loss,418,0.004044248256832361
GAS,BAD,UCB_WITHOUT_VAE_UNCERTAINTY,58,Q loss,419,0.018381914123892784
GAS,BAD,UCB_WITHOUT_VAE_UNCERTAINTY,58,Q loss,420,0.0019071064889431
GAS,BAD,UCB_WITHOUT_VAE_UNCERTAINTY,58,Q loss,421,0.0024303796235471964
GAS,BAD,UCB_WITHOUT_VAE_UNCERTAINTY,58,Q loss,422,0.0009241559309884906
GAS,BAD,UCB_WITHOUT_VAE_UNCERTAINTY,58,Q loss,423,0.0022492539137601852
GAS,BAD,UCB_WITHOUT_VAE_UNCERTAINTY,58,Q loss,424,0.006498387549072504
GAS,BAD,UCB_WITHOUT_VAE_UNCERTAINTY,58,Q loss,425,0.008799219503998756
GAS,BAD,UCB_WITHOUT_VAE_UNCERTAINTY,58,Q loss,426,0.0033251368440687656
GAS,BAD,UCB_WITHOUT_VAE_UNCERTAINTY,58,Q loss,427,0.008202636614441872
GAS,BAD,UCB_WITHOUT_VAE_UNCERTAINTY,58,Q loss,428,0.006716492585837841
GAS,BAD,UCB_WITHOUT_VAE_UNCERTAINTY,58,Q loss,429,0.0024717464111745358
GAS,BAD,UCB_WITHOUT_VAE_UNCERTAINTY,58,Q loss,430,0.0022146725095808506
GAS,BAD,UCB_WITHOUT_VAE_UNCERTAINTY,58,Q loss,431,0.011608178727328777
GAS,BAD,UCB_WITHOUT_VAE_UNCERTAINTY,58,Q loss,432,0.0011081324191763997
GAS,BAD,UCB_WITHOUT_VAE_UNCERTAINTY,58,Q loss,433,0.0007758523570373654
GAS,BAD,UCB_WITHOUT_VAE_UNCERTAINTY,58,Q loss,434,0.0009632173459976912
GAS,BAD,UCB_WITHOUT_VAE_UNCERTAINTY,58,Q loss,435,0.012563381344079971
GAS,BAD,UCB_WITHOUT_VAE_UNCERTAINTY,58,Q loss,436,0.003754587611183524
GAS,BAD,UCB_WITHOUT_VAE_UNCERTAINTY,58,Q loss,437,0.013937240466475487
GAS,BAD,UCB_WITHOUT_VAE_UNCERTAINTY,58,Q loss,438,0.0017735426081344485
GAS,BAD,UCB_WITHOUT_VAE_UNCERTAINTY,58,Q loss,439,0.0019671141635626554
GAS,BAD,UCB_WITHOUT_VAE_UNCERTAINTY,58,Q loss,440,0.0011523757129907608
GAS,BAD,UCB_WITHOUT_VAE_UNCERTAINTY,58,Q loss,441,0.0017177946865558624
GAS,BAD,UCB_WITHOUT_VAE_UNCERTAINTY,58,Q loss,442,0.0086295697838068
GAS,BAD,UCB_WITHOUT_VAE_UNCERTAINTY,58,Q loss,443,0.007319525815546513
GAS,BAD,UCB_WITHOUT_VAE_UNCERTAINTY,58,Q loss,444,0.0021653049625456333
GAS,BAD,UCB_WITHOUT_VAE_UNCERTAINTY,58,Q loss,445,0.006737507879734039
GAS,BAD,UCB_WITHOUT_VAE_UNCERTAINTY,58,Q loss,446,0.004695307929068804
GAS,BAD,UCB_WITHOUT_VAE_UNCERTAINTY,58,Q loss,447,0.0022736627142876387
GAS,BAD,UCB_WITHOUT_VAE_UNCERTAINTY,58,Q loss,448,0.002094792667776346
GAS,BAD,UCB_WITHOUT_VAE_UNCERTAINTY,58,Q loss,449,0.009705019183456898
GAS,BAD,UCB_WITHOUT_VAE_UNCERTAINTY,58,Q loss,450,0.0005404758267104626
GAS,BAD,UCB_WITHOUT_VAE_UNCERTAINTY,58,Q loss,451,0.0010665985755622387
GAS,BAD,UCB_WITHOUT_VAE_UNCERTAINTY,58,Q loss,452,0.0019263122230768204
GAS,BAD,UCB_WITHOUT_VAE_UNCERTAINTY,58,Q loss,453,0.010012347251176834
GAS,BAD,UCB_WITHOUT_VAE_UNCERTAINTY,58,Q loss,454,0.004420600365847349
GAS,BAD,UCB_WITHOUT_VAE_UNCERTAINTY,58,Q loss,455,0.011852450668811798
GAS,BAD,UCB_WITHOUT_VAE_UNCERTAINTY,58,Q loss,456,0.0014969783369451761
GAS,BAD,UCB_WITHOUT_VAE_UNCERTAINTY,58,Q loss,457,0.0010844366624951363
GAS,BAD,UCB_WITHOUT_VAE_UNCERTAINTY,58,Q loss,458,0.0017465066630393267
GAS,BAD,UCB_WITHOUT_VAE_UNCERTAINTY,58,Q loss,459,0.0010218541137874126
GAS,BAD,UCB_WITHOUT_VAE_UNCERTAINTY,58,Q loss,460,0.007638600654900074
GAS,BAD,UCB_WITHOUT_VAE_UNCERTAINTY,58,Q loss,461,0.00607835128903389
GAS,BAD,UCB_WITHOUT_VAE_UNCERTAINTY,58,Q loss,462,0.0033402920234948397
GAS,BAD,UCB_WITHOUT_VAE_UNCERTAINTY,58,Q loss,463,0.0058713085018098354
GAS,BAD,UCB_WITHOUT_VAE_UNCERTAINTY,58,Q loss,464,0.0035728930961340666
GAS,BAD,UCB_WITHOUT_VAE_UNCERTAINTY,58,Q loss,465,0.0015032029477879405
GAS,BAD,UCB_WITHOUT_VAE_UNCERTAINTY,58,Q loss,466,0.0029799407348036766
GAS,BAD,UCB_WITHOUT_VAE_UNCERTAINTY,58,Q loss,467,0.01021652016788721
GAS,BAD,UCB_WITHOUT_VAE_UNCERTAINTY,58,Q loss,468,0.00257859262637794
GAS,BAD,UCB_WITHOUT_VAE_UNCERTAINTY,58,Q loss,469,0.0011845298577100039
GAS,BAD,UCB_WITHOUT_VAE_UNCERTAINTY,58,Q loss,470,0.0024745657574385405
GAS,BAD,UCB_WITHOUT_VAE_UNCERTAINTY,58,Q loss,471,0.011534727178514004
GAS,BAD,UCB_WITHOUT_VAE_UNCERTAINTY,58,Q loss,472,0.0030835787765681744
GAS,BAD,UCB_WITHOUT_VAE_UNCERTAINTY,58,Q loss,473,0.013469979166984558
GAS,BAD,UCB_WITHOUT_VAE_UNCERTAINTY,58,Q loss,474,0.0012284700060263276
GAS,BAD,UCB_WITHOUT_VAE_UNCERTAINTY,58,Q loss,475,0.001981559209525585
GAS,BAD,UCB_WITHOUT_VAE_UNCERTAINTY,58,Q loss,476,0.0017626623157411814
GAS,BAD,UCB_WITHOUT_VAE_UNCERTAINTY,58,Q loss,477,0.001953636994585395
GAS,BAD,UCB_WITHOUT_VAE_UNCERTAINTY,58,Q loss,478,0.009777658618986607
GAS,BAD,UCB_WITHOUT_VAE_UNCERTAINTY,58,Q loss,479,0.006167226005345583
GAS,BAD,UCB_WITHOUT_VAE_UNCERTAINTY,58,Q loss,480,0.0017806102987378836
GAS,BAD,UCB_WITHOUT_VAE_UNCERTAINTY,58,Q loss,481,0.005620826967060566
GAS,BAD,UCB_WITHOUT_VAE_UNCERTAINTY,58,Q loss,482,0.003093126928433776
GAS,BAD,UCB_WITHOUT_VAE_UNCERTAINTY,58,Q loss,483,0.0021478505805134773
GAS,BAD,UCB_WITHOUT_VAE_UNCERTAINTY,58,Q loss,484,0.0018046210752800107
GAS,BAD,UCB_WITHOUT_VAE_UNCERTAINTY,58,Q loss,485,0.006775235291570425
GAS,BAD,UCB_WITHOUT_VAE_UNCERTAINTY,58,Q loss,486,0.0008499660762026906
GAS,BAD,UCB_WITHOUT_VAE_UNCERTAINTY,58,Q loss,487,0.0010778784053400159
GAS,BAD,UCB_WITHOUT_VAE_UNCERTAINTY,58,Q loss,488,0.0010505683021619916
GAS,BAD,UCB_WITHOUT_VAE_UNCERTAINTY,58,Q loss,489,0.009456601925194263
GAS,BAD,UCB_WITHOUT_VAE_UNCERTAINTY,58,Q loss,490,0.0030074515379965305
GAS,BAD,UCB_WITHOUT_VAE_UNCERTAINTY,58,Q loss,491,0.015239336527884007
GAS,BAD,UCB_WITHOUT_VAE_UNCERTAINTY,58,Q loss,492,0.0016752677038311958
GAS,BAD,UCB_WITHOUT_VAE_UNCERTAINTY,58,Q loss,493,0.0004716846742667258
GAS,BAD,UCB_WITHOUT_VAE_UNCERTAINTY,58,Q loss,494,0.0014970535412430763
GAS,BAD,UCB_WITHOUT_VAE_UNCERTAINTY,58,Q loss,495,0.0014751540729776025
GAS,BAD,UCB_WITHOUT_VAE_UNCERTAINTY,58,Q loss,496,0.006413398776203394
GAS,BAD,UCB_WITHOUT_VAE_UNCERTAINTY,58,Q loss,497,0.006104597821831703
GAS,BAD,UCB_WITHOUT_VAE_UNCERTAINTY,58,Q loss,498,0.0023045844864100218
GAS,BAD,UCB_WITHOUT_VAE_UNCERTAINTY,58,Q loss,499,0.00590460654348135
GAS,BAD,UCB_WITHOUT_VAE_UNCERTAINTY,58,Q loss,500,0.008252334780991077
GAS,BAD,UCB_WITHOUT_VAE_UNCERTAINTY,58,Q loss,501,0.0028765385504812002
GAS,BAD,UCB_WITHOUT_VAE_UNCERTAINTY,58,Q loss,502,0.002772300038486719
GAS,BAD,UCB_WITHOUT_VAE_UNCERTAINTY,58,Q loss,503,0.007706643547862768
GAS,BAD,UCB_WITHOUT_VAE_UNCERTAINTY,58,Q loss,504,0.0012193850707262754
GAS,BAD,UCB_WITHOUT_VAE_UNCERTAINTY,58,Q loss,505,0.001572036067955196
GAS,BAD,UCB_WITHOUT_VAE_UNCERTAINTY,58,Q loss,506,0.0005569980712607503
GAS,BAD,UCB_WITHOUT_VAE_UNCERTAINTY,58,Q loss,507,0.006956648547202349
GAS,BAD,UCB_WITHOUT_VAE_UNCERTAINTY,58,Q loss,508,0.0020913509652018547
GAS,BAD,UCB_WITHOUT_VAE_UNCERTAINTY,58,Q loss,509,0.011706654913723469
GAS,BAD,UCB_WITHOUT_VAE_UNCERTAINTY,58,Q loss,510,0.0017842573579400778
GAS,BAD,UCB_WITHOUT_VAE_UNCERTAINTY,58,Q loss,511,0.0017748239915817976
GAS,BAD,UCB_WITHOUT_VAE_UNCERTAINTY,58,Q loss,512,0.0007306203478947282
GAS,BAD,UCB_WITHOUT_VAE_UNCERTAINTY,58,Q loss,513,0.0023017683997750282
GAS,BAD,UCB_WITHOUT_VAE_UNCERTAINTY,58,Q loss,514,0.006501725874841213
GAS,BAD,UCB_WITHOUT_VAE_UNCERTAINTY,58,Q loss,515,0.005911415442824364
GAS,BAD,UCB_WITHOUT_VAE_UNCERTAINTY,58,Q loss,516,0.0028341729193925858
GAS,BAD,UCB_WITHOUT_VAE_UNCERTAINTY,58,Q loss,517,0.01030111312866211
GAS,BAD,UCB_WITHOUT_VAE_UNCERTAINTY,58,Q loss,518,0.004914752207696438
GAS,BAD,UCB_WITHOUT_VAE_UNCERTAINTY,58,Q loss,519,0.002067308872938156
GAS,BAD,UCB_WITHOUT_VAE_UNCERTAINTY,58,Q loss,520,0.0030955588445067406
GAS,BAD,UCB_WITHOUT_VAE_UNCERTAINTY,58,Q loss,521,0.009064882062375546
GAS,BAD,UCB_WITHOUT_VAE_UNCERTAINTY,58,Q loss,522,0.0018575973808765411
GAS,BAD,UCB_WITHOUT_VAE_UNCERTAINTY,58,Q loss,523,0.0007109071593731642
GAS,BAD,UCB_WITHOUT_VAE_UNCERTAINTY,58,Q loss,524,0.0015416109235957265
GAS,BAD,UCB_WITHOUT_VAE_UNCERTAINTY,58,Q loss,525,0.013385415077209473
GAS,BAD,UCB_WITHOUT_VAE_UNCERTAINTY,58,Q loss,526,0.002172506880015135
GAS,BAD,UCB_WITHOUT_VAE_UNCERTAINTY,58,Q loss,527,0.010261358693242073
GAS,BAD,UCB_WITHOUT_VAE_UNCERTAINTY,58,Q loss,528,0.0002976549440063536
GAS,BAD,UCB_WITHOUT_VAE_UNCERTAINTY,58,Q loss,529,0.0004811082617379725
GAS,BAD,UCB_WITHOUT_VAE_UNCERTAINTY,58,Q loss,530,0.0014472771435976028
GAS,BAD,UCB_WITHOUT_VAE_UNCERTAINTY,58,Q loss,531,0.0025182021781802177
GAS,BAD,UCB_WITHOUT_VAE_UNCERTAINTY,58,Q loss,532,0.006535143591463566
GAS,BAD,UCB_WITHOUT_VAE_UNCERTAINTY,58,Q loss,533,0.004217233508825302
GAS,BAD,UCB_WITHOUT_VAE_UNCERTAINTY,58,Q loss,534,0.0022931634448468685
GAS,BAD,UCB_WITHOUT_VAE_UNCERTAINTY,58,Q loss,535,0.005814677104353905
GAS,BAD,UCB_WITHOUT_VAE_UNCERTAINTY,58,Q loss,536,0.005339562892913818
GAS,BAD,UCB_WITHOUT_VAE_UNCERTAINTY,58,Q loss,537,0.0030611222609877586
GAS,BAD,UCB_WITHOUT_VAE_UNCERTAINTY,58,Q loss,538,0.0017349309055134654
GAS,BAD,UCB_WITHOUT_VAE_UNCERTAINTY,58,Q loss,539,0.005824434105306864
GAS,BAD,UCB_WITHOUT_VAE_UNCERTAINTY,58,Q loss,540,0.002130176406353712
GAS,BAD,UCB_WITHOUT_VAE_UNCERTAINTY,58,Q loss,541,0.0013961561489850283
GAS,BAD,UCB_WITHOUT_VAE_UNCERTAINTY,58,Q loss,542,0.0028947056271135807
GAS,BAD,UCB_WITHOUT_VAE_UNCERTAINTY,58,Q loss,543,0.005617060698568821
GAS,BAD,UCB_WITHOUT_VAE_UNCERTAINTY,58,Q loss,544,0.002619783626869321
GAS,BAD,UCB_WITHOUT_VAE_UNCERTAINTY,58,Q loss,545,0.014627985656261444
GAS,BAD,UCB_WITHOUT_VAE_UNCERTAINTY,58,Q loss,546,0.0005152940284460783
GAS,BAD,UCB_WITHOUT_VAE_UNCERTAINTY,58,Q loss,547,0.0014133048243820667
GAS,BAD,UCB_WITHOUT_VAE_UNCERTAINTY,58,Q loss,548,0.000863310182467103
GAS,BAD,UCB_WITHOUT_VAE_UNCERTAINTY,58,Q loss,549,0.00111438799649477
GAS,BAD,UCB_WITHOUT_VAE_UNCERTAINTY,58,Q loss,550,0.0073776221834123135
GAS,BAD,UCB_WITHOUT_VAE_UNCERTAINTY,58,Q loss,551,0.004904791712760925
GAS,BAD,UCB_WITHOUT_VAE_UNCERTAINTY,58,Q loss,552,0.002714835572987795
GAS,BAD,UCB_WITHOUT_VAE_UNCERTAINTY,58,Q loss,553,0.006146566942334175
GAS,BAD,UCB_WITHOUT_VAE_UNCERTAINTY,58,Q loss,554,0.00360430171713233
GAS,BAD,UCB_WITHOUT_VAE_UNCERTAINTY,58,Q loss,555,0.0029286504723131657
GAS,BAD,UCB_WITHOUT_VAE_UNCERTAINTY,58,Q loss,556,0.0013950907159596682
GAS,BAD,UCB_WITHOUT_VAE_UNCERTAINTY,58,Q loss,557,0.011686384677886963
GAS,BAD,UCB_WITHOUT_VAE_UNCERTAINTY,58,Q loss,558,0.0015858868137001991
GAS,BAD,UCB_WITHOUT_VAE_UNCERTAINTY,58,Q loss,559,0.000614116492215544
GAS,BAD,UCB_WITHOUT_VAE_UNCERTAINTY,58,Q loss,560,0.001125887269154191
GAS,BAD,UCB_WITHOUT_VAE_UNCERTAINTY,58,Q loss,561,0.00793499406427145
GAS,BAD,UCB_WITHOUT_VAE_UNCERTAINTY,58,Q loss,562,0.005012086592614651
GAS,BAD,UCB_WITHOUT_VAE_UNCERTAINTY,58,Q loss,563,0.012326253578066826
GAS,BAD,UCB_WITHOUT_VAE_UNCERTAINTY,58,Q loss,564,0.002774842083454132
GAS,BAD,UCB_WITHOUT_VAE_UNCERTAINTY,58,Q loss,565,0.0009465750772505999
GAS,BAD,UCB_WITHOUT_VAE_UNCERTAINTY,58,Q loss,566,0.0008680916507728398
GAS,BAD,UCB_WITHOUT_VAE_UNCERTAINTY,58,Q loss,567,0.0012789908796548843
GAS,BAD,UCB_WITHOUT_VAE_UNCERTAINTY,58,Q loss,568,0.004756787791848183
GAS,BAD,UCB_WITHOUT_VAE_UNCERTAINTY,58,Q loss,569,0.00649621244519949
GAS,BAD,UCB_WITHOUT_VAE_UNCERTAINTY,58,Q loss,570,0.0036784044932574034
GAS,BAD,UCB_WITHOUT_VAE_UNCERTAINTY,58,Q loss,571,0.005378195084631443
GAS,BAD,UCB_WITHOUT_VAE_UNCERTAINTY,58,Q loss,572,0.008250119164586067
GAS,BAD,UCB_WITHOUT_VAE_UNCERTAINTY,58,Q loss,573,0.002070182468742132
GAS,BAD,UCB_WITHOUT_VAE_UNCERTAINTY,58,Q loss,574,0.0017355155432596803
GAS,BAD,UCB_WITHOUT_VAE_UNCERTAINTY,58,Q loss,575,0.0060556079261004925
GAS,BAD,UCB_WITHOUT_VAE_UNCERTAINTY,58,Q loss,576,0.0019235772779211402
GAS,BAD,UCB_WITHOUT_VAE_UNCERTAINTY,58,Q loss,577,0.000415975198848173
GAS,BAD,UCB_WITHOUT_VAE_UNCERTAINTY,58,Q loss,578,0.00094350561266765
GAS,BAD,UCB_WITHOUT_VAE_UNCERTAINTY,58,Q loss,579,0.006358746904879808
GAS,BAD,UCB_WITHOUT_VAE_UNCERTAINTY,58,Q loss,580,0.004508170764893293
GAS,BAD,UCB_WITHOUT_VAE_UNCERTAINTY,58,Q loss,581,0.009167687967419624
GAS,BAD,UCB_WITHOUT_VAE_UNCERTAINTY,58,Q loss,582,0.0012221888173371553
GAS,BAD,UCB_WITHOUT_VAE_UNCERTAINTY,58,Q loss,583,0.00042678724275901914
GAS,BAD,UCB_WITHOUT_VAE_UNCERTAINTY,58,Q loss,584,0.0006754474015906453
GAS,BAD,UCB_WITHOUT_VAE_UNCERTAINTY,58,Q loss,585,0.0026478259824216366
GAS,BAD,UCB_WITHOUT_VAE_UNCERTAINTY,58,Q loss,586,0.007067895494401455
GAS,BAD,UCB_WITHOUT_VAE_UNCERTAINTY,58,Q loss,587,0.0053785452619194984
GAS,BAD,UCB_WITHOUT_VAE_UNCERTAINTY,58,Q loss,588,0.003379946108907461
GAS,BAD,UCB_WITHOUT_VAE_UNCERTAINTY,58,Q loss,589,0.005597724579274654
GAS,BAD,UCB_WITHOUT_VAE_UNCERTAINTY,58,Q loss,590,0.0023863734677433968
GAS,BAD,UCB_WITHOUT_VAE_UNCERTAINTY,58,Q loss,591,0.0013866850640624762
GAS,BAD,UCB_WITHOUT_VAE_UNCERTAINTY,58,Q loss,592,0.0012249668361619115
GAS,BAD,UCB_WITHOUT_VAE_UNCERTAINTY,58,Q loss,593,0.00479245325550437
GAS,BAD,UCB_WITHOUT_VAE_UNCERTAINTY,58,Q loss,594,0.002831203630194068
GAS,BAD,UCB_WITHOUT_VAE_UNCERTAINTY,58,Q loss,595,0.0005094814696349204
GAS,BAD,UCB_WITHOUT_VAE_UNCERTAINTY,58,Q loss,596,0.001491473987698555
GAS,BAD,UCB_WITHOUT_VAE_UNCERTAINTY,58,Q loss,597,0.005339810624718666
GAS,BAD,UCB_WITHOUT_VAE_UNCERTAINTY,58,Q loss,598,0.0020164279267191887
GAS,BAD,UCB_WITHOUT_VAE_UNCERTAINTY,58,Q loss,599,0.00937140453606844
GAS,BAD,UCB_WITHOUT_VAE_UNCERTAINTY,58,Q loss,600,0.0011966207530349493
GAS,BAD,UCB_WITHOUT_VAE_UNCERTAINTY,58,Q loss,601,0.001013272674754262
GAS,BAD,UCB_WITHOUT_VAE_UNCERTAINTY,58,Q loss,602,0.00163790094666183
GAS,BAD,UCB_WITHOUT_VAE_UNCERTAINTY,58,Q loss,603,0.00101684860419482
GAS,BAD,UCB_WITHOUT_VAE_UNCERTAINTY,58,Q loss,604,0.005222158040851355
GAS,BAD,UCB_WITHOUT_VAE_UNCERTAINTY,58,Q loss,605,0.003981014247983694
GAS,BAD,UCB_WITHOUT_VAE_UNCERTAINTY,58,Q loss,606,0.002093313727527857
GAS,BAD,UCB_WITHOUT_VAE_UNCERTAINTY,58,Q loss,607,0.004372572526335716
GAS,BAD,UCB_WITHOUT_VAE_UNCERTAINTY,58,Q loss,608,0.005677015986293554
GAS,BAD,UCB_WITHOUT_VAE_UNCERTAINTY,58,Q loss,609,0.001830289838835597
GAS,BAD,UCB_WITHOUT_VAE_UNCERTAINTY,58,Q loss,610,0.0011997374240309
GAS,BAD,UCB_WITHOUT_VAE_UNCERTAINTY,58,Q loss,611,0.007295370101928711
GAS,BAD,UCB_WITHOUT_VAE_UNCERTAINTY,58,Q loss,612,0.0015365194994956255
GAS,BAD,UCB_WITHOUT_VAE_UNCERTAINTY,58,Q loss,613,0.000198782654479146
GAS,BAD,UCB_WITHOUT_VAE_UNCERTAINTY,58,Q loss,614,0.0023951074108481407
GAS,BAD,UCB_WITHOUT_VAE_UNCERTAINTY,58,Q loss,615,0.0076566431671381
GAS,BAD,UCB_WITHOUT_VAE_UNCERTAINTY,58,Q loss,616,0.003633718704804778
GAS,BAD,UCB_WITHOUT_VAE_UNCERTAINTY,58,Q loss,617,0.014794329181313515
GAS,BAD,UCB_WITHOUT_VAE_UNCERTAINTY,58,Q loss,618,0.0006176794413477182
GAS,BAD,UCB_WITHOUT_VAE_UNCERTAINTY,58,Q loss,619,0.0012568158563226461
GAS,BAD,UCB_WITHOUT_VAE_UNCERTAINTY,58,Q loss,620,0.0008946604793891311
GAS,BAD,UCB_WITHOUT_VAE_UNCERTAINTY,58,Q loss,621,0.001937996712513268
GAS,BAD,UCB_WITHOUT_VAE_UNCERTAINTY,58,Q loss,622,0.00599163630977273
GAS,BAD,UCB_WITHOUT_VAE_UNCERTAINTY,58,Q loss,623,0.004551958292722702
GAS,BAD,UCB_WITHOUT_VAE_UNCERTAINTY,58,Q loss,624,0.002212413353845477
GAS,BAD,UCB_WITHOUT_VAE_UNCERTAINTY,58,Q loss,625,0.006913136690855026
GAS,BAD,UCB_WITHOUT_VAE_UNCERTAINTY,58,Q loss,626,0.0048244548961520195
GAS,BAD,UCB_WITHOUT_VAE_UNCERTAINTY,58,Q loss,627,0.0014997508842498064
GAS,BAD,UCB_WITHOUT_VAE_UNCERTAINTY,58,Q loss,628,0.00186858547385782
GAS,BAD,UCB_WITHOUT_VAE_UNCERTAINTY,58,Q loss,629,0.009638052433729172
GAS,BAD,UCB_WITHOUT_VAE_UNCERTAINTY,58,Q loss,630,0.0008421833626925945
GAS,BAD,UCB_WITHOUT_VAE_UNCERTAINTY,58,Q loss,631,0.0007900138734839857
GAS,BAD,UCB_WITHOUT_VAE_UNCERTAINTY,58,Q loss,632,0.0006687917048111558
GAS,BAD,UCB_WITHOUT_VAE_UNCERTAINTY,58,Q loss,633,0.005058160051703453
GAS,BAD,UCB_WITHOUT_VAE_UNCERTAINTY,58,Q loss,634,0.0020642916206270456
GAS,BAD,UCB_WITHOUT_VAE_UNCERTAINTY,58,Q loss,635,0.009757164865732193
GAS,BAD,UCB_WITHOUT_VAE_UNCERTAINTY,58,Q loss,636,0.0008528148173354566
GAS,BAD,UCB_WITHOUT_VAE_UNCERTAINTY,58,Q loss,637,0.0005913698696531355
GAS,BAD,UCB_WITHOUT_VAE_UNCERTAINTY,58,Q loss,638,0.0014518990647047758
GAS,BAD,UCB_WITHOUT_VAE_UNCERTAINTY,58,Q loss,639,0.0011767824180424213
GAS,BAD,UCB_WITHOUT_VAE_UNCERTAINTY,58,Q loss,640,0.005017169285565615
GAS,BAD,UCB_WITHOUT_VAE_UNCERTAINTY,58,Q loss,641,0.006333329249173403
GAS,BAD,UCB_WITHOUT_VAE_UNCERTAINTY,58,Q loss,642,0.0023255562409758568
GAS,BAD,UCB_WITHOUT_VAE_UNCERTAINTY,58,Q loss,643,0.004389976616948843
GAS,BAD,UCB_WITHOUT_VAE_UNCERTAINTY,58,Q loss,644,0.002319261897355318
GAS,BAD,UCB_WITHOUT_VAE_UNCERTAINTY,58,Q loss,645,0.0008051187032833695
GAS,BAD,UCB_WITHOUT_VAE_UNCERTAINTY,58,Q loss,646,0.002342659281566739
GAS,BAD,UCB_WITHOUT_VAE_UNCERTAINTY,58,Q loss,647,0.008414316922426224
GAS,BAD,UCB_WITHOUT_VAE_UNCERTAINTY,58,Q loss,648,0.0017626098124310374
GAS,BAD,UCB_WITHOUT_VAE_UNCERTAINTY,58,Q loss,649,0.0005258237360976636
GAS,BAD,UCB_WITHOUT_VAE_UNCERTAINTY,58,Q loss,650,0.0006723330589011312
GAS,BAD,UCB_WITHOUT_VAE_UNCERTAINTY,58,Q loss,651,0.0056735919788479805
GAS,BAD,UCB_WITHOUT_VAE_UNCERTAINTY,58,Q loss,652,0.002550686476752162
GAS,BAD,UCB_WITHOUT_VAE_UNCERTAINTY,58,Q loss,653,0.009943724609911442
GAS,BAD,UCB_WITHOUT_VAE_UNCERTAINTY,58,Q loss,654,0.0008544157026335597
GAS,BAD,UCB_WITHOUT_VAE_UNCERTAINTY,58,Q loss,655,0.002279722597450018
GAS,BAD,UCB_WITHOUT_VAE_UNCERTAINTY,58,Q loss,656,0.001066243159584701
GAS,BAD,UCB_WITHOUT_VAE_UNCERTAINTY,58,Q loss,657,0.0014972288627177477
GAS,BAD,UCB_WITHOUT_VAE_UNCERTAINTY,58,Q loss,658,0.0054477909579873085
GAS,BAD,UCB_WITHOUT_VAE_UNCERTAINTY,58,Q loss,659,0.004456961527466774
GAS,BAD,UCB_WITHOUT_VAE_UNCERTAINTY,58,Q loss,660,0.003318808041512966
GAS,BAD,UCB_WITHOUT_VAE_UNCERTAINTY,58,Q loss,661,0.003737312275916338
GAS,BAD,UCB_WITHOUT_VAE_UNCERTAINTY,58,Q loss,662,0.003624220611527562
GAS,BAD,UCB_WITHOUT_VAE_UNCERTAINTY,58,Q loss,663,0.002938797464594245
GAS,BAD,UCB_WITHOUT_VAE_UNCERTAINTY,58,Q loss,664,0.0029101790860295296
GAS,BAD,UCB_WITHOUT_VAE_UNCERTAINTY,58,Q loss,665,0.004759602248668671
GAS,BAD,UCB_WITHOUT_VAE_UNCERTAINTY,58,Q loss,666,0.0014435158809646964
GAS,BAD,UCB_WITHOUT_VAE_UNCERTAINTY,58,Q loss,667,0.0010731405345723033
GAS,BAD,UCB_WITHOUT_VAE_UNCERTAINTY,58,Q loss,668,0.000989520805887878
GAS,BAD,UCB_WITHOUT_VAE_UNCERTAINTY,58,Q loss,669,0.005259929224848747
GAS,BAD,UCB_WITHOUT_VAE_UNCERTAINTY,58,Q loss,670,0.00335989729501307
GAS,BAD,UCB_WITHOUT_VAE_UNCERTAINTY,58,Q loss,671,0.008709798566997051
GAS,BAD,UCB_WITHOUT_VAE_UNCERTAINTY,58,Q loss,672,0.0015813411446288228
GAS,BAD,UCB_WITHOUT_VAE_UNCERTAINTY,58,Q loss,673,0.0004140367964282632
GAS,BAD,UCB_WITHOUT_VAE_UNCERTAINTY,58,Q loss,674,0.0011118738912045956
GAS,BAD,UCB_WITHOUT_VAE_UNCERTAINTY,58,Q loss,675,0.0012617172906175256
GAS,BAD,UCB_WITHOUT_VAE_UNCERTAINTY,58,Q loss,676,0.005689325742423534
GAS,BAD,UCB_WITHOUT_VAE_UNCERTAINTY,58,Q loss,677,0.002781989285722375
GAS,BAD,UCB_WITHOUT_VAE_UNCERTAINTY,58,Q loss,678,0.0024735103361308575
GAS,BAD,UCB_WITHOUT_VAE_UNCERTAINTY,58,Q loss,679,0.005776356905698776
GAS,BAD,UCB_WITHOUT_VAE_UNCERTAINTY,58,Q loss,680,0.003780738916248083
GAS,BAD,UCB_WITHOUT_VAE_UNCERTAINTY,58,Q loss,681,0.0016991810407489538
GAS,BAD,UCB_WITHOUT_VAE_UNCERTAINTY,58,Q loss,682,0.0021301445085555315
GAS,BAD,UCB_WITHOUT_VAE_UNCERTAINTY,58,Q loss,683,0.005380003247410059
GAS,BAD,UCB_WITHOUT_VAE_UNCERTAINTY,58,Q loss,684,0.0012176758609712124
GAS,BAD,UCB_WITHOUT_VAE_UNCERTAINTY,58,Q loss,685,0.0008514326764270663
GAS,BAD,UCB_WITHOUT_VAE_UNCERTAINTY,58,Q loss,686,0.0010192893678322434
GAS,BAD,UCB_WITHOUT_VAE_UNCERTAINTY,58,Q loss,687,0.004691441543400288
GAS,BAD,UCB_WITHOUT_VAE_UNCERTAINTY,58,Q loss,688,0.0012486110208556056
GAS,BAD,UCB_WITHOUT_VAE_UNCERTAINTY,58,Q loss,689,0.008669721893966198
GAS,BAD,UCB_WITHOUT_VAE_UNCERTAINTY,58,Q loss,690,0.0005895380163565278
GAS,BAD,UCB_WITHOUT_VAE_UNCERTAINTY,58,Q loss,691,0.0005891471519134939
GAS,BAD,UCB_WITHOUT_VAE_UNCERTAINTY,58,Q loss,692,0.0015420486452057958
GAS,BAD,UCB_WITHOUT_VAE_UNCERTAINTY,58,Q loss,693,0.0015290728770196438
GAS,BAD,UCB_WITHOUT_VAE_UNCERTAINTY,58,Q loss,694,0.006192124914377928
GAS,BAD,UCB_WITHOUT_VAE_UNCERTAINTY,58,Q loss,695,0.0036020393017679453
GAS,BAD,UCB_WITHOUT_VAE_UNCERTAINTY,58,Q loss,696,0.0018296325579285622
GAS,BAD,UCB_WITHOUT_VAE_UNCERTAINTY,58,Q loss,697,0.005749578587710857
GAS,BAD,UCB_WITHOUT_VAE_UNCERTAINTY,58,Q loss,698,0.0014593284577131271
GAS,BAD,UCB_WITHOUT_VAE_UNCERTAINTY,58,Q loss,699,0.0029241107404232025
GAS,BAD,UCB_WITHOUT_VAE_UNCERTAINTY,58,Q loss,700,0.0024373787455260754
GAS,BAD,UCB_WITHOUT_VAE_UNCERTAINTY,58,Q loss,701,0.005588357802480459
GAS,BAD,UCB_WITHOUT_VAE_UNCERTAINTY,58,Q loss,702,0.0009596570744179189
GAS,BAD,UCB_WITHOUT_VAE_UNCERTAINTY,58,Q loss,703,0.0014037849614396691
GAS,BAD,UCB_WITHOUT_VAE_UNCERTAINTY,58,Q loss,704,0.0006321066757664084
GAS,BAD,UCB_WITHOUT_VAE_UNCERTAINTY,58,Q loss,705,0.006963714025914669
GAS,BAD,UCB_WITHOUT_VAE_UNCERTAINTY,58,Q loss,706,0.0065718479454517365
GAS,BAD,UCB_WITHOUT_VAE_UNCERTAINTY,58,Q loss,707,0.011111553758382797
GAS,BAD,UCB_WITHOUT_VAE_UNCERTAINTY,58,Q loss,708,0.000820935470983386
GAS,BAD,UCB_WITHOUT_VAE_UNCERTAINTY,58,Q loss,709,0.0015409337356686592
GAS,BAD,UCB_WITHOUT_VAE_UNCERTAINTY,58,Q loss,710,0.000993502326309681
GAS,BAD,UCB_WITHOUT_VAE_UNCERTAINTY,58,Q loss,711,0.001389924786053598
GAS,BAD,UCB_WITHOUT_VAE_UNCERTAINTY,58,Q loss,712,0.0038637954276055098
GAS,BAD,UCB_WITHOUT_VAE_UNCERTAINTY,58,Q loss,713,0.0030328771099448204
GAS,BAD,UCB_WITHOUT_VAE_UNCERTAINTY,58,Q loss,714,0.0022135162726044655
GAS,BAD,UCB_WITHOUT_VAE_UNCERTAINTY,58,Q loss,715,0.004767885431647301
GAS,BAD,UCB_WITHOUT_VAE_UNCERTAINTY,58,Q loss,716,0.006783896591514349
GAS,BAD,UCB_WITHOUT_VAE_UNCERTAINTY,58,Q loss,717,0.0015185457887127995
GAS,BAD,UCB_WITHOUT_VAE_UNCERTAINTY,58,Q loss,718,0.0017544853035360575
GAS,BAD,UCB_WITHOUT_VAE_UNCERTAINTY,58,Q loss,719,0.007795274723321199
GAS,BAD,UCB_WITHOUT_VAE_UNCERTAINTY,58,Q loss,720,0.0013498044572770596
GAS,BAD,UCB_WITHOUT_VAE_UNCERTAINTY,58,Q loss,721,0.0011107453610748053
GAS,BAD,UCB_WITHOUT_VAE_UNCERTAINTY,58,Q loss,722,0.0008237477741204202
GAS,BAD,UCB_WITHOUT_VAE_UNCERTAINTY,58,Q loss,723,0.004263147711753845
GAS,BAD,UCB_WITHOUT_VAE_UNCERTAINTY,58,Q loss,724,0.0015940751181915402
GAS,BAD,UCB_WITHOUT_VAE_UNCERTAINTY,58,Q loss,725,0.005917999893426895
GAS,BAD,UCB_WITHOUT_VAE_UNCERTAINTY,58,Q loss,726,0.0013861607294529676
GAS,BAD,UCB_WITHOUT_VAE_UNCERTAINTY,58,Q loss,727,0.0009041449520736933
GAS,BAD,UCB_WITHOUT_VAE_UNCERTAINTY,58,Q loss,728,0.0004162610275670886
GAS,BAD,UCB_WITHOUT_VAE_UNCERTAINTY,58,Q loss,729,0.0014262988697737455
GAS,BAD,UCB_WITHOUT_VAE_UNCERTAINTY,58,Q loss,730,0.004534783773124218
GAS,BAD,UCB_WITHOUT_VAE_UNCERTAINTY,58,Q loss,731,0.0025421290192753077
GAS,BAD,UCB_WITHOUT_VAE_UNCERTAINTY,58,Q loss,732,0.001329586491920054
GAS,BAD,UCB_WITHOUT_VAE_UNCERTAINTY,58,Q loss,733,0.004465147852897644
GAS,BAD,UCB_WITHOUT_VAE_UNCERTAINTY,58,Q loss,734,0.0011691674590110779
GAS,BAD,UCB_WITHOUT_VAE_UNCERTAINTY,58,Q loss,735,0.002058975864201784
GAS,BAD,UCB_WITHOUT_VAE_UNCERTAINTY,58,Q loss,736,0.002639340702444315
GAS,BAD,UCB_WITHOUT_VAE_UNCERTAINTY,58,Q loss,737,0.004446526523679495
GAS,BAD,UCB_WITHOUT_VAE_UNCERTAINTY,58,Q loss,738,0.0015771251637488604
GAS,BAD,UCB_WITHOUT_VAE_UNCERTAINTY,58,Q loss,739,0.0006302427500486374
GAS,BAD,UCB_WITHOUT_VAE_UNCERTAINTY,58,Q loss,740,0.0018018110422417521
GAS,BAD,UCB_WITHOUT_VAE_UNCERTAINTY,58,Q loss,741,0.007232436910271645
GAS,BAD,UCB_WITHOUT_VAE_UNCERTAINTY,58,Q loss,742,0.0022417549043893814
GAS,BAD,UCB_WITHOUT_VAE_UNCERTAINTY,58,Q loss,743,0.007873671129345894
GAS,BAD,UCB_WITHOUT_VAE_UNCERTAINTY,58,Q loss,744,0.00044580447138287127
GAS,BAD,UCB_WITHOUT_VAE_UNCERTAINTY,58,Q loss,745,0.0009308988228440285
GAS,BAD,UCB_WITHOUT_VAE_UNCERTAINTY,58,Q loss,746,0.0017272406257689
GAS,BAD,UCB_WITHOUT_VAE_UNCERTAINTY,58,Q loss,747,0.0012658407213166356
GAS,BAD,UCB_WITHOUT_VAE_UNCERTAINTY,58,Q loss,748,0.003808185923844576
GAS,BAD,UCB_WITHOUT_VAE_UNCERTAINTY,58,Q loss,749,0.0019926014356315136
GAS,BAD,UCB_WITHOUT_VAE_UNCERTAINTY,58,Q loss,750,0.0020702090114355087
GAS,BAD,UCB_WITHOUT_VAE_UNCERTAINTY,58,Q loss,751,0.005371727980673313
GAS,BAD,UCB_WITHOUT_VAE_UNCERTAINTY,58,Q loss,752,0.0017340464983135462
GAS,BAD,UCB_WITHOUT_VAE_UNCERTAINTY,58,Q loss,753,0.0023812055587768555
GAS,BAD,UCB_WITHOUT_VAE_UNCERTAINTY,58,Q loss,754,0.0014536665985360742
GAS,BAD,UCB_WITHOUT_VAE_UNCERTAINTY,58,Q loss,755,0.006299975328147411
GAS,BAD,UCB_WITHOUT_VAE_UNCERTAINTY,58,Q loss,756,0.0023708876688033342
GAS,BAD,UCB_WITHOUT_VAE_UNCERTAINTY,58,Q loss,757,0.0003106465155724436
GAS,BAD,UCB_WITHOUT_VAE_UNCERTAINTY,58,Q loss,758,0.00170257652644068
GAS,BAD,UCB_WITHOUT_VAE_UNCERTAINTY,58,Q loss,759,0.0031509320251643658
GAS,BAD,UCB_WITHOUT_VAE_UNCERTAINTY,58,Q loss,760,0.002157597802579403
GAS,BAD,UCB_WITHOUT_VAE_UNCERTAINTY,58,Q loss,761,0.0055977776646614075
GAS,BAD,UCB_WITHOUT_VAE_UNCERTAINTY,58,Q loss,762,0.0026027688290923834
GAS,BAD,UCB_WITHOUT_VAE_UNCERTAINTY,58,Q loss,763,0.0008337520994246006
GAS,BAD,UCB_WITHOUT_VAE_UNCERTAINTY,58,Q loss,764,0.0006275727646425366
GAS,BAD,UCB_WITHOUT_VAE_UNCERTAINTY,58,Q loss,765,0.0011156281689181924
GAS,BAD,UCB_WITHOUT_VAE_UNCERTAINTY,58,Q loss,766,0.006880772300064564
GAS,BAD,UCB_WITHOUT_VAE_UNCERTAINTY,58,Q loss,767,0.0030222798231989145
GAS,BAD,UCB_WITHOUT_VAE_UNCERTAINTY,58,Q loss,768,0.0018646169919520617
GAS,BAD,UCB_WITHOUT_VAE_UNCERTAINTY,58,Q loss,769,0.004402133636176586
GAS,BAD,UCB_WITHOUT_VAE_UNCERTAINTY,58,Q loss,770,0.008003872819244862
GAS,BAD,UCB_WITHOUT_VAE_UNCERTAINTY,58,Q loss,771,0.0012657148763537407
GAS,BAD,UCB_WITHOUT_VAE_UNCERTAINTY,58,Q loss,772,0.0019851503893733025
GAS,BAD,UCB_WITHOUT_VAE_UNCERTAINTY,58,Q loss,773,0.007200349122285843
GAS,BAD,UCB_WITHOUT_VAE_UNCERTAINTY,58,Q loss,774,0.0011813633609563112
GAS,BAD,UCB_WITHOUT_VAE_UNCERTAINTY,58,Q loss,775,0.0007318114512600005
GAS,BAD,UCB_WITHOUT_VAE_UNCERTAINTY,58,Q loss,776,0.0004752580134663731
GAS,BAD,UCB_WITHOUT_VAE_UNCERTAINTY,58,Q loss,777,0.0035798074677586555
GAS,BAD,UCB_WITHOUT_VAE_UNCERTAINTY,58,Q loss,778,0.0021983759943395853
GAS,BAD,UCB_WITHOUT_VAE_UNCERTAINTY,58,Q loss,779,0.006115185096859932
GAS,BAD,UCB_WITHOUT_VAE_UNCERTAINTY,58,Q loss,780,0.0012108336668461561
GAS,BAD,UCB_WITHOUT_VAE_UNCERTAINTY,58,Q loss,781,0.0012843114091083407
GAS,BAD,UCB_WITHOUT_VAE_UNCERTAINTY,58,Q loss,782,0.0012411880306899548
GAS,BAD,UCB_WITHOUT_VAE_UNCERTAINTY,58,Q loss,783,0.00140859535895288
GAS,BAD,UCB_WITHOUT_VAE_UNCERTAINTY,58,Q loss,784,0.004405791871249676
GAS,BAD,UCB_WITHOUT_VAE_UNCERTAINTY,58,Q loss,785,0.0027269390411674976
GAS,BAD,UCB_WITHOUT_VAE_UNCERTAINTY,58,Q loss,786,0.0017080807592719793
GAS,BAD,UCB_WITHOUT_VAE_UNCERTAINTY,58,Q loss,787,0.003998684696853161
GAS,BAD,UCB_WITHOUT_VAE_UNCERTAINTY,58,Q loss,788,0.0016200232785195112
GAS,BAD,UCB_WITHOUT_VAE_UNCERTAINTY,58,Q loss,789,0.0009695994667708874
GAS,BAD,UCB_WITHOUT_VAE_UNCERTAINTY,58,Q loss,790,0.00106412498280406
GAS,BAD,UCB_WITHOUT_VAE_UNCERTAINTY,58,Q loss,791,0.005569416098296642
GAS,BAD,UCB_WITHOUT_VAE_UNCERTAINTY,58,Q loss,792,0.002203445415943861
GAS,BAD,UCB_WITHOUT_VAE_UNCERTAINTY,58,Q loss,793,0.0006810042541474104
GAS,BAD,UCB_WITHOUT_VAE_UNCERTAINTY,58,Q loss,794,0.0018836805829778314
GAS,BAD,UCB_WITHOUT_VAE_UNCERTAINTY,58,Q loss,795,0.004625464789569378
GAS,BAD,UCB_WITHOUT_VAE_UNCERTAINTY,58,Q loss,796,0.002661651000380516
GAS,BAD,UCB_WITHOUT_VAE_UNCERTAINTY,58,Q loss,797,0.005067914724349976
GAS,BAD,UCB_WITHOUT_VAE_UNCERTAINTY,58,Q loss,798,0.001395286526530981
GAS,BAD,UCB_WITHOUT_VAE_UNCERTAINTY,58,Q loss,799,0.0007309176726266742
GAS,BAD,UCB_WITHOUT_VAE_UNCERTAINTY,58,Q loss,800,0.0008779074996709824
GAS,BAD,UCB_WITHOUT_VAE_UNCERTAINTY,58,Q loss,801,0.0006777107482776046
GAS,BAD,UCB_WITHOUT_VAE_UNCERTAINTY,58,Q loss,802,0.004460054915398359
GAS,BAD,UCB_WITHOUT_VAE_UNCERTAINTY,58,Q loss,803,0.0032002986408770084
GAS,BAD,UCB_WITHOUT_VAE_UNCERTAINTY,58,Q loss,804,0.001631050487048924
GAS,BAD,UCB_WITHOUT_VAE_UNCERTAINTY,58,Q loss,805,0.0030387681908905506
GAS,BAD,UCB_WITHOUT_VAE_UNCERTAINTY,58,Q loss,806,0.004833779763430357
GAS,BAD,UCB_WITHOUT_VAE_UNCERTAINTY,58,Q loss,807,0.0012844651937484741
GAS,BAD,UCB_WITHOUT_VAE_UNCERTAINTY,58,Q loss,808,0.0007611782057210803
GAS,BAD,UCB_WITHOUT_VAE_UNCERTAINTY,58,Q loss,809,0.004106207750737667
GAS,BAD,UCB_WITHOUT_VAE_UNCERTAINTY,58,Cost loss,0,0.15457013249397278
GAS,BAD,UCB_WITHOUT_VAE_UNCERTAINTY,58,Cost loss,1,0.1524583399295807
GAS,BAD,UCB_WITHOUT_VAE_UNCERTAINTY,58,Cost loss,2,0.15237528085708618
GAS,BAD,UCB_WITHOUT_VAE_UNCERTAINTY,58,Cost loss,3,0.14980639517307281
GAS,BAD,UCB_WITHOUT_VAE_UNCERTAINTY,58,Cost loss,4,0.14855235815048218
GAS,BAD,UCB_WITHOUT_VAE_UNCERTAINTY,58,Cost loss,5,0.14758360385894775
GAS,BAD,UCB_WITHOUT_VAE_UNCERTAINTY,58,Cost loss,6,0.1456712782382965
GAS,BAD,UCB_WITHOUT_VAE_UNCERTAINTY,58,Cost loss,7,0.14182108640670776
GAS,BAD,UCB_WITHOUT_VAE_UNCERTAINTY,58,Cost loss,8,0.14120903611183167
GAS,BAD,UCB_WITHOUT_VAE_UNCERTAINTY,58,Cost loss,9,0.1405775398015976
GAS,BAD,UCB_WITHOUT_VAE_UNCERTAINTY,58,Cost loss,10,0.13956746459007263
GAS,BAD,UCB_WITHOUT_VAE_UNCERTAINTY,58,Cost loss,11,0.13881909847259521
GAS,BAD,UCB_WITHOUT_VAE_UNCERTAINTY,58,Cost loss,12,0.136400505900383
GAS,BAD,UCB_WITHOUT_VAE_UNCERTAINTY,58,Cost loss,13,0.1346401572227478
GAS,BAD,UCB_WITHOUT_VAE_UNCERTAINTY,58,Cost loss,14,0.1336124837398529
GAS,BAD,UCB_WITHOUT_VAE_UNCERTAINTY,58,Cost loss,15,0.1315666139125824
GAS,BAD,UCB_WITHOUT_VAE_UNCERTAINTY,58,Cost loss,16,0.12942694127559662
GAS,BAD,UCB_WITHOUT_VAE_UNCERTAINTY,58,Cost loss,17,0.12891441583633423
GAS,BAD,UCB_WITHOUT_VAE_UNCERTAINTY,58,Cost loss,18,0.12552383542060852
GAS,BAD,UCB_WITHOUT_VAE_UNCERTAINTY,58,Cost loss,19,0.1273447871208191
GAS,BAD,UCB_WITHOUT_VAE_UNCERTAINTY,58,Cost loss,20,0.12242533266544342
GAS,BAD,UCB_WITHOUT_VAE_UNCERTAINTY,58,Cost loss,21,0.12037529051303864
GAS,BAD,UCB_WITHOUT_VAE_UNCERTAINTY,58,Cost loss,22,0.11997206509113312
GAS,BAD,UCB_WITHOUT_VAE_UNCERTAINTY,58,Cost loss,23,0.11941849440336227
GAS,BAD,UCB_WITHOUT_VAE_UNCERTAINTY,58,Cost loss,24,0.11827275156974792
GAS,BAD,UCB_WITHOUT_VAE_UNCERTAINTY,58,Cost loss,25,0.11632412672042847
GAS,BAD,UCB_WITHOUT_VAE_UNCERTAINTY,58,Cost loss,26,0.11471819877624512
GAS,BAD,UCB_WITHOUT_VAE_UNCERTAINTY,58,Cost loss,27,0.11349695920944214
GAS,BAD,UCB_WITHOUT_VAE_UNCERTAINTY,58,Cost loss,28,0.11077450215816498
GAS,BAD,UCB_WITHOUT_VAE_UNCERTAINTY,58,Cost loss,29,0.11143926531076431
GAS,BAD,UCB_WITHOUT_VAE_UNCERTAINTY,58,Cost loss,30,0.11012747883796692
GAS,BAD,UCB_WITHOUT_VAE_UNCERTAINTY,58,Cost loss,31,0.10812602192163467
GAS,BAD,UCB_WITHOUT_VAE_UNCERTAINTY,58,Cost loss,32,0.10658067464828491
GAS,BAD,UCB_WITHOUT_VAE_UNCERTAINTY,58,Cost loss,33,0.10541459918022156
GAS,BAD,UCB_WITHOUT_VAE_UNCERTAINTY,58,Cost loss,34,0.10462264716625214
GAS,BAD,UCB_WITHOUT_VAE_UNCERTAINTY,58,Cost loss,35,0.10404074192047119
GAS,BAD,UCB_WITHOUT_VAE_UNCERTAINTY,58,Cost loss,36,0.10201683640480042
GAS,BAD,UCB_WITHOUT_VAE_UNCERTAINTY,58,Cost loss,37,0.10158981382846832
GAS,BAD,UCB_WITHOUT_VAE_UNCERTAINTY,58,Cost loss,38,0.10053297877311707
GAS,BAD,UCB_WITHOUT_VAE_UNCERTAINTY,58,Cost loss,39,0.09825146198272705
GAS,BAD,UCB_WITHOUT_VAE_UNCERTAINTY,58,Cost loss,40,0.09765760600566864
GAS,BAD,UCB_WITHOUT_VAE_UNCERTAINTY,58,Cost loss,41,0.09464533627033234
GAS,BAD,UCB_WITHOUT_VAE_UNCERTAINTY,58,Cost loss,42,0.09411625564098358
GAS,BAD,UCB_WITHOUT_VAE_UNCERTAINTY,58,Cost loss,43,0.0935722142457962
GAS,BAD,UCB_WITHOUT_VAE_UNCERTAINTY,58,Cost loss,44,0.09407629072666168
GAS,BAD,UCB_WITHOUT_VAE_UNCERTAINTY,58,Cost loss,45,0.09228269755840302
GAS,BAD,UCB_WITHOUT_VAE_UNCERTAINTY,58,Cost loss,46,0.09016408026218414
GAS,BAD,UCB_WITHOUT_VAE_UNCERTAINTY,58,Cost loss,47,0.08916255086660385
GAS,BAD,UCB_WITHOUT_VAE_UNCERTAINTY,58,Cost loss,48,0.08821988105773926
GAS,BAD,UCB_WITHOUT_VAE_UNCERTAINTY,58,Cost loss,49,0.0873783677816391
GAS,BAD,UCB_WITHOUT_VAE_UNCERTAINTY,58,Cost loss,50,0.08610311150550842
GAS,BAD,UCB_WITHOUT_VAE_UNCERTAINTY,58,Cost loss,51,0.0834515392780304
GAS,BAD,UCB_WITHOUT_VAE_UNCERTAINTY,58,Cost loss,52,0.08516471087932587
GAS,BAD,UCB_WITHOUT_VAE_UNCERTAINTY,58,Cost loss,53,0.08083014190196991
GAS,BAD,UCB_WITHOUT_VAE_UNCERTAINTY,58,Cost loss,54,0.0812080055475235
GAS,BAD,UCB_WITHOUT_VAE_UNCERTAINTY,58,Cost loss,55,0.08042244613170624
GAS,BAD,UCB_WITHOUT_VAE_UNCERTAINTY,58,Cost loss,56,0.07922430336475372
GAS,BAD,UCB_WITHOUT_VAE_UNCERTAINTY,58,Cost loss,57,0.0788361057639122
GAS,BAD,UCB_WITHOUT_VAE_UNCERTAINTY,58,Cost loss,58,0.07666205614805222
GAS,BAD,UCB_WITHOUT_VAE_UNCERTAINTY,58,Cost loss,59,0.07680603861808777
GAS,BAD,UCB_WITHOUT_VAE_UNCERTAINTY,58,Cost loss,60,0.07501459121704102
GAS,BAD,UCB_WITHOUT_VAE_UNCERTAINTY,58,Cost loss,61,0.0744040459394455
GAS,BAD,UCB_WITHOUT_VAE_UNCERTAINTY,58,Cost loss,62,0.07246117293834686
GAS,BAD,UCB_WITHOUT_VAE_UNCERTAINTY,58,Cost loss,63,0.07174893468618393
GAS,BAD,UCB_WITHOUT_VAE_UNCERTAINTY,58,Cost loss,64,0.07056336104869843
GAS,BAD,UCB_WITHOUT_VAE_UNCERTAINTY,58,Cost loss,65,0.06974286586046219
GAS,BAD,UCB_WITHOUT_VAE_UNCERTAINTY,58,Cost loss,66,0.0681382417678833
GAS,BAD,UCB_WITHOUT_VAE_UNCERTAINTY,58,Cost loss,67,0.06813729554414749
GAS,BAD,UCB_WITHOUT_VAE_UNCERTAINTY,58,Cost loss,68,0.06586701422929764
GAS,BAD,UCB_WITHOUT_VAE_UNCERTAINTY,58,Cost loss,69,0.06576564908027649
GAS,BAD,UCB_WITHOUT_VAE_UNCERTAINTY,58,Cost loss,70,0.06438747048377991
GAS,BAD,UCB_WITHOUT_VAE_UNCERTAINTY,58,Cost loss,71,0.06511008739471436
GAS,BAD,UCB_WITHOUT_VAE_UNCERTAINTY,58,Cost loss,72,0.06299328058958054
GAS,BAD,UCB_WITHOUT_VAE_UNCERTAINTY,58,Cost loss,73,0.06195687875151634
GAS,BAD,UCB_WITHOUT_VAE_UNCERTAINTY,58,Cost loss,74,0.0604739785194397
GAS,BAD,UCB_WITHOUT_VAE_UNCERTAINTY,58,Cost loss,75,0.0605376735329628
GAS,BAD,UCB_WITHOUT_VAE_UNCERTAINTY,58,Cost loss,76,0.058232225477695465
GAS,BAD,UCB_WITHOUT_VAE_UNCERTAINTY,58,Cost loss,77,0.05755108967423439
GAS,BAD,UCB_WITHOUT_VAE_UNCERTAINTY,58,Cost loss,78,0.05657574534416199
GAS,BAD,UCB_WITHOUT_VAE_UNCERTAINTY,58,Cost loss,79,0.056546419858932495
GAS,BAD,UCB_WITHOUT_VAE_UNCERTAINTY,58,Cost loss,80,0.055141352117061615
GAS,BAD,UCB_WITHOUT_VAE_UNCERTAINTY,58,Cost loss,81,0.05365406349301338
GAS,BAD,UCB_WITHOUT_VAE_UNCERTAINTY,58,Cost loss,82,0.052661389112472534
GAS,BAD,UCB_WITHOUT_VAE_UNCERTAINTY,58,Cost loss,83,0.05290770158171654
GAS,BAD,UCB_WITHOUT_VAE_UNCERTAINTY,58,Cost loss,84,0.05126854032278061
GAS,BAD,UCB_WITHOUT_VAE_UNCERTAINTY,58,Cost loss,85,0.048360057175159454
GAS,BAD,UCB_WITHOUT_VAE_UNCERTAINTY,58,Cost loss,86,0.049067430198192596
GAS,BAD,UCB_WITHOUT_VAE_UNCERTAINTY,58,Cost loss,87,0.04993128031492233
GAS,BAD,UCB_WITHOUT_VAE_UNCERTAINTY,58,Cost loss,88,0.048203691840171814
GAS,BAD,UCB_WITHOUT_VAE_UNCERTAINTY,58,Cost loss,89,0.047672972083091736
GAS,BAD,UCB_WITHOUT_VAE_UNCERTAINTY,58,Cost loss,90,0.047303710132837296
GAS,BAD,UCB_WITHOUT_VAE_UNCERTAINTY,58,Cost loss,91,0.04570763185620308
GAS,BAD,UCB_WITHOUT_VAE_UNCERTAINTY,58,Cost loss,92,0.043537817895412445
GAS,BAD,UCB_WITHOUT_VAE_UNCERTAINTY,58,Cost loss,93,0.04459857568144798
GAS,BAD,UCB_WITHOUT_VAE_UNCERTAINTY,58,Cost loss,94,0.04323204234242439
GAS,BAD,UCB_WITHOUT_VAE_UNCERTAINTY,58,Cost loss,95,0.04268012195825577
GAS,BAD,UCB_WITHOUT_VAE_UNCERTAINTY,58,Cost loss,96,0.040956128388643265
GAS,BAD,UCB_WITHOUT_VAE_UNCERTAINTY,58,Cost loss,97,0.040594905614852905
GAS,BAD,UCB_WITHOUT_VAE_UNCERTAINTY,58,Cost loss,98,0.04111844301223755
GAS,BAD,UCB_WITHOUT_VAE_UNCERTAINTY,58,Cost loss,99,0.03885126858949661
GAS,BAD,UCB_WITHOUT_VAE_UNCERTAINTY,58,Cost loss,100,0.03777959197759628
GAS,BAD,UCB_WITHOUT_VAE_UNCERTAINTY,58,Cost loss,101,0.0383659191429615
GAS,BAD,UCB_WITHOUT_VAE_UNCERTAINTY,58,Cost loss,102,0.037131763994693756
GAS,BAD,UCB_WITHOUT_VAE_UNCERTAINTY,58,Cost loss,103,0.036032646894454956
GAS,BAD,UCB_WITHOUT_VAE_UNCERTAINTY,58,Cost loss,104,0.036637477576732635
GAS,BAD,UCB_WITHOUT_VAE_UNCERTAINTY,58,Cost loss,105,0.03521929681301117
GAS,BAD,UCB_WITHOUT_VAE_UNCERTAINTY,58,Cost loss,106,0.03604709357023239
GAS,BAD,UCB_WITHOUT_VAE_UNCERTAINTY,58,Cost loss,107,0.033465463668107986
GAS,BAD,UCB_WITHOUT_VAE_UNCERTAINTY,58,Cost loss,108,0.03301844000816345
GAS,BAD,UCB_WITHOUT_VAE_UNCERTAINTY,58,Cost loss,109,0.03127571940422058
GAS,BAD,UCB_WITHOUT_VAE_UNCERTAINTY,58,Cost loss,110,0.03199557587504387
GAS,BAD,UCB_WITHOUT_VAE_UNCERTAINTY,58,Cost loss,111,0.03200394660234451
GAS,BAD,UCB_WITHOUT_VAE_UNCERTAINTY,58,Cost loss,112,0.03127243369817734
GAS,BAD,UCB_WITHOUT_VAE_UNCERTAINTY,58,Cost loss,113,0.030553380027413368
GAS,BAD,UCB_WITHOUT_VAE_UNCERTAINTY,58,Cost loss,114,0.03016771748661995
GAS,BAD,UCB_WITHOUT_VAE_UNCERTAINTY,58,Cost loss,115,0.030724139884114265
GAS,BAD,UCB_WITHOUT_VAE_UNCERTAINTY,58,Cost loss,116,0.02903054654598236
GAS,BAD,UCB_WITHOUT_VAE_UNCERTAINTY,58,Cost loss,117,0.028454575687646866
GAS,BAD,UCB_WITHOUT_VAE_UNCERTAINTY,58,Cost loss,118,0.028686337172985077
GAS,BAD,UCB_WITHOUT_VAE_UNCERTAINTY,58,Cost loss,119,0.02728082798421383
GAS,BAD,UCB_WITHOUT_VAE_UNCERTAINTY,58,Cost loss,120,0.027440667152404785
GAS,BAD,UCB_WITHOUT_VAE_UNCERTAINTY,58,Cost loss,121,0.02796342968940735
GAS,BAD,UCB_WITHOUT_VAE_UNCERTAINTY,58,Cost loss,122,0.025809738785028458
GAS,BAD,UCB_WITHOUT_VAE_UNCERTAINTY,58,Cost loss,123,0.026648130267858505
GAS,BAD,UCB_WITHOUT_VAE_UNCERTAINTY,58,Cost loss,124,0.024368656799197197
GAS,BAD,UCB_WITHOUT_VAE_UNCERTAINTY,58,Cost loss,125,0.02434515580534935
GAS,BAD,UCB_WITHOUT_VAE_UNCERTAINTY,58,Cost loss,126,0.024654487147927284
GAS,BAD,UCB_WITHOUT_VAE_UNCERTAINTY,58,Cost loss,127,0.022705793380737305
GAS,BAD,UCB_WITHOUT_VAE_UNCERTAINTY,58,Cost loss,128,0.022838717326521873
GAS,BAD,UCB_WITHOUT_VAE_UNCERTAINTY,58,Cost loss,129,0.022351203486323357
GAS,BAD,UCB_WITHOUT_VAE_UNCERTAINTY,58,Cost loss,130,0.02275964617729187
GAS,BAD,UCB_WITHOUT_VAE_UNCERTAINTY,58,Cost loss,131,0.022856518626213074
GAS,BAD,UCB_WITHOUT_VAE_UNCERTAINTY,58,Cost loss,132,0.02066916972398758
GAS,BAD,UCB_WITHOUT_VAE_UNCERTAINTY,58,Cost loss,133,0.021246638149023056
GAS,BAD,UCB_WITHOUT_VAE_UNCERTAINTY,58,Cost loss,134,0.02063482254743576
GAS,BAD,UCB_WITHOUT_VAE_UNCERTAINTY,58,Cost loss,135,0.020301882177591324
GAS,BAD,UCB_WITHOUT_VAE_UNCERTAINTY,58,Cost loss,136,0.02040984481573105
GAS,BAD,UCB_WITHOUT_VAE_UNCERTAINTY,58,Cost loss,137,0.019599715247750282
GAS,BAD,UCB_WITHOUT_VAE_UNCERTAINTY,58,Cost loss,138,0.01919993758201599
GAS,BAD,UCB_WITHOUT_VAE_UNCERTAINTY,58,Cost loss,139,0.018361452966928482
GAS,BAD,UCB_WITHOUT_VAE_UNCERTAINTY,58,Cost loss,140,0.017978249117732048
GAS,BAD,UCB_WITHOUT_VAE_UNCERTAINTY,58,Cost loss,141,0.017372965812683105
GAS,BAD,UCB_WITHOUT_VAE_UNCERTAINTY,58,Cost loss,142,0.017772845923900604
GAS,BAD,UCB_WITHOUT_VAE_UNCERTAINTY,58,Cost loss,143,0.016910864040255547
GAS,BAD,UCB_WITHOUT_VAE_UNCERTAINTY,58,Cost loss,144,0.016204409301280975
GAS,BAD,UCB_WITHOUT_VAE_UNCERTAINTY,59,Q loss,0,0.015549039468169212
GAS,BAD,UCB_WITHOUT_VAE_UNCERTAINTY,59,Q loss,1,0.01573345996439457
GAS,BAD,UCB_WITHOUT_VAE_UNCERTAINTY,59,Q loss,2,0.008764325641095638
GAS,BAD,UCB_WITHOUT_VAE_UNCERTAINTY,59,Q loss,3,0.03783842921257019
GAS,BAD,UCB_WITHOUT_VAE_UNCERTAINTY,59,Q loss,4,0.027983233332633972
GAS,BAD,UCB_WITHOUT_VAE_UNCERTAINTY,59,Q loss,5,0.024684574455022812
GAS,BAD,UCB_WITHOUT_VAE_UNCERTAINTY,59,Q loss,6,0.010630186647176743
GAS,BAD,UCB_WITHOUT_VAE_UNCERTAINTY,59,Q loss,7,0.019274329766631126
GAS,BAD,UCB_WITHOUT_VAE_UNCERTAINTY,59,Q loss,8,0.01742548681795597
GAS,BAD,UCB_WITHOUT_VAE_UNCERTAINTY,59,Q loss,9,0.013356026262044907
GAS,BAD,UCB_WITHOUT_VAE_UNCERTAINTY,59,Q loss,10,0.020028142258524895
GAS,BAD,UCB_WITHOUT_VAE_UNCERTAINTY,59,Q loss,11,0.019141916185617447
GAS,BAD,UCB_WITHOUT_VAE_UNCERTAINTY,59,Q loss,12,0.03507698327302933
GAS,BAD,UCB_WITHOUT_VAE_UNCERTAINTY,59,Q loss,13,0.05157452076673508
GAS,BAD,UCB_WITHOUT_VAE_UNCERTAINTY,59,Q loss,14,0.04433657228946686
GAS,BAD,UCB_WITHOUT_VAE_UNCERTAINTY,59,Q loss,15,0.02003934606909752
GAS,BAD,UCB_WITHOUT_VAE_UNCERTAINTY,59,Q loss,16,0.017239656299352646
GAS,BAD,UCB_WITHOUT_VAE_UNCERTAINTY,59,Q loss,17,0.01224356610327959
GAS,BAD,UCB_WITHOUT_VAE_UNCERTAINTY,59,Q loss,18,0.017242934554815292
GAS,BAD,UCB_WITHOUT_VAE_UNCERTAINTY,59,Q loss,19,0.020121825858950615
GAS,BAD,UCB_WITHOUT_VAE_UNCERTAINTY,59,Q loss,20,0.01345570757985115
GAS,BAD,UCB_WITHOUT_VAE_UNCERTAINTY,59,Q loss,21,0.022126579657197
GAS,BAD,UCB_WITHOUT_VAE_UNCERTAINTY,59,Q loss,22,0.034908734261989594
GAS,BAD,UCB_WITHOUT_VAE_UNCERTAINTY,59,Q loss,23,0.032613180577754974
GAS,BAD,UCB_WITHOUT_VAE_UNCERTAINTY,59,Q loss,24,0.016012877225875854
GAS,BAD,UCB_WITHOUT_VAE_UNCERTAINTY,59,Q loss,25,0.01501021534204483
GAS,BAD,UCB_WITHOUT_VAE_UNCERTAINTY,59,Q loss,26,0.02736993320286274
GAS,BAD,UCB_WITHOUT_VAE_UNCERTAINTY,59,Q loss,27,0.009743375703692436
GAS,BAD,UCB_WITHOUT_VAE_UNCERTAINTY,59,Q loss,28,0.024375587701797485
GAS,BAD,UCB_WITHOUT_VAE_UNCERTAINTY,59,Q loss,29,0.02465861663222313
GAS,BAD,UCB_WITHOUT_VAE_UNCERTAINTY,59,Q loss,30,0.024672146886587143
GAS,BAD,UCB_WITHOUT_VAE_UNCERTAINTY,59,Q loss,31,0.030329929664731026
GAS,BAD,UCB_WITHOUT_VAE_UNCERTAINTY,59,Q loss,32,0.039252571761608124
GAS,BAD,UCB_WITHOUT_VAE_UNCERTAINTY,59,Q loss,33,0.014275157824158669
GAS,BAD,UCB_WITHOUT_VAE_UNCERTAINTY,59,Q loss,34,0.026626572012901306
GAS,BAD,UCB_WITHOUT_VAE_UNCERTAINTY,59,Q loss,35,0.029821768403053284
GAS,BAD,UCB_WITHOUT_VAE_UNCERTAINTY,59,Q loss,36,0.013474326580762863
GAS,BAD,UCB_WITHOUT_VAE_UNCERTAINTY,59,Q loss,37,0.023659566417336464
GAS,BAD,UCB_WITHOUT_VAE_UNCERTAINTY,59,Q loss,38,0.009047295898199081
GAS,BAD,UCB_WITHOUT_VAE_UNCERTAINTY,59,Q loss,39,0.03923927992582321
GAS,BAD,UCB_WITHOUT_VAE_UNCERTAINTY,59,Q loss,40,0.033107586205005646
GAS,BAD,UCB_WITHOUT_VAE_UNCERTAINTY,59,Q loss,41,0.0529031828045845
GAS,BAD,UCB_WITHOUT_VAE_UNCERTAINTY,59,Q loss,42,0.0132974274456501
GAS,BAD,UCB_WITHOUT_VAE_UNCERTAINTY,59,Q loss,43,0.02015981264412403
GAS,BAD,UCB_WITHOUT_VAE_UNCERTAINTY,59,Q loss,44,0.024269603192806244
GAS,BAD,UCB_WITHOUT_VAE_UNCERTAINTY,59,Q loss,45,0.015786349773406982
GAS,BAD,UCB_WITHOUT_VAE_UNCERTAINTY,59,Q loss,46,0.032116662710905075
GAS,BAD,UCB_WITHOUT_VAE_UNCERTAINTY,59,Q loss,47,0.01654721051454544
GAS,BAD,UCB_WITHOUT_VAE_UNCERTAINTY,59,Q loss,48,0.020416229963302612
GAS,BAD,UCB_WITHOUT_VAE_UNCERTAINTY,59,Q loss,49,0.03128695487976074
GAS,BAD,UCB_WITHOUT_VAE_UNCERTAINTY,59,Q loss,50,0.024276606738567352
GAS,BAD,UCB_WITHOUT_VAE_UNCERTAINTY,59,Q loss,51,0.017305955290794373
GAS,BAD,UCB_WITHOUT_VAE_UNCERTAINTY,59,Q loss,52,0.03313441947102547
GAS,BAD,UCB_WITHOUT_VAE_UNCERTAINTY,59,Q loss,53,0.031233984977006912
GAS,BAD,UCB_WITHOUT_VAE_UNCERTAINTY,59,Q loss,54,0.0168418288230896
GAS,BAD,UCB_WITHOUT_VAE_UNCERTAINTY,59,Q loss,55,0.012358599342405796
GAS,BAD,UCB_WITHOUT_VAE_UNCERTAINTY,59,Q loss,56,0.011742468923330307
GAS,BAD,UCB_WITHOUT_VAE_UNCERTAINTY,59,Q loss,57,0.029938679188489914
GAS,BAD,UCB_WITHOUT_VAE_UNCERTAINTY,59,Q loss,58,0.02078816294670105
GAS,BAD,UCB_WITHOUT_VAE_UNCERTAINTY,59,Q loss,59,0.043446872383356094
GAS,BAD,UCB_WITHOUT_VAE_UNCERTAINTY,59,Q loss,60,0.013784452341496944
GAS,BAD,UCB_WITHOUT_VAE_UNCERTAINTY,59,Q loss,61,0.01362683717161417
GAS,BAD,UCB_WITHOUT_VAE_UNCERTAINTY,59,Q loss,62,0.017441749572753906
GAS,BAD,UCB_WITHOUT_VAE_UNCERTAINTY,59,Q loss,63,0.01640894263982773
GAS,BAD,UCB_WITHOUT_VAE_UNCERTAINTY,59,Q loss,64,0.03282884508371353
GAS,BAD,UCB_WITHOUT_VAE_UNCERTAINTY,59,Q loss,65,0.012332775630056858
GAS,BAD,UCB_WITHOUT_VAE_UNCERTAINTY,59,Q loss,66,0.016157861799001694
GAS,BAD,UCB_WITHOUT_VAE_UNCERTAINTY,59,Q loss,67,0.033965013921260834
GAS,BAD,UCB_WITHOUT_VAE_UNCERTAINTY,59,Q loss,68,0.023433391004800797
GAS,BAD,UCB_WITHOUT_VAE_UNCERTAINTY,59,Q loss,69,0.011842263862490654
GAS,BAD,UCB_WITHOUT_VAE_UNCERTAINTY,59,Q loss,70,0.02182745561003685
GAS,BAD,UCB_WITHOUT_VAE_UNCERTAINTY,59,Q loss,71,0.01968061737716198
GAS,BAD,UCB_WITHOUT_VAE_UNCERTAINTY,59,Q loss,72,0.016887575387954712
GAS,BAD,UCB_WITHOUT_VAE_UNCERTAINTY,59,Q loss,73,0.01111648604273796
GAS,BAD,UCB_WITHOUT_VAE_UNCERTAINTY,59,Q loss,74,0.01159721426665783
GAS,BAD,UCB_WITHOUT_VAE_UNCERTAINTY,59,Q loss,75,0.02923508919775486
GAS,BAD,UCB_WITHOUT_VAE_UNCERTAINTY,59,Q loss,76,0.025188490748405457
GAS,BAD,UCB_WITHOUT_VAE_UNCERTAINTY,59,Q loss,77,0.03294793516397476
GAS,BAD,UCB_WITHOUT_VAE_UNCERTAINTY,59,Q loss,78,0.013575976714491844
GAS,BAD,UCB_WITHOUT_VAE_UNCERTAINTY,59,Q loss,79,0.01943318545818329
GAS,BAD,UCB_WITHOUT_VAE_UNCERTAINTY,59,Q loss,80,0.015548501163721085
GAS,BAD,UCB_WITHOUT_VAE_UNCERTAINTY,59,Q loss,81,0.006626289337873459
GAS,BAD,UCB_WITHOUT_VAE_UNCERTAINTY,59,Q loss,82,0.015480417758226395
GAS,BAD,UCB_WITHOUT_VAE_UNCERTAINTY,59,Q loss,83,0.015298500657081604
GAS,BAD,UCB_WITHOUT_VAE_UNCERTAINTY,59,Q loss,84,0.014011647552251816
GAS,BAD,UCB_WITHOUT_VAE_UNCERTAINTY,59,Q loss,85,0.019189193844795227
GAS,BAD,UCB_WITHOUT_VAE_UNCERTAINTY,59,Q loss,86,0.017051883041858673
GAS,BAD,UCB_WITHOUT_VAE_UNCERTAINTY,59,Q loss,87,0.013720935210585594
GAS,BAD,UCB_WITHOUT_VAE_UNCERTAINTY,59,Q loss,88,0.023883452638983727
GAS,BAD,UCB_WITHOUT_VAE_UNCERTAINTY,59,Q loss,89,0.01631191372871399
GAS,BAD,UCB_WITHOUT_VAE_UNCERTAINTY,59,Q loss,90,0.012624043971300125
GAS,BAD,UCB_WITHOUT_VAE_UNCERTAINTY,59,Q loss,91,0.022741086781024933
GAS,BAD,UCB_WITHOUT_VAE_UNCERTAINTY,59,Q loss,92,0.00794860441237688
GAS,BAD,UCB_WITHOUT_VAE_UNCERTAINTY,59,Q loss,93,0.019087396562099457
GAS,BAD,UCB_WITHOUT_VAE_UNCERTAINTY,59,Q loss,94,0.02363215759396553
GAS,BAD,UCB_WITHOUT_VAE_UNCERTAINTY,59,Q loss,95,0.0272296704351902
GAS,BAD,UCB_WITHOUT_VAE_UNCERTAINTY,59,Q loss,96,0.014266571030020714
GAS,BAD,UCB_WITHOUT_VAE_UNCERTAINTY,59,Q loss,97,0.013610306195914745
GAS,BAD,UCB_WITHOUT_VAE_UNCERTAINTY,59,Q loss,98,0.024974029511213303
GAS,BAD,UCB_WITHOUT_VAE_UNCERTAINTY,59,Q loss,99,0.010559950023889542
GAS,BAD,UCB_WITHOUT_VAE_UNCERTAINTY,59,Q loss,100,0.0172878410667181
GAS,BAD,UCB_WITHOUT_VAE_UNCERTAINTY,59,Q loss,101,0.0124654620885849
GAS,BAD,UCB_WITHOUT_VAE_UNCERTAINTY,59,Q loss,102,0.014583407901227474
GAS,BAD,UCB_WITHOUT_VAE_UNCERTAINTY,59,Q loss,103,0.03195013105869293
GAS,BAD,UCB_WITHOUT_VAE_UNCERTAINTY,59,Q loss,104,0.0205434188246727
GAS,BAD,UCB_WITHOUT_VAE_UNCERTAINTY,59,Q loss,105,0.011951567605137825
GAS,BAD,UCB_WITHOUT_VAE_UNCERTAINTY,59,Q loss,106,0.02043728530406952
GAS,BAD,UCB_WITHOUT_VAE_UNCERTAINTY,59,Q loss,107,0.023508314043283463
GAS,BAD,UCB_WITHOUT_VAE_UNCERTAINTY,59,Q loss,108,0.008894198574125767
GAS,BAD,UCB_WITHOUT_VAE_UNCERTAINTY,59,Q loss,109,0.01289529912173748
GAS,BAD,UCB_WITHOUT_VAE_UNCERTAINTY,59,Q loss,110,0.004773989319801331
GAS,BAD,UCB_WITHOUT_VAE_UNCERTAINTY,59,Q loss,111,0.02001314051449299
GAS,BAD,UCB_WITHOUT_VAE_UNCERTAINTY,59,Q loss,112,0.013775709085166454
GAS,BAD,UCB_WITHOUT_VAE_UNCERTAINTY,59,Q loss,113,0.031760551035404205
GAS,BAD,UCB_WITHOUT_VAE_UNCERTAINTY,59,Q loss,114,0.00893934816122055
GAS,BAD,UCB_WITHOUT_VAE_UNCERTAINTY,59,Q loss,115,0.011343982070684433
GAS,BAD,UCB_WITHOUT_VAE_UNCERTAINTY,59,Q loss,116,0.01850179210305214
GAS,BAD,UCB_WITHOUT_VAE_UNCERTAINTY,59,Q loss,117,0.005865243263542652
GAS,BAD,UCB_WITHOUT_VAE_UNCERTAINTY,59,Q loss,118,0.008908769115805626
GAS,BAD,UCB_WITHOUT_VAE_UNCERTAINTY,59,Q loss,119,0.011843093670904636
GAS,BAD,UCB_WITHOUT_VAE_UNCERTAINTY,59,Q loss,120,0.014139285311102867
GAS,BAD,UCB_WITHOUT_VAE_UNCERTAINTY,59,Q loss,121,0.028521360829472542
GAS,BAD,UCB_WITHOUT_VAE_UNCERTAINTY,59,Q loss,122,0.01632639765739441
GAS,BAD,UCB_WITHOUT_VAE_UNCERTAINTY,59,Q loss,123,0.02165794186294079
GAS,BAD,UCB_WITHOUT_VAE_UNCERTAINTY,59,Q loss,124,0.007524098269641399
GAS,BAD,UCB_WITHOUT_VAE_UNCERTAINTY,59,Q loss,125,0.01417593378573656
GAS,BAD,UCB_WITHOUT_VAE_UNCERTAINTY,59,Q loss,126,0.012733085080981255
GAS,BAD,UCB_WITHOUT_VAE_UNCERTAINTY,59,Q loss,127,0.01060069352388382
GAS,BAD,UCB_WITHOUT_VAE_UNCERTAINTY,59,Q loss,128,0.005181046202778816
GAS,BAD,UCB_WITHOUT_VAE_UNCERTAINTY,59,Q loss,129,0.020621266216039658
GAS,BAD,UCB_WITHOUT_VAE_UNCERTAINTY,59,Q loss,130,0.01793915405869484
GAS,BAD,UCB_WITHOUT_VAE_UNCERTAINTY,59,Q loss,131,0.016763346269726753
GAS,BAD,UCB_WITHOUT_VAE_UNCERTAINTY,59,Q loss,132,0.008346246555447578
GAS,BAD,UCB_WITHOUT_VAE_UNCERTAINTY,59,Q loss,133,0.011519363150000572
GAS,BAD,UCB_WITHOUT_VAE_UNCERTAINTY,59,Q loss,134,0.012400287203490734
GAS,BAD,UCB_WITHOUT_VAE_UNCERTAINTY,59,Q loss,135,0.004547422751784325
GAS,BAD,UCB_WITHOUT_VAE_UNCERTAINTY,59,Q loss,136,0.012351331301033497
GAS,BAD,UCB_WITHOUT_VAE_UNCERTAINTY,59,Q loss,137,0.005834964103996754
GAS,BAD,UCB_WITHOUT_VAE_UNCERTAINTY,59,Q loss,138,0.011933401226997375
GAS,BAD,UCB_WITHOUT_VAE_UNCERTAINTY,59,Q loss,139,0.011415598914027214
GAS,BAD,UCB_WITHOUT_VAE_UNCERTAINTY,59,Q loss,140,0.018712107092142105
GAS,BAD,UCB_WITHOUT_VAE_UNCERTAINTY,59,Q loss,141,0.009857816621661186
GAS,BAD,UCB_WITHOUT_VAE_UNCERTAINTY,59,Q loss,142,0.008703473024070263
GAS,BAD,UCB_WITHOUT_VAE_UNCERTAINTY,59,Q loss,143,0.011024678125977516
GAS,BAD,UCB_WITHOUT_VAE_UNCERTAINTY,59,Q loss,144,0.005886482074856758
GAS,BAD,UCB_WITHOUT_VAE_UNCERTAINTY,59,Q loss,145,0.008777912706136703
GAS,BAD,UCB_WITHOUT_VAE_UNCERTAINTY,59,Q loss,146,0.005623360630124807
GAS,BAD,UCB_WITHOUT_VAE_UNCERTAINTY,59,Q loss,147,0.008862036280333996
GAS,BAD,UCB_WITHOUT_VAE_UNCERTAINTY,59,Q loss,148,0.012552967295050621
GAS,BAD,UCB_WITHOUT_VAE_UNCERTAINTY,59,Q loss,149,0.03147852420806885
GAS,BAD,UCB_WITHOUT_VAE_UNCERTAINTY,59,Q loss,150,0.004721637815237045
GAS,BAD,UCB_WITHOUT_VAE_UNCERTAINTY,59,Q loss,151,0.013384132646024227
GAS,BAD,UCB_WITHOUT_VAE_UNCERTAINTY,59,Q loss,152,0.009093044325709343
GAS,BAD,UCB_WITHOUT_VAE_UNCERTAINTY,59,Q loss,153,0.0034105568192899227
GAS,BAD,UCB_WITHOUT_VAE_UNCERTAINTY,59,Q loss,154,0.014009840786457062
GAS,BAD,UCB_WITHOUT_VAE_UNCERTAINTY,59,Q loss,155,0.008632921613752842
GAS,BAD,UCB_WITHOUT_VAE_UNCERTAINTY,59,Q loss,156,0.00973459891974926
GAS,BAD,UCB_WITHOUT_VAE_UNCERTAINTY,59,Q loss,157,0.0060752504505217075
GAS,BAD,UCB_WITHOUT_VAE_UNCERTAINTY,59,Q loss,158,0.009592916816473007
GAS,BAD,UCB_WITHOUT_VAE_UNCERTAINTY,59,Q loss,159,0.008948685601353645
GAS,BAD,UCB_WITHOUT_VAE_UNCERTAINTY,59,Q loss,160,0.009075514040887356
GAS,BAD,UCB_WITHOUT_VAE_UNCERTAINTY,59,Q loss,161,0.008049046620726585
GAS,BAD,UCB_WITHOUT_VAE_UNCERTAINTY,59,Q loss,162,0.005943777039647102
GAS,BAD,UCB_WITHOUT_VAE_UNCERTAINTY,59,Q loss,163,0.014771554619073868
GAS,BAD,UCB_WITHOUT_VAE_UNCERTAINTY,59,Q loss,164,0.002152242697775364
GAS,BAD,UCB_WITHOUT_VAE_UNCERTAINTY,59,Q loss,165,0.00499590951949358
GAS,BAD,UCB_WITHOUT_VAE_UNCERTAINTY,59,Q loss,166,0.006510761100798845
GAS,BAD,UCB_WITHOUT_VAE_UNCERTAINTY,59,Q loss,167,0.01643989235162735
GAS,BAD,UCB_WITHOUT_VAE_UNCERTAINTY,59,Q loss,168,0.004368326626718044
GAS,BAD,UCB_WITHOUT_VAE_UNCERTAINTY,59,Q loss,169,0.015579784289002419
GAS,BAD,UCB_WITHOUT_VAE_UNCERTAINTY,59,Q loss,170,0.00695076584815979
GAS,BAD,UCB_WITHOUT_VAE_UNCERTAINTY,59,Q loss,171,0.0066208853386342525
GAS,BAD,UCB_WITHOUT_VAE_UNCERTAINTY,59,Q loss,172,0.006909824907779694
GAS,BAD,UCB_WITHOUT_VAE_UNCERTAINTY,59,Q loss,173,0.007958976551890373
GAS,BAD,UCB_WITHOUT_VAE_UNCERTAINTY,59,Q loss,174,0.004967379383742809
GAS,BAD,UCB_WITHOUT_VAE_UNCERTAINTY,59,Q loss,175,0.0047415574081242085
GAS,BAD,UCB_WITHOUT_VAE_UNCERTAINTY,59,Q loss,176,0.007202040404081345
GAS,BAD,UCB_WITHOUT_VAE_UNCERTAINTY,59,Q loss,177,0.008554120548069477
GAS,BAD,UCB_WITHOUT_VAE_UNCERTAINTY,59,Q loss,178,0.008923295885324478
GAS,BAD,UCB_WITHOUT_VAE_UNCERTAINTY,59,Q loss,179,0.014574281871318817
GAS,BAD,UCB_WITHOUT_VAE_UNCERTAINTY,59,Q loss,180,0.0017382018268108368
GAS,BAD,UCB_WITHOUT_VAE_UNCERTAINTY,59,Q loss,181,0.01053578034043312
GAS,BAD,UCB_WITHOUT_VAE_UNCERTAINTY,59,Q loss,182,0.004235255066305399
GAS,BAD,UCB_WITHOUT_VAE_UNCERTAINTY,59,Q loss,183,0.004854039754718542
GAS,BAD,UCB_WITHOUT_VAE_UNCERTAINTY,59,Q loss,184,0.006721064914017916
GAS,BAD,UCB_WITHOUT_VAE_UNCERTAINTY,59,Q loss,185,0.016891617327928543
GAS,BAD,UCB_WITHOUT_VAE_UNCERTAINTY,59,Q loss,186,0.005787971429526806
GAS,BAD,UCB_WITHOUT_VAE_UNCERTAINTY,59,Q loss,187,0.00802525132894516
GAS,BAD,UCB_WITHOUT_VAE_UNCERTAINTY,59,Q loss,188,0.005551529116928577
GAS,BAD,UCB_WITHOUT_VAE_UNCERTAINTY,59,Q loss,189,0.002813630737364292
GAS,BAD,UCB_WITHOUT_VAE_UNCERTAINTY,59,Q loss,190,0.005953500978648663
GAS,BAD,UCB_WITHOUT_VAE_UNCERTAINTY,59,Q loss,191,0.007520443294197321
GAS,BAD,UCB_WITHOUT_VAE_UNCERTAINTY,59,Q loss,192,0.002419468015432358
GAS,BAD,UCB_WITHOUT_VAE_UNCERTAINTY,59,Q loss,193,0.007576252333819866
GAS,BAD,UCB_WITHOUT_VAE_UNCERTAINTY,59,Q loss,194,0.004766558762639761
GAS,BAD,UCB_WITHOUT_VAE_UNCERTAINTY,59,Q loss,195,0.004441782832145691
GAS,BAD,UCB_WITHOUT_VAE_UNCERTAINTY,59,Q loss,196,0.007237622980028391
GAS,BAD,UCB_WITHOUT_VAE_UNCERTAINTY,59,Q loss,197,0.006310096010565758
GAS,BAD,UCB_WITHOUT_VAE_UNCERTAINTY,59,Q loss,198,0.005600453820079565
GAS,BAD,UCB_WITHOUT_VAE_UNCERTAINTY,59,Q loss,199,0.00630705151706934
GAS,BAD,UCB_WITHOUT_VAE_UNCERTAINTY,59,Q loss,200,0.0029658544808626175
GAS,BAD,UCB_WITHOUT_VAE_UNCERTAINTY,59,Q loss,201,0.004953580908477306
GAS,BAD,UCB_WITHOUT_VAE_UNCERTAINTY,59,Q loss,202,0.010572629980742931
GAS,BAD,UCB_WITHOUT_VAE_UNCERTAINTY,59,Q loss,203,0.006036651320755482
GAS,BAD,UCB_WITHOUT_VAE_UNCERTAINTY,59,Q loss,204,0.0049985782243311405
GAS,BAD,UCB_WITHOUT_VAE_UNCERTAINTY,59,Q loss,205,0.00406414270401001
GAS,BAD,UCB_WITHOUT_VAE_UNCERTAINTY,59,Q loss,206,0.0069860005751252174
GAS,BAD,UCB_WITHOUT_VAE_UNCERTAINTY,59,Q loss,207,0.0030583320185542107
GAS,BAD,UCB_WITHOUT_VAE_UNCERTAINTY,59,Q loss,208,0.006841817870736122
GAS,BAD,UCB_WITHOUT_VAE_UNCERTAINTY,59,Q loss,209,0.007493289653211832
GAS,BAD,UCB_WITHOUT_VAE_UNCERTAINTY,59,Q loss,210,0.005737046245485544
GAS,BAD,UCB_WITHOUT_VAE_UNCERTAINTY,59,Q loss,211,0.005885681137442589
GAS,BAD,UCB_WITHOUT_VAE_UNCERTAINTY,59,Q loss,212,0.005200131796300411
GAS,BAD,UCB_WITHOUT_VAE_UNCERTAINTY,59,Q loss,213,0.0025008046068251133
GAS,BAD,UCB_WITHOUT_VAE_UNCERTAINTY,59,Q loss,214,0.004105399362742901
GAS,BAD,UCB_WITHOUT_VAE_UNCERTAINTY,59,Q loss,215,0.00767009099945426
GAS,BAD,UCB_WITHOUT_VAE_UNCERTAINTY,59,Q loss,216,0.0017393467715010047
GAS,BAD,UCB_WITHOUT_VAE_UNCERTAINTY,59,Q loss,217,0.006116964854300022
GAS,BAD,UCB_WITHOUT_VAE_UNCERTAINTY,59,Q loss,218,0.0023414427414536476
GAS,BAD,UCB_WITHOUT_VAE_UNCERTAINTY,59,Q loss,219,0.006987632252275944
GAS,BAD,UCB_WITHOUT_VAE_UNCERTAINTY,59,Q loss,220,0.0055235642939805984
GAS,BAD,UCB_WITHOUT_VAE_UNCERTAINTY,59,Q loss,221,0.013302372768521309
GAS,BAD,UCB_WITHOUT_VAE_UNCERTAINTY,59,Q loss,222,0.004802730865776539
GAS,BAD,UCB_WITHOUT_VAE_UNCERTAINTY,59,Q loss,223,0.007610492408275604
GAS,BAD,UCB_WITHOUT_VAE_UNCERTAINTY,59,Q loss,224,0.005238549783825874
GAS,BAD,UCB_WITHOUT_VAE_UNCERTAINTY,59,Q loss,225,0.0018950935918837786
GAS,BAD,UCB_WITHOUT_VAE_UNCERTAINTY,59,Q loss,226,0.002050685230642557
GAS,BAD,UCB_WITHOUT_VAE_UNCERTAINTY,59,Q loss,227,0.004205596167594194
GAS,BAD,UCB_WITHOUT_VAE_UNCERTAINTY,59,Q loss,228,0.002056844998151064
GAS,BAD,UCB_WITHOUT_VAE_UNCERTAINTY,59,Q loss,229,0.0026439055800437927
GAS,BAD,UCB_WITHOUT_VAE_UNCERTAINTY,59,Q loss,230,0.004392778500914574
GAS,BAD,UCB_WITHOUT_VAE_UNCERTAINTY,59,Q loss,231,0.003179198130965233
GAS,BAD,UCB_WITHOUT_VAE_UNCERTAINTY,59,Q loss,232,0.005145447328686714
GAS,BAD,UCB_WITHOUT_VAE_UNCERTAINTY,59,Q loss,233,0.005068001803010702
GAS,BAD,UCB_WITHOUT_VAE_UNCERTAINTY,59,Q loss,234,0.0034049339592456818
GAS,BAD,UCB_WITHOUT_VAE_UNCERTAINTY,59,Q loss,235,0.00677469652146101
GAS,BAD,UCB_WITHOUT_VAE_UNCERTAINTY,59,Q loss,236,0.0019927509129047394
GAS,BAD,UCB_WITHOUT_VAE_UNCERTAINTY,59,Q loss,237,0.004514217842370272
GAS,BAD,UCB_WITHOUT_VAE_UNCERTAINTY,59,Q loss,238,0.007326599210500717
GAS,BAD,UCB_WITHOUT_VAE_UNCERTAINTY,59,Q loss,239,0.008735856041312218
GAS,BAD,UCB_WITHOUT_VAE_UNCERTAINTY,59,Q loss,240,0.004000552464276552
GAS,BAD,UCB_WITHOUT_VAE_UNCERTAINTY,59,Q loss,241,0.005543414503335953
GAS,BAD,UCB_WITHOUT_VAE_UNCERTAINTY,59,Q loss,242,0.0012974832206964493
GAS,BAD,UCB_WITHOUT_VAE_UNCERTAINTY,59,Q loss,243,0.0031003502663224936
GAS,BAD,UCB_WITHOUT_VAE_UNCERTAINTY,59,Q loss,244,0.001238622353412211
GAS,BAD,UCB_WITHOUT_VAE_UNCERTAINTY,59,Q loss,245,0.00351216783747077
GAS,BAD,UCB_WITHOUT_VAE_UNCERTAINTY,59,Q loss,246,0.005891869775950909
GAS,BAD,UCB_WITHOUT_VAE_UNCERTAINTY,59,Q loss,247,0.0028783329762518406
GAS,BAD,UCB_WITHOUT_VAE_UNCERTAINTY,59,Q loss,248,0.007436564192175865
GAS,BAD,UCB_WITHOUT_VAE_UNCERTAINTY,59,Q loss,249,0.0014703008346259594
GAS,BAD,UCB_WITHOUT_VAE_UNCERTAINTY,59,Q loss,250,0.005675273481756449
GAS,BAD,UCB_WITHOUT_VAE_UNCERTAINTY,59,Q loss,251,0.0037263052072376013
GAS,BAD,UCB_WITHOUT_VAE_UNCERTAINTY,59,Q loss,252,0.0011520895641297102
GAS,BAD,UCB_WITHOUT_VAE_UNCERTAINTY,59,Q loss,253,0.0014419099316000938
GAS,BAD,UCB_WITHOUT_VAE_UNCERTAINTY,59,Q loss,254,0.0025079045444726944
GAS,BAD,UCB_WITHOUT_VAE_UNCERTAINTY,59,Q loss,255,0.009842840023338795
GAS,BAD,UCB_WITHOUT_VAE_UNCERTAINTY,59,Q loss,256,0.0020178493577986956
GAS,BAD,UCB_WITHOUT_VAE_UNCERTAINTY,59,Q loss,257,0.0072144679725170135
GAS,BAD,UCB_WITHOUT_VAE_UNCERTAINTY,59,Q loss,258,0.0022987499833106995
GAS,BAD,UCB_WITHOUT_VAE_UNCERTAINTY,59,Q loss,259,0.009575514122843742
GAS,BAD,UCB_WITHOUT_VAE_UNCERTAINTY,59,Q loss,260,0.007499448023736477
GAS,BAD,UCB_WITHOUT_VAE_UNCERTAINTY,59,Q loss,261,0.0006903604371473193
GAS,BAD,UCB_WITHOUT_VAE_UNCERTAINTY,59,Q loss,262,0.0010927353287115693
GAS,BAD,UCB_WITHOUT_VAE_UNCERTAINTY,59,Q loss,263,0.0021067671477794647
GAS,BAD,UCB_WITHOUT_VAE_UNCERTAINTY,59,Q loss,264,0.004358382895588875
GAS,BAD,UCB_WITHOUT_VAE_UNCERTAINTY,59,Q loss,265,0.0023307304363697767
GAS,BAD,UCB_WITHOUT_VAE_UNCERTAINTY,59,Q loss,266,0.0035334171261638403
GAS,BAD,UCB_WITHOUT_VAE_UNCERTAINTY,59,Q loss,267,0.0034960927441716194
GAS,BAD,UCB_WITHOUT_VAE_UNCERTAINTY,59,Q loss,268,0.006450436543673277
GAS,BAD,UCB_WITHOUT_VAE_UNCERTAINTY,59,Q loss,269,0.005056512542068958
GAS,BAD,UCB_WITHOUT_VAE_UNCERTAINTY,59,Q loss,270,0.002076392527669668
GAS,BAD,UCB_WITHOUT_VAE_UNCERTAINTY,59,Q loss,271,0.007636161521077156
GAS,BAD,UCB_WITHOUT_VAE_UNCERTAINTY,59,Q loss,272,0.001974403625354171
GAS,BAD,UCB_WITHOUT_VAE_UNCERTAINTY,59,Q loss,273,0.0022758767008781433
GAS,BAD,UCB_WITHOUT_VAE_UNCERTAINTY,59,Q loss,274,0.0022601252421736717
GAS,BAD,UCB_WITHOUT_VAE_UNCERTAINTY,59,Q loss,275,0.009769860655069351
GAS,BAD,UCB_WITHOUT_VAE_UNCERTAINTY,59,Q loss,276,0.0012513943947851658
GAS,BAD,UCB_WITHOUT_VAE_UNCERTAINTY,59,Q loss,277,0.008334723301231861
GAS,BAD,UCB_WITHOUT_VAE_UNCERTAINTY,59,Q loss,278,0.004664924927055836
GAS,BAD,UCB_WITHOUT_VAE_UNCERTAINTY,59,Q loss,279,0.0008950954070314765
GAS,BAD,UCB_WITHOUT_VAE_UNCERTAINTY,59,Q loss,280,0.00420029554516077
GAS,BAD,UCB_WITHOUT_VAE_UNCERTAINTY,59,Q loss,281,0.0029146638698875904
GAS,BAD,UCB_WITHOUT_VAE_UNCERTAINTY,59,Q loss,282,0.001972686033695936
GAS,BAD,UCB_WITHOUT_VAE_UNCERTAINTY,59,Q loss,283,0.003969572484493256
GAS,BAD,UCB_WITHOUT_VAE_UNCERTAINTY,59,Q loss,284,0.0025514219887554646
GAS,BAD,UCB_WITHOUT_VAE_UNCERTAINTY,59,Q loss,285,0.0022286800667643547
GAS,BAD,UCB_WITHOUT_VAE_UNCERTAINTY,59,Q loss,286,0.005188910290598869
GAS,BAD,UCB_WITHOUT_VAE_UNCERTAINTY,59,Q loss,287,0.0013531517470255494
GAS,BAD,UCB_WITHOUT_VAE_UNCERTAINTY,59,Q loss,288,0.0020109633915126324
GAS,BAD,UCB_WITHOUT_VAE_UNCERTAINTY,59,Q loss,289,0.0028225660789757967
GAS,BAD,UCB_WITHOUT_VAE_UNCERTAINTY,59,Q loss,290,0.0018076887354254723
GAS,BAD,UCB_WITHOUT_VAE_UNCERTAINTY,59,Q loss,291,0.002314342185854912
GAS,BAD,UCB_WITHOUT_VAE_UNCERTAINTY,59,Q loss,292,0.002955995500087738
GAS,BAD,UCB_WITHOUT_VAE_UNCERTAINTY,59,Q loss,293,0.010167153552174568
GAS,BAD,UCB_WITHOUT_VAE_UNCERTAINTY,59,Q loss,294,0.001914482330903411
GAS,BAD,UCB_WITHOUT_VAE_UNCERTAINTY,59,Q loss,295,0.0013690985506400466
GAS,BAD,UCB_WITHOUT_VAE_UNCERTAINTY,59,Q loss,296,0.0021461823489516973
GAS,BAD,UCB_WITHOUT_VAE_UNCERTAINTY,59,Q loss,297,0.0020502659026533365
GAS,BAD,UCB_WITHOUT_VAE_UNCERTAINTY,59,Q loss,298,0.001817023498006165
GAS,BAD,UCB_WITHOUT_VAE_UNCERTAINTY,59,Q loss,299,0.0027078762650489807
GAS,BAD,UCB_WITHOUT_VAE_UNCERTAINTY,59,Q loss,300,0.002126467414200306
GAS,BAD,UCB_WITHOUT_VAE_UNCERTAINTY,59,Q loss,301,0.0029660696163773537
GAS,BAD,UCB_WITHOUT_VAE_UNCERTAINTY,59,Q loss,302,0.001246182480826974
GAS,BAD,UCB_WITHOUT_VAE_UNCERTAINTY,59,Q loss,303,0.0029744738712906837
GAS,BAD,UCB_WITHOUT_VAE_UNCERTAINTY,59,Q loss,304,0.0006566033698618412
GAS,BAD,UCB_WITHOUT_VAE_UNCERTAINTY,59,Q loss,305,0.004145107232034206
GAS,BAD,UCB_WITHOUT_VAE_UNCERTAINTY,59,Q loss,306,0.0034242048859596252
GAS,BAD,UCB_WITHOUT_VAE_UNCERTAINTY,59,Q loss,307,0.00310790934599936
GAS,BAD,UCB_WITHOUT_VAE_UNCERTAINTY,59,Q loss,308,0.002752257976680994
GAS,BAD,UCB_WITHOUT_VAE_UNCERTAINTY,59,Q loss,309,0.006020155269652605
GAS,BAD,UCB_WITHOUT_VAE_UNCERTAINTY,59,Q loss,310,0.0012649472337216139
GAS,BAD,UCB_WITHOUT_VAE_UNCERTAINTY,59,Q loss,311,0.006778201553970575
GAS,BAD,UCB_WITHOUT_VAE_UNCERTAINTY,59,Q loss,312,0.0030568214133381844
GAS,BAD,UCB_WITHOUT_VAE_UNCERTAINTY,59,Q loss,313,0.0056516872718930244
GAS,BAD,UCB_WITHOUT_VAE_UNCERTAINTY,59,Q loss,314,0.002101158257573843
GAS,BAD,UCB_WITHOUT_VAE_UNCERTAINTY,59,Q loss,315,0.0023167452309280634
GAS,BAD,UCB_WITHOUT_VAE_UNCERTAINTY,59,Q loss,316,0.0037608779966831207
GAS,BAD,UCB_WITHOUT_VAE_UNCERTAINTY,59,Q loss,317,0.0016398481093347073
GAS,BAD,UCB_WITHOUT_VAE_UNCERTAINTY,59,Q loss,318,0.0028206161223351955
GAS,BAD,UCB_WITHOUT_VAE_UNCERTAINTY,59,Q loss,319,0.0020059896633028984
GAS,BAD,UCB_WITHOUT_VAE_UNCERTAINTY,59,Q loss,320,0.001923860632814467
GAS,BAD,UCB_WITHOUT_VAE_UNCERTAINTY,59,Q loss,321,0.00417975801974535
GAS,BAD,UCB_WITHOUT_VAE_UNCERTAINTY,59,Q loss,322,0.003884329926222563
GAS,BAD,UCB_WITHOUT_VAE_UNCERTAINTY,59,Q loss,323,0.0037618353962898254
GAS,BAD,UCB_WITHOUT_VAE_UNCERTAINTY,59,Q loss,324,0.0006226915866136551
GAS,BAD,UCB_WITHOUT_VAE_UNCERTAINTY,59,Q loss,325,0.003119774628430605
GAS,BAD,UCB_WITHOUT_VAE_UNCERTAINTY,59,Q loss,326,0.00146824202965945
GAS,BAD,UCB_WITHOUT_VAE_UNCERTAINTY,59,Q loss,327,0.0039393967017531395
GAS,BAD,UCB_WITHOUT_VAE_UNCERTAINTY,59,Q loss,328,0.0033627492375671864
GAS,BAD,UCB_WITHOUT_VAE_UNCERTAINTY,59,Q loss,329,0.016033105552196503
GAS,BAD,UCB_WITHOUT_VAE_UNCERTAINTY,59,Q loss,330,0.0025145183317363262
GAS,BAD,UCB_WITHOUT_VAE_UNCERTAINTY,59,Q loss,331,0.0015418222174048424
GAS,BAD,UCB_WITHOUT_VAE_UNCERTAINTY,59,Q loss,332,0.0024254946038126945
GAS,BAD,UCB_WITHOUT_VAE_UNCERTAINTY,59,Q loss,333,0.001806257525458932
GAS,BAD,UCB_WITHOUT_VAE_UNCERTAINTY,59,Q loss,334,0.003487941576167941
GAS,BAD,UCB_WITHOUT_VAE_UNCERTAINTY,59,Q loss,335,0.0009392669307999313
GAS,BAD,UCB_WITHOUT_VAE_UNCERTAINTY,59,Q loss,336,0.0035811378620564938
GAS,BAD,UCB_WITHOUT_VAE_UNCERTAINTY,59,Q loss,337,0.0022357054986059666
GAS,BAD,UCB_WITHOUT_VAE_UNCERTAINTY,59,Q loss,338,0.0026728478260338306
GAS,BAD,UCB_WITHOUT_VAE_UNCERTAINTY,59,Q loss,339,0.0038904077373445034
GAS,BAD,UCB_WITHOUT_VAE_UNCERTAINTY,59,Q loss,340,0.0025245826691389084
GAS,BAD,UCB_WITHOUT_VAE_UNCERTAINTY,59,Q loss,341,0.002941364422440529
GAS,BAD,UCB_WITHOUT_VAE_UNCERTAINTY,59,Q loss,342,0.00418287655338645
GAS,BAD,UCB_WITHOUT_VAE_UNCERTAINTY,59,Q loss,343,0.003018425777554512
GAS,BAD,UCB_WITHOUT_VAE_UNCERTAINTY,59,Q loss,344,0.0011185677722096443
GAS,BAD,UCB_WITHOUT_VAE_UNCERTAINTY,59,Q loss,345,0.004017908591777086
GAS,BAD,UCB_WITHOUT_VAE_UNCERTAINTY,59,Q loss,346,0.006431171670556068
GAS,BAD,UCB_WITHOUT_VAE_UNCERTAINTY,59,Q loss,347,0.004481989424675703
GAS,BAD,UCB_WITHOUT_VAE_UNCERTAINTY,59,Q loss,348,0.0006679563084617257
GAS,BAD,UCB_WITHOUT_VAE_UNCERTAINTY,59,Q loss,349,0.0035379233304411173
GAS,BAD,UCB_WITHOUT_VAE_UNCERTAINTY,59,Q loss,350,0.003809988498687744
GAS,BAD,UCB_WITHOUT_VAE_UNCERTAINTY,59,Q loss,351,0.002771629486232996
GAS,BAD,UCB_WITHOUT_VAE_UNCERTAINTY,59,Q loss,352,0.0021095953416079283
GAS,BAD,UCB_WITHOUT_VAE_UNCERTAINTY,59,Q loss,353,0.0014840197982266545
GAS,BAD,UCB_WITHOUT_VAE_UNCERTAINTY,59,Q loss,354,0.0010888974647969007
GAS,BAD,UCB_WITHOUT_VAE_UNCERTAINTY,59,Q loss,355,0.004607674665749073
GAS,BAD,UCB_WITHOUT_VAE_UNCERTAINTY,59,Q loss,356,0.004235725849866867
GAS,BAD,UCB_WITHOUT_VAE_UNCERTAINTY,59,Q loss,357,0.0012800171971321106
GAS,BAD,UCB_WITHOUT_VAE_UNCERTAINTY,59,Q loss,358,0.00110374775249511
GAS,BAD,UCB_WITHOUT_VAE_UNCERTAINTY,59,Q loss,359,0.003994964063167572
GAS,BAD,UCB_WITHOUT_VAE_UNCERTAINTY,59,Q loss,360,0.0007095916662365198
GAS,BAD,UCB_WITHOUT_VAE_UNCERTAINTY,59,Q loss,361,0.004313752055168152
GAS,BAD,UCB_WITHOUT_VAE_UNCERTAINTY,59,Q loss,362,0.004082472529262304
GAS,BAD,UCB_WITHOUT_VAE_UNCERTAINTY,59,Q loss,363,0.0103383120149374
GAS,BAD,UCB_WITHOUT_VAE_UNCERTAINTY,59,Q loss,364,0.0022398110013455153
GAS,BAD,UCB_WITHOUT_VAE_UNCERTAINTY,59,Q loss,365,0.006938355974853039
GAS,BAD,UCB_WITHOUT_VAE_UNCERTAINTY,59,Q loss,366,0.0021042940206825733
GAS,BAD,UCB_WITHOUT_VAE_UNCERTAINTY,59,Q loss,367,0.006582213565707207
GAS,BAD,UCB_WITHOUT_VAE_UNCERTAINTY,59,Q loss,368,0.003550791647285223
GAS,BAD,UCB_WITHOUT_VAE_UNCERTAINTY,59,Q loss,369,0.0006325517315417528
GAS,BAD,UCB_WITHOUT_VAE_UNCERTAINTY,59,Q loss,370,0.004760492593050003
GAS,BAD,UCB_WITHOUT_VAE_UNCERTAINTY,59,Q loss,371,0.0009262505918741226
GAS,BAD,UCB_WITHOUT_VAE_UNCERTAINTY,59,Q loss,372,0.004401459824293852
GAS,BAD,UCB_WITHOUT_VAE_UNCERTAINTY,59,Q loss,373,0.00221124361269176
GAS,BAD,UCB_WITHOUT_VAE_UNCERTAINTY,59,Q loss,374,0.0012332660844549537
GAS,BAD,UCB_WITHOUT_VAE_UNCERTAINTY,59,Q loss,375,0.0038644890300929546
GAS,BAD,UCB_WITHOUT_VAE_UNCERTAINTY,59,Q loss,376,0.0017987072933465242
GAS,BAD,UCB_WITHOUT_VAE_UNCERTAINTY,59,Q loss,377,0.009067284874618053
GAS,BAD,UCB_WITHOUT_VAE_UNCERTAINTY,59,Q loss,378,0.0031600119546055794
GAS,BAD,UCB_WITHOUT_VAE_UNCERTAINTY,59,Q loss,379,0.003943493124097586
GAS,BAD,UCB_WITHOUT_VAE_UNCERTAINTY,59,Q loss,380,0.0014784400118514895
GAS,BAD,UCB_WITHOUT_VAE_UNCERTAINTY,59,Q loss,381,0.008877437561750412
GAS,BAD,UCB_WITHOUT_VAE_UNCERTAINTY,59,Q loss,382,0.008410619571805
GAS,BAD,UCB_WITHOUT_VAE_UNCERTAINTY,59,Q loss,383,0.008367490954697132
GAS,BAD,UCB_WITHOUT_VAE_UNCERTAINTY,59,Q loss,384,0.0022042046766728163
GAS,BAD,UCB_WITHOUT_VAE_UNCERTAINTY,59,Q loss,385,0.003920084796845913
GAS,BAD,UCB_WITHOUT_VAE_UNCERTAINTY,59,Q loss,386,0.005005907732993364
GAS,BAD,UCB_WITHOUT_VAE_UNCERTAINTY,59,Q loss,387,0.0007920744828879833
GAS,BAD,UCB_WITHOUT_VAE_UNCERTAINTY,59,Q loss,388,0.003274478716775775
GAS,BAD,UCB_WITHOUT_VAE_UNCERTAINTY,59,Q loss,389,0.0019161772215738893
GAS,BAD,UCB_WITHOUT_VAE_UNCERTAINTY,59,Q loss,390,0.003289839019998908
GAS,BAD,UCB_WITHOUT_VAE_UNCERTAINTY,59,Q loss,391,0.00996849499642849
GAS,BAD,UCB_WITHOUT_VAE_UNCERTAINTY,59,Q loss,392,0.0013311365619301796
GAS,BAD,UCB_WITHOUT_VAE_UNCERTAINTY,59,Q loss,393,0.0028105522505939007
GAS,BAD,UCB_WITHOUT_VAE_UNCERTAINTY,59,Q loss,394,0.005232772324234247
GAS,BAD,UCB_WITHOUT_VAE_UNCERTAINTY,59,Q loss,395,0.002055419608950615
GAS,BAD,UCB_WITHOUT_VAE_UNCERTAINTY,59,Q loss,396,0.0007469387492164969
GAS,BAD,UCB_WITHOUT_VAE_UNCERTAINTY,59,Q loss,397,0.005370722617954016
GAS,BAD,UCB_WITHOUT_VAE_UNCERTAINTY,59,Q loss,398,0.0013304556487128139
GAS,BAD,UCB_WITHOUT_VAE_UNCERTAINTY,59,Q loss,399,0.0042872135527431965
GAS,BAD,UCB_WITHOUT_VAE_UNCERTAINTY,59,Q loss,400,0.001123804016970098
GAS,BAD,UCB_WITHOUT_VAE_UNCERTAINTY,59,Q loss,401,0.0052778460085392
GAS,BAD,UCB_WITHOUT_VAE_UNCERTAINTY,59,Q loss,402,0.0031761254649609327
GAS,BAD,UCB_WITHOUT_VAE_UNCERTAINTY,59,Q loss,403,0.004984213970601559
GAS,BAD,UCB_WITHOUT_VAE_UNCERTAINTY,59,Q loss,404,0.0029741013422608376
GAS,BAD,UCB_WITHOUT_VAE_UNCERTAINTY,59,Q loss,405,0.001063247094862163
GAS,BAD,UCB_WITHOUT_VAE_UNCERTAINTY,59,Q loss,406,0.002240226836875081
GAS,BAD,UCB_WITHOUT_VAE_UNCERTAINTY,59,Q loss,407,0.0040748221799731255
GAS,BAD,UCB_WITHOUT_VAE_UNCERTAINTY,59,Q loss,408,0.0032973517663776875
GAS,BAD,UCB_WITHOUT_VAE_UNCERTAINTY,59,Q loss,409,0.00228923955000937
GAS,BAD,UCB_WITHOUT_VAE_UNCERTAINTY,59,Q loss,410,0.0028108651749789715
GAS,BAD,UCB_WITHOUT_VAE_UNCERTAINTY,59,Q loss,411,0.0017543232534080744
GAS,BAD,UCB_WITHOUT_VAE_UNCERTAINTY,59,Q loss,412,0.0014215962728485465
GAS,BAD,UCB_WITHOUT_VAE_UNCERTAINTY,59,Q loss,413,0.008665027096867561
GAS,BAD,UCB_WITHOUT_VAE_UNCERTAINTY,59,Q loss,414,0.0017754402942955494
GAS,BAD,UCB_WITHOUT_VAE_UNCERTAINTY,59,Q loss,415,0.0015806222800165415
GAS,BAD,UCB_WITHOUT_VAE_UNCERTAINTY,59,Q loss,416,0.0004818235756829381
GAS,BAD,UCB_WITHOUT_VAE_UNCERTAINTY,59,Q loss,417,0.002363538835197687
GAS,BAD,UCB_WITHOUT_VAE_UNCERTAINTY,59,Q loss,418,0.00445935083553195
GAS,BAD,UCB_WITHOUT_VAE_UNCERTAINTY,59,Q loss,419,0.0015248000854626298
GAS,BAD,UCB_WITHOUT_VAE_UNCERTAINTY,59,Q loss,420,0.004774926230311394
GAS,BAD,UCB_WITHOUT_VAE_UNCERTAINTY,59,Q loss,421,0.0023910729214549065
GAS,BAD,UCB_WITHOUT_VAE_UNCERTAINTY,59,Q loss,422,0.005126584321260452
GAS,BAD,UCB_WITHOUT_VAE_UNCERTAINTY,59,Q loss,423,0.0024351137690246105
GAS,BAD,UCB_WITHOUT_VAE_UNCERTAINTY,59,Q loss,424,0.0010943016968667507
GAS,BAD,UCB_WITHOUT_VAE_UNCERTAINTY,59,Q loss,425,0.0010401885956525803
GAS,BAD,UCB_WITHOUT_VAE_UNCERTAINTY,59,Q loss,426,0.0021912080701440573
GAS,BAD,UCB_WITHOUT_VAE_UNCERTAINTY,59,Q loss,427,0.0021991359535604715
GAS,BAD,UCB_WITHOUT_VAE_UNCERTAINTY,59,Q loss,428,0.004382847808301449
GAS,BAD,UCB_WITHOUT_VAE_UNCERTAINTY,59,Q loss,429,0.0018955868436023593
GAS,BAD,UCB_WITHOUT_VAE_UNCERTAINTY,59,Q loss,430,0.0030643439386039972
GAS,BAD,UCB_WITHOUT_VAE_UNCERTAINTY,59,Q loss,431,0.004307556431740522
GAS,BAD,UCB_WITHOUT_VAE_UNCERTAINTY,59,Q loss,432,0.0017437775386497378
GAS,BAD,UCB_WITHOUT_VAE_UNCERTAINTY,59,Q loss,433,0.0037639415822923183
GAS,BAD,UCB_WITHOUT_VAE_UNCERTAINTY,59,Q loss,434,0.0019285111920908093
GAS,BAD,UCB_WITHOUT_VAE_UNCERTAINTY,59,Q loss,435,0.002699543721973896
GAS,BAD,UCB_WITHOUT_VAE_UNCERTAINTY,59,Q loss,436,0.0016728963237255812
GAS,BAD,UCB_WITHOUT_VAE_UNCERTAINTY,59,Q loss,437,0.007116504013538361
GAS,BAD,UCB_WITHOUT_VAE_UNCERTAINTY,59,Q loss,438,0.0017098912503570318
GAS,BAD,UCB_WITHOUT_VAE_UNCERTAINTY,59,Q loss,439,0.004542459733784199
GAS,BAD,UCB_WITHOUT_VAE_UNCERTAINTY,59,Q loss,440,0.0023376590106636286
GAS,BAD,UCB_WITHOUT_VAE_UNCERTAINTY,59,Q loss,441,0.0022059634793549776
GAS,BAD,UCB_WITHOUT_VAE_UNCERTAINTY,59,Q loss,442,0.002460585441440344
GAS,BAD,UCB_WITHOUT_VAE_UNCERTAINTY,59,Q loss,443,0.0028132516890764236
GAS,BAD,UCB_WITHOUT_VAE_UNCERTAINTY,59,Q loss,444,0.002910759299993515
GAS,BAD,UCB_WITHOUT_VAE_UNCERTAINTY,59,Q loss,445,0.0037156331818550825
GAS,BAD,UCB_WITHOUT_VAE_UNCERTAINTY,59,Q loss,446,0.0025732277426868677
GAS,BAD,UCB_WITHOUT_VAE_UNCERTAINTY,59,Q loss,447,0.0023869872093200684
GAS,BAD,UCB_WITHOUT_VAE_UNCERTAINTY,59,Q loss,448,0.006541524548083544
GAS,BAD,UCB_WITHOUT_VAE_UNCERTAINTY,59,Q loss,449,0.010565537959337234
GAS,BAD,UCB_WITHOUT_VAE_UNCERTAINTY,59,Q loss,450,0.0024032373912632465
GAS,BAD,UCB_WITHOUT_VAE_UNCERTAINTY,59,Q loss,451,0.0019015860743820667
GAS,BAD,UCB_WITHOUT_VAE_UNCERTAINTY,59,Q loss,452,0.001271313987672329
GAS,BAD,UCB_WITHOUT_VAE_UNCERTAINTY,59,Q loss,453,0.004554875195026398
GAS,BAD,UCB_WITHOUT_VAE_UNCERTAINTY,59,Q loss,454,0.00219553429633379
GAS,BAD,UCB_WITHOUT_VAE_UNCERTAINTY,59,Q loss,455,0.003365294309332967
GAS,BAD,UCB_WITHOUT_VAE_UNCERTAINTY,59,Q loss,456,0.0030691870488226414
GAS,BAD,UCB_WITHOUT_VAE_UNCERTAINTY,59,Q loss,457,0.00047262554289773107
GAS,BAD,UCB_WITHOUT_VAE_UNCERTAINTY,59,Q loss,458,0.001838047057390213
GAS,BAD,UCB_WITHOUT_VAE_UNCERTAINTY,59,Q loss,459,0.003316278802230954
GAS,BAD,UCB_WITHOUT_VAE_UNCERTAINTY,59,Q loss,460,0.002209327882155776
GAS,BAD,UCB_WITHOUT_VAE_UNCERTAINTY,59,Q loss,461,0.0032836662139743567
GAS,BAD,UCB_WITHOUT_VAE_UNCERTAINTY,59,Q loss,462,0.001558021642267704
GAS,BAD,UCB_WITHOUT_VAE_UNCERTAINTY,59,Q loss,463,0.0011868649162352085
GAS,BAD,UCB_WITHOUT_VAE_UNCERTAINTY,59,Q loss,464,0.001270422711968422
GAS,BAD,UCB_WITHOUT_VAE_UNCERTAINTY,59,Q loss,465,0.0026155621744692326
GAS,BAD,UCB_WITHOUT_VAE_UNCERTAINTY,59,Q loss,466,0.002887486945837736
GAS,BAD,UCB_WITHOUT_VAE_UNCERTAINTY,59,Q loss,467,0.0028300404082983732
GAS,BAD,UCB_WITHOUT_VAE_UNCERTAINTY,59,Q loss,468,0.004070742521435022
GAS,BAD,UCB_WITHOUT_VAE_UNCERTAINTY,59,Q loss,469,0.0009643667144700885
GAS,BAD,UCB_WITHOUT_VAE_UNCERTAINTY,59,Q loss,470,0.0010263759177178144
GAS,BAD,UCB_WITHOUT_VAE_UNCERTAINTY,59,Q loss,471,0.0011601981241255999
GAS,BAD,UCB_WITHOUT_VAE_UNCERTAINTY,59,Q loss,472,0.0023029891308397055
GAS,BAD,UCB_WITHOUT_VAE_UNCERTAINTY,59,Q loss,473,0.004469945095479488
GAS,BAD,UCB_WITHOUT_VAE_UNCERTAINTY,59,Q loss,474,0.0029954328201711178
GAS,BAD,UCB_WITHOUT_VAE_UNCERTAINTY,59,Q loss,475,0.0022946714889258146
GAS,BAD,UCB_WITHOUT_VAE_UNCERTAINTY,59,Q loss,476,0.0053336722776293755
GAS,BAD,UCB_WITHOUT_VAE_UNCERTAINTY,59,Q loss,477,0.0007351699750870466
GAS,BAD,UCB_WITHOUT_VAE_UNCERTAINTY,59,Q loss,478,0.005787697620689869
GAS,BAD,UCB_WITHOUT_VAE_UNCERTAINTY,59,Q loss,479,0.006520915310829878
GAS,BAD,UCB_WITHOUT_VAE_UNCERTAINTY,59,Q loss,480,0.003210036549717188
GAS,BAD,UCB_WITHOUT_VAE_UNCERTAINTY,59,Q loss,481,0.000940584228374064
GAS,BAD,UCB_WITHOUT_VAE_UNCERTAINTY,59,Q loss,482,0.0026012540329247713
GAS,BAD,UCB_WITHOUT_VAE_UNCERTAINTY,59,Q loss,483,0.002533119171857834
GAS,BAD,UCB_WITHOUT_VAE_UNCERTAINTY,59,Q loss,484,0.002374540315940976
GAS,BAD,UCB_WITHOUT_VAE_UNCERTAINTY,59,Q loss,485,0.0029398659244179726
GAS,BAD,UCB_WITHOUT_VAE_UNCERTAINTY,59,Q loss,486,0.002281244844198227
GAS,BAD,UCB_WITHOUT_VAE_UNCERTAINTY,59,Q loss,487,0.0009406885947100818
GAS,BAD,UCB_WITHOUT_VAE_UNCERTAINTY,59,Q loss,488,0.000924882129766047
GAS,BAD,UCB_WITHOUT_VAE_UNCERTAINTY,59,Q loss,489,0.005206190049648285
GAS,BAD,UCB_WITHOUT_VAE_UNCERTAINTY,59,Q loss,490,0.005199442617595196
GAS,BAD,UCB_WITHOUT_VAE_UNCERTAINTY,59,Q loss,491,0.004667055793106556
GAS,BAD,UCB_WITHOUT_VAE_UNCERTAINTY,59,Q loss,492,0.0047927843406796455
GAS,BAD,UCB_WITHOUT_VAE_UNCERTAINTY,59,Q loss,493,0.0029881135560572147
GAS,BAD,UCB_WITHOUT_VAE_UNCERTAINTY,59,Q loss,494,0.005238242447376251
GAS,BAD,UCB_WITHOUT_VAE_UNCERTAINTY,59,Q loss,495,0.0022826786153018475
GAS,BAD,UCB_WITHOUT_VAE_UNCERTAINTY,59,Q loss,496,0.0024633181747049093
GAS,BAD,UCB_WITHOUT_VAE_UNCERTAINTY,59,Q loss,497,0.003901947755366564
GAS,BAD,UCB_WITHOUT_VAE_UNCERTAINTY,59,Q loss,498,0.0015785705763846636
GAS,BAD,UCB_WITHOUT_VAE_UNCERTAINTY,59,Q loss,499,0.007067179773002863
GAS,BAD,UCB_WITHOUT_VAE_UNCERTAINTY,59,Q loss,500,0.0026492297183722258
GAS,BAD,UCB_WITHOUT_VAE_UNCERTAINTY,59,Q loss,501,0.0015342120314016938
GAS,BAD,UCB_WITHOUT_VAE_UNCERTAINTY,59,Q loss,502,0.0013964399695396423
GAS,BAD,UCB_WITHOUT_VAE_UNCERTAINTY,59,Q loss,503,0.0077868239022791386
GAS,BAD,UCB_WITHOUT_VAE_UNCERTAINTY,59,Q loss,504,0.0030086615588515997
GAS,BAD,UCB_WITHOUT_VAE_UNCERTAINTY,59,Q loss,505,0.0020274026319384575
GAS,BAD,UCB_WITHOUT_VAE_UNCERTAINTY,59,Q loss,506,0.0015090624801814556
GAS,BAD,UCB_WITHOUT_VAE_UNCERTAINTY,59,Q loss,507,0.005214365664869547
GAS,BAD,UCB_WITHOUT_VAE_UNCERTAINTY,59,Q loss,508,0.0027024103328585625
GAS,BAD,UCB_WITHOUT_VAE_UNCERTAINTY,59,Q loss,509,0.0022702135611325502
GAS,BAD,UCB_WITHOUT_VAE_UNCERTAINTY,59,Q loss,510,0.0010434264549985528
GAS,BAD,UCB_WITHOUT_VAE_UNCERTAINTY,59,Q loss,511,0.0013525723479688168
GAS,BAD,UCB_WITHOUT_VAE_UNCERTAINTY,59,Q loss,512,0.006837073713541031
GAS,BAD,UCB_WITHOUT_VAE_UNCERTAINTY,59,Q loss,513,0.0015303806867450476
GAS,BAD,UCB_WITHOUT_VAE_UNCERTAINTY,59,Q loss,514,0.0013936907052993774
GAS,BAD,UCB_WITHOUT_VAE_UNCERTAINTY,59,Q loss,515,0.004491486586630344
GAS,BAD,UCB_WITHOUT_VAE_UNCERTAINTY,59,Q loss,516,0.002682344289496541
GAS,BAD,UCB_WITHOUT_VAE_UNCERTAINTY,59,Q loss,517,0.0008987542823888361
GAS,BAD,UCB_WITHOUT_VAE_UNCERTAINTY,59,Q loss,518,0.0017526462906971574
GAS,BAD,UCB_WITHOUT_VAE_UNCERTAINTY,59,Q loss,519,0.004174484871327877
GAS,BAD,UCB_WITHOUT_VAE_UNCERTAINTY,59,Q loss,520,0.0024622222408652306
GAS,BAD,UCB_WITHOUT_VAE_UNCERTAINTY,59,Q loss,521,0.0013767509954050183
GAS,BAD,UCB_WITHOUT_VAE_UNCERTAINTY,59,Q loss,522,0.0009500330197624862
GAS,BAD,UCB_WITHOUT_VAE_UNCERTAINTY,59,Q loss,523,0.0036122645251452923
GAS,BAD,UCB_WITHOUT_VAE_UNCERTAINTY,59,Q loss,524,0.0008549811318516731
GAS,BAD,UCB_WITHOUT_VAE_UNCERTAINTY,59,Q loss,525,0.001955485437065363
GAS,BAD,UCB_WITHOUT_VAE_UNCERTAINTY,59,Q loss,526,0.002997852861881256
GAS,BAD,UCB_WITHOUT_VAE_UNCERTAINTY,59,Q loss,527,0.003352666273713112
GAS,BAD,UCB_WITHOUT_VAE_UNCERTAINTY,59,Q loss,528,0.001664615934714675
GAS,BAD,UCB_WITHOUT_VAE_UNCERTAINTY,59,Q loss,529,0.00614553177729249
GAS,BAD,UCB_WITHOUT_VAE_UNCERTAINTY,59,Q loss,530,0.0030509645584970713
GAS,BAD,UCB_WITHOUT_VAE_UNCERTAINTY,59,Q loss,531,0.0018806413281708956
GAS,BAD,UCB_WITHOUT_VAE_UNCERTAINTY,59,Q loss,532,0.0034299809485673904
GAS,BAD,UCB_WITHOUT_VAE_UNCERTAINTY,59,Q loss,533,0.0009065521298907697
GAS,BAD,UCB_WITHOUT_VAE_UNCERTAINTY,59,Q loss,534,0.0019223304698243737
GAS,BAD,UCB_WITHOUT_VAE_UNCERTAINTY,59,Q loss,535,0.0025925638619810343
GAS,BAD,UCB_WITHOUT_VAE_UNCERTAINTY,59,Q loss,536,0.000514817947987467
GAS,BAD,UCB_WITHOUT_VAE_UNCERTAINTY,59,Q loss,537,0.002731987275183201
GAS,BAD,UCB_WITHOUT_VAE_UNCERTAINTY,59,Q loss,538,0.004589857067912817
GAS,BAD,UCB_WITHOUT_VAE_UNCERTAINTY,59,Q loss,539,0.005045808386057615
GAS,BAD,UCB_WITHOUT_VAE_UNCERTAINTY,59,Q loss,540,0.0011441735550761223
GAS,BAD,UCB_WITHOUT_VAE_UNCERTAINTY,59,Q loss,541,0.001592781045474112
GAS,BAD,UCB_WITHOUT_VAE_UNCERTAINTY,59,Q loss,542,0.0009127092780545354
GAS,BAD,UCB_WITHOUT_VAE_UNCERTAINTY,59,Q loss,543,0.0034900230821222067
GAS,BAD,UCB_WITHOUT_VAE_UNCERTAINTY,59,Q loss,544,0.001127950381487608
GAS,BAD,UCB_WITHOUT_VAE_UNCERTAINTY,59,Q loss,545,0.0013944796519353986
GAS,BAD,UCB_WITHOUT_VAE_UNCERTAINTY,59,Q loss,546,0.0016421605832874775
GAS,BAD,UCB_WITHOUT_VAE_UNCERTAINTY,59,Q loss,547,0.0023311860859394073
GAS,BAD,UCB_WITHOUT_VAE_UNCERTAINTY,59,Q loss,548,0.0025508604012429714
GAS,BAD,UCB_WITHOUT_VAE_UNCERTAINTY,59,Q loss,549,0.0009057073621079326
GAS,BAD,UCB_WITHOUT_VAE_UNCERTAINTY,59,Q loss,550,0.0028476479928940535
GAS,BAD,UCB_WITHOUT_VAE_UNCERTAINTY,59,Q loss,551,0.0028801315929740667
GAS,BAD,UCB_WITHOUT_VAE_UNCERTAINTY,59,Q loss,552,0.0019435377325862646
GAS,BAD,UCB_WITHOUT_VAE_UNCERTAINTY,59,Q loss,553,0.004668618086725473
GAS,BAD,UCB_WITHOUT_VAE_UNCERTAINTY,59,Q loss,554,0.0008769709384068847
GAS,BAD,UCB_WITHOUT_VAE_UNCERTAINTY,59,Q loss,555,0.0015041909646242857
GAS,BAD,UCB_WITHOUT_VAE_UNCERTAINTY,59,Q loss,556,0.005480396095663309
GAS,BAD,UCB_WITHOUT_VAE_UNCERTAINTY,59,Q loss,557,0.002863897243514657
GAS,BAD,UCB_WITHOUT_VAE_UNCERTAINTY,59,Q loss,558,0.0014539385447278619
GAS,BAD,UCB_WITHOUT_VAE_UNCERTAINTY,59,Q loss,559,0.002772287465631962
GAS,BAD,UCB_WITHOUT_VAE_UNCERTAINTY,59,Q loss,560,0.0009510927484370768
GAS,BAD,UCB_WITHOUT_VAE_UNCERTAINTY,59,Q loss,561,0.002128230407834053
GAS,BAD,UCB_WITHOUT_VAE_UNCERTAINTY,59,Q loss,562,0.0016478708712384105
GAS,BAD,UCB_WITHOUT_VAE_UNCERTAINTY,59,Q loss,563,0.0075311255641281605
GAS,BAD,UCB_WITHOUT_VAE_UNCERTAINTY,59,Q loss,564,0.0009531179093755782
GAS,BAD,UCB_WITHOUT_VAE_UNCERTAINTY,59,Q loss,565,0.0007220904226414859
GAS,BAD,UCB_WITHOUT_VAE_UNCERTAINTY,59,Q loss,566,0.001848819199949503
GAS,BAD,UCB_WITHOUT_VAE_UNCERTAINTY,59,Q loss,567,0.0018257491756230593
GAS,BAD,UCB_WITHOUT_VAE_UNCERTAINTY,59,Q loss,568,0.002071550115942955
GAS,BAD,UCB_WITHOUT_VAE_UNCERTAINTY,59,Q loss,569,0.0035188538022339344
GAS,BAD,UCB_WITHOUT_VAE_UNCERTAINTY,59,Q loss,570,0.003872614586725831
GAS,BAD,UCB_WITHOUT_VAE_UNCERTAINTY,59,Q loss,571,0.0011005736887454987
GAS,BAD,UCB_WITHOUT_VAE_UNCERTAINTY,59,Q loss,572,0.004132900387048721
GAS,BAD,UCB_WITHOUT_VAE_UNCERTAINTY,59,Q loss,573,0.0039277514442801476
GAS,BAD,UCB_WITHOUT_VAE_UNCERTAINTY,59,Q loss,574,0.004682660568505526
GAS,BAD,UCB_WITHOUT_VAE_UNCERTAINTY,59,Q loss,575,0.0029757064767181873
GAS,BAD,UCB_WITHOUT_VAE_UNCERTAINTY,59,Q loss,576,0.0019607015419751406
GAS,BAD,UCB_WITHOUT_VAE_UNCERTAINTY,59,Q loss,577,0.00430045323446393
GAS,BAD,UCB_WITHOUT_VAE_UNCERTAINTY,59,Q loss,578,0.0006072769756428897
GAS,BAD,UCB_WITHOUT_VAE_UNCERTAINTY,59,Q loss,579,0.0016364664770662785
GAS,BAD,UCB_WITHOUT_VAE_UNCERTAINTY,59,Q loss,580,0.003322285134345293
GAS,BAD,UCB_WITHOUT_VAE_UNCERTAINTY,59,Q loss,581,0.003992749378085136
GAS,BAD,UCB_WITHOUT_VAE_UNCERTAINTY,59,Q loss,582,0.0013035130687057972
GAS,BAD,UCB_WITHOUT_VAE_UNCERTAINTY,59,Q loss,583,0.004221092443913221
GAS,BAD,UCB_WITHOUT_VAE_UNCERTAINTY,59,Q loss,584,0.006095768418163061
GAS,BAD,UCB_WITHOUT_VAE_UNCERTAINTY,59,Q loss,585,0.001311965985223651
GAS,BAD,UCB_WITHOUT_VAE_UNCERTAINTY,59,Q loss,586,0.0011310051195323467
GAS,BAD,UCB_WITHOUT_VAE_UNCERTAINTY,59,Q loss,587,0.004012986086308956
GAS,BAD,UCB_WITHOUT_VAE_UNCERTAINTY,59,Q loss,588,0.0015962653560563922
GAS,BAD,UCB_WITHOUT_VAE_UNCERTAINTY,59,Q loss,589,0.006969551555812359
GAS,BAD,UCB_WITHOUT_VAE_UNCERTAINTY,59,Q loss,590,0.0016096490435302258
GAS,BAD,UCB_WITHOUT_VAE_UNCERTAINTY,59,Q loss,591,0.00399036705493927
GAS,BAD,UCB_WITHOUT_VAE_UNCERTAINTY,59,Q loss,592,0.002167122671380639
GAS,BAD,UCB_WITHOUT_VAE_UNCERTAINTY,59,Q loss,593,0.004328192677348852
GAS,BAD,UCB_WITHOUT_VAE_UNCERTAINTY,59,Q loss,594,0.0033048558980226517
GAS,BAD,UCB_WITHOUT_VAE_UNCERTAINTY,59,Q loss,595,0.0017576279351487756
GAS,BAD,UCB_WITHOUT_VAE_UNCERTAINTY,59,Q loss,596,0.001125025562942028
GAS,BAD,UCB_WITHOUT_VAE_UNCERTAINTY,59,Q loss,597,0.003041090676560998
GAS,BAD,UCB_WITHOUT_VAE_UNCERTAINTY,59,Q loss,598,0.001476482953876257
GAS,BAD,UCB_WITHOUT_VAE_UNCERTAINTY,59,Q loss,599,0.006978446617722511
GAS,BAD,UCB_WITHOUT_VAE_UNCERTAINTY,59,Q loss,600,0.0013964074896648526
GAS,BAD,UCB_WITHOUT_VAE_UNCERTAINTY,59,Q loss,601,0.004358626436442137
GAS,BAD,UCB_WITHOUT_VAE_UNCERTAINTY,59,Q loss,602,0.0006201426731422544
GAS,BAD,UCB_WITHOUT_VAE_UNCERTAINTY,59,Q loss,603,0.0010480496566742659
GAS,BAD,UCB_WITHOUT_VAE_UNCERTAINTY,59,Q loss,604,0.0016759843565523624
GAS,BAD,UCB_WITHOUT_VAE_UNCERTAINTY,59,Q loss,605,0.0013664047000929713
GAS,BAD,UCB_WITHOUT_VAE_UNCERTAINTY,59,Q loss,606,0.001731213298626244
GAS,BAD,UCB_WITHOUT_VAE_UNCERTAINTY,59,Q loss,607,0.0025911787524819374
GAS,BAD,UCB_WITHOUT_VAE_UNCERTAINTY,59,Q loss,608,0.0030282745137810707
GAS,BAD,UCB_WITHOUT_VAE_UNCERTAINTY,59,Q loss,609,0.001468269620090723
GAS,BAD,UCB_WITHOUT_VAE_UNCERTAINTY,59,Q loss,610,0.0015138461021706462
GAS,BAD,UCB_WITHOUT_VAE_UNCERTAINTY,59,Q loss,611,0.0012271263403818011
GAS,BAD,UCB_WITHOUT_VAE_UNCERTAINTY,59,Q loss,612,0.0016002984484657645
GAS,BAD,UCB_WITHOUT_VAE_UNCERTAINTY,59,Q loss,613,0.0011421780800446868
GAS,BAD,UCB_WITHOUT_VAE_UNCERTAINTY,59,Q loss,614,0.002228665165603161
GAS,BAD,UCB_WITHOUT_VAE_UNCERTAINTY,59,Q loss,615,0.0027462197467684746
GAS,BAD,UCB_WITHOUT_VAE_UNCERTAINTY,59,Q loss,616,0.0014129230985417962
GAS,BAD,UCB_WITHOUT_VAE_UNCERTAINTY,59,Q loss,617,0.00730856042355299
GAS,BAD,UCB_WITHOUT_VAE_UNCERTAINTY,59,Q loss,618,0.0009907037019729614
GAS,BAD,UCB_WITHOUT_VAE_UNCERTAINTY,59,Q loss,619,0.00802190974354744
GAS,BAD,UCB_WITHOUT_VAE_UNCERTAINTY,59,Q loss,620,0.00284057785756886
GAS,BAD,UCB_WITHOUT_VAE_UNCERTAINTY,59,Q loss,621,0.0015478050336241722
GAS,BAD,UCB_WITHOUT_VAE_UNCERTAINTY,59,Q loss,622,0.0024186172522604465
GAS,BAD,UCB_WITHOUT_VAE_UNCERTAINTY,59,Q loss,623,0.0014955789083614945
GAS,BAD,UCB_WITHOUT_VAE_UNCERTAINTY,59,Q loss,624,0.0018542921170592308
GAS,BAD,UCB_WITHOUT_VAE_UNCERTAINTY,59,Q loss,625,0.002222588751465082
GAS,BAD,UCB_WITHOUT_VAE_UNCERTAINTY,59,Q loss,626,0.000579418963752687
GAS,BAD,UCB_WITHOUT_VAE_UNCERTAINTY,59,Q loss,627,0.0018284469842910767
GAS,BAD,UCB_WITHOUT_VAE_UNCERTAINTY,59,Q loss,628,0.0016405575443059206
GAS,BAD,UCB_WITHOUT_VAE_UNCERTAINTY,59,Q loss,629,0.005607806611806154
GAS,BAD,UCB_WITHOUT_VAE_UNCERTAINTY,59,Q loss,630,0.0007633627392351627
GAS,BAD,UCB_WITHOUT_VAE_UNCERTAINTY,59,Q loss,631,0.0008922076085582376
GAS,BAD,UCB_WITHOUT_VAE_UNCERTAINTY,59,Q loss,632,0.001510560279712081
GAS,BAD,UCB_WITHOUT_VAE_UNCERTAINTY,59,Q loss,633,0.002592986449599266
GAS,BAD,UCB_WITHOUT_VAE_UNCERTAINTY,59,Q loss,634,0.00888017751276493
GAS,BAD,UCB_WITHOUT_VAE_UNCERTAINTY,59,Q loss,635,0.013444347307085991
GAS,BAD,UCB_WITHOUT_VAE_UNCERTAINTY,59,Q loss,636,0.0007439012988470495
GAS,BAD,UCB_WITHOUT_VAE_UNCERTAINTY,59,Q loss,637,0.0012491312809288502
GAS,BAD,UCB_WITHOUT_VAE_UNCERTAINTY,59,Q loss,638,0.001213893643580377
GAS,BAD,UCB_WITHOUT_VAE_UNCERTAINTY,59,Q loss,639,0.0008438433287665248
GAS,BAD,UCB_WITHOUT_VAE_UNCERTAINTY,59,Q loss,640,0.0031977039761841297
GAS,BAD,UCB_WITHOUT_VAE_UNCERTAINTY,59,Q loss,641,0.0009718105429783463
GAS,BAD,UCB_WITHOUT_VAE_UNCERTAINTY,59,Q loss,642,0.0013306946493685246
GAS,BAD,UCB_WITHOUT_VAE_UNCERTAINTY,59,Q loss,643,0.001774311764165759
GAS,BAD,UCB_WITHOUT_VAE_UNCERTAINTY,59,Q loss,644,0.0005831669550389051
GAS,BAD,UCB_WITHOUT_VAE_UNCERTAINTY,59,Q loss,645,0.0019363339524716139
GAS,BAD,UCB_WITHOUT_VAE_UNCERTAINTY,59,Q loss,646,0.005821192171424627
GAS,BAD,UCB_WITHOUT_VAE_UNCERTAINTY,59,Q loss,647,0.002568175783380866
GAS,BAD,UCB_WITHOUT_VAE_UNCERTAINTY,59,Q loss,648,0.001075148582458496
GAS,BAD,UCB_WITHOUT_VAE_UNCERTAINTY,59,Q loss,649,0.001301113748922944
GAS,BAD,UCB_WITHOUT_VAE_UNCERTAINTY,59,Q loss,650,0.0016979487845674157
GAS,BAD,UCB_WITHOUT_VAE_UNCERTAINTY,59,Q loss,651,0.0019674585200846195
GAS,BAD,UCB_WITHOUT_VAE_UNCERTAINTY,59,Q loss,652,0.002705991268157959
GAS,BAD,UCB_WITHOUT_VAE_UNCERTAINTY,59,Q loss,653,0.008419305086135864
GAS,BAD,UCB_WITHOUT_VAE_UNCERTAINTY,59,Q loss,654,0.0012090328382328153
GAS,BAD,UCB_WITHOUT_VAE_UNCERTAINTY,59,Q loss,655,0.0008606295450590551
GAS,BAD,UCB_WITHOUT_VAE_UNCERTAINTY,59,Q loss,656,0.001294206129387021
GAS,BAD,UCB_WITHOUT_VAE_UNCERTAINTY,59,Q loss,657,0.0017770861741155386
GAS,BAD,UCB_WITHOUT_VAE_UNCERTAINTY,59,Q loss,658,0.001096359919756651
GAS,BAD,UCB_WITHOUT_VAE_UNCERTAINTY,59,Q loss,659,0.003151611890643835
GAS,BAD,UCB_WITHOUT_VAE_UNCERTAINTY,59,Q loss,660,0.0032652581576257944
GAS,BAD,UCB_WITHOUT_VAE_UNCERTAINTY,59,Q loss,661,0.0010653123026713729
GAS,BAD,UCB_WITHOUT_VAE_UNCERTAINTY,59,Q loss,662,0.0019809692166745663
GAS,BAD,UCB_WITHOUT_VAE_UNCERTAINTY,59,Q loss,663,0.0008598520653322339
GAS,BAD,UCB_WITHOUT_VAE_UNCERTAINTY,59,Q loss,664,0.0032282641623169184
GAS,BAD,UCB_WITHOUT_VAE_UNCERTAINTY,59,Q loss,665,0.0027890317142009735
GAS,BAD,UCB_WITHOUT_VAE_UNCERTAINTY,59,Q loss,666,0.002269220072776079
GAS,BAD,UCB_WITHOUT_VAE_UNCERTAINTY,59,Q loss,667,0.0020235921256244183
GAS,BAD,UCB_WITHOUT_VAE_UNCERTAINTY,59,Q loss,668,0.0012745097046718001
GAS,BAD,UCB_WITHOUT_VAE_UNCERTAINTY,59,Q loss,669,0.0012012815568596125
GAS,BAD,UCB_WITHOUT_VAE_UNCERTAINTY,59,Q loss,670,0.0027821450494229794
GAS,BAD,UCB_WITHOUT_VAE_UNCERTAINTY,59,Q loss,671,0.0011124920565634966
GAS,BAD,UCB_WITHOUT_VAE_UNCERTAINTY,59,Q loss,672,0.0014155707322061062
GAS,BAD,UCB_WITHOUT_VAE_UNCERTAINTY,59,Q loss,673,0.0016504712402820587
GAS,BAD,UCB_WITHOUT_VAE_UNCERTAINTY,59,Q loss,674,0.0035617686808109283
GAS,BAD,UCB_WITHOUT_VAE_UNCERTAINTY,59,Q loss,675,0.0016251958440989256
GAS,BAD,UCB_WITHOUT_VAE_UNCERTAINTY,59,Q loss,676,0.0012126854853704572
GAS,BAD,UCB_WITHOUT_VAE_UNCERTAINTY,59,Q loss,677,0.00251031294465065
GAS,BAD,UCB_WITHOUT_VAE_UNCERTAINTY,59,Q loss,678,0.0016151299932971597
GAS,BAD,UCB_WITHOUT_VAE_UNCERTAINTY,59,Q loss,679,0.0033464219886809587
GAS,BAD,UCB_WITHOUT_VAE_UNCERTAINTY,59,Q loss,680,0.0010797712020576
GAS,BAD,UCB_WITHOUT_VAE_UNCERTAINTY,59,Q loss,681,0.0021845102310180664
GAS,BAD,UCB_WITHOUT_VAE_UNCERTAINTY,59,Q loss,682,0.0032692402601242065
GAS,BAD,UCB_WITHOUT_VAE_UNCERTAINTY,59,Q loss,683,0.001211798400618136
GAS,BAD,UCB_WITHOUT_VAE_UNCERTAINTY,59,Q loss,684,0.0020275991410017014
GAS,BAD,UCB_WITHOUT_VAE_UNCERTAINTY,59,Q loss,685,0.0009598009055480361
GAS,BAD,UCB_WITHOUT_VAE_UNCERTAINTY,59,Q loss,686,0.0012649705167859793
GAS,BAD,UCB_WITHOUT_VAE_UNCERTAINTY,59,Q loss,687,0.002807610435411334
GAS,BAD,UCB_WITHOUT_VAE_UNCERTAINTY,59,Q loss,688,0.003748791990801692
GAS,BAD,UCB_WITHOUT_VAE_UNCERTAINTY,59,Q loss,689,0.0029900572262704372
GAS,BAD,UCB_WITHOUT_VAE_UNCERTAINTY,59,Q loss,690,0.0006824652664363384
GAS,BAD,UCB_WITHOUT_VAE_UNCERTAINTY,59,Q loss,691,0.003963241819292307
GAS,BAD,UCB_WITHOUT_VAE_UNCERTAINTY,59,Q loss,692,0.000727308914065361
GAS,BAD,UCB_WITHOUT_VAE_UNCERTAINTY,59,Q loss,693,0.0025394433178007603
GAS,BAD,UCB_WITHOUT_VAE_UNCERTAINTY,59,Q loss,694,0.0017418713541701436
GAS,BAD,UCB_WITHOUT_VAE_UNCERTAINTY,59,Q loss,695,0.001145757851190865
GAS,BAD,UCB_WITHOUT_VAE_UNCERTAINTY,59,Q loss,696,0.002285773167386651
GAS,BAD,UCB_WITHOUT_VAE_UNCERTAINTY,59,Q loss,697,0.0022371066734194756
GAS,BAD,UCB_WITHOUT_VAE_UNCERTAINTY,59,Q loss,698,0.0008718650788068771
GAS,BAD,UCB_WITHOUT_VAE_UNCERTAINTY,59,Q loss,699,0.0015630954876542091
GAS,BAD,UCB_WITHOUT_VAE_UNCERTAINTY,59,Q loss,700,0.0014176794793456793
GAS,BAD,UCB_WITHOUT_VAE_UNCERTAINTY,59,Q loss,701,0.0009647335973568261
GAS,BAD,UCB_WITHOUT_VAE_UNCERTAINTY,59,Q loss,702,0.0015460752183571458
GAS,BAD,UCB_WITHOUT_VAE_UNCERTAINTY,59,Q loss,703,0.001510194269940257
GAS,BAD,UCB_WITHOUT_VAE_UNCERTAINTY,59,Q loss,704,0.0010392008116468787
GAS,BAD,UCB_WITHOUT_VAE_UNCERTAINTY,59,Q loss,705,0.002912950236350298
GAS,BAD,UCB_WITHOUT_VAE_UNCERTAINTY,59,Q loss,706,0.003766116686165333
GAS,BAD,UCB_WITHOUT_VAE_UNCERTAINTY,59,Q loss,707,0.009232436306774616
GAS,BAD,UCB_WITHOUT_VAE_UNCERTAINTY,59,Q loss,708,0.001403643749654293
GAS,BAD,UCB_WITHOUT_VAE_UNCERTAINTY,59,Q loss,709,0.003122804220765829
GAS,BAD,UCB_WITHOUT_VAE_UNCERTAINTY,59,Q loss,710,0.0015097497962415218
GAS,BAD,UCB_WITHOUT_VAE_UNCERTAINTY,59,Q loss,711,0.00038906960980966687
GAS,BAD,UCB_WITHOUT_VAE_UNCERTAINTY,59,Q loss,712,0.0007289556670002639
GAS,BAD,UCB_WITHOUT_VAE_UNCERTAINTY,59,Q loss,713,0.0010853661224246025
GAS,BAD,UCB_WITHOUT_VAE_UNCERTAINTY,59,Q loss,714,0.0014359927736222744
GAS,BAD,UCB_WITHOUT_VAE_UNCERTAINTY,59,Q loss,715,0.0025437232106924057
GAS,BAD,UCB_WITHOUT_VAE_UNCERTAINTY,59,Q loss,716,0.0010490145068615675
GAS,BAD,UCB_WITHOUT_VAE_UNCERTAINTY,59,Q loss,717,0.002697522286325693
GAS,BAD,UCB_WITHOUT_VAE_UNCERTAINTY,59,Q loss,718,0.0019586749840527773
GAS,BAD,UCB_WITHOUT_VAE_UNCERTAINTY,59,Q loss,719,0.0038875939790159464
GAS,BAD,UCB_WITHOUT_VAE_UNCERTAINTY,59,Q loss,720,0.005095206666737795
GAS,BAD,UCB_WITHOUT_VAE_UNCERTAINTY,59,Q loss,721,0.0008210223750211298
GAS,BAD,UCB_WITHOUT_VAE_UNCERTAINTY,59,Q loss,722,0.0019524656236171722
GAS,BAD,UCB_WITHOUT_VAE_UNCERTAINTY,59,Q loss,723,0.002756006084382534
GAS,BAD,UCB_WITHOUT_VAE_UNCERTAINTY,59,Q loss,724,0.0028025556821376085
GAS,BAD,UCB_WITHOUT_VAE_UNCERTAINTY,59,Q loss,725,0.005001148208975792
GAS,BAD,UCB_WITHOUT_VAE_UNCERTAINTY,59,Q loss,726,0.002003528643399477
GAS,BAD,UCB_WITHOUT_VAE_UNCERTAINTY,59,Q loss,727,0.0038300463929772377
GAS,BAD,UCB_WITHOUT_VAE_UNCERTAINTY,59,Q loss,728,0.0010711161885410547
GAS,BAD,UCB_WITHOUT_VAE_UNCERTAINTY,59,Q loss,729,0.0003435961261857301
GAS,BAD,UCB_WITHOUT_VAE_UNCERTAINTY,59,Q loss,730,0.0018561858450993896
GAS,BAD,UCB_WITHOUT_VAE_UNCERTAINTY,59,Q loss,731,0.0027636527083814144
GAS,BAD,UCB_WITHOUT_VAE_UNCERTAINTY,59,Q loss,732,0.0014383383095264435
GAS,BAD,UCB_WITHOUT_VAE_UNCERTAINTY,59,Q loss,733,0.0033847009763121605
GAS,BAD,UCB_WITHOUT_VAE_UNCERTAINTY,59,Q loss,734,0.0015815398655831814
GAS,BAD,UCB_WITHOUT_VAE_UNCERTAINTY,59,Q loss,735,0.001829212298616767
GAS,BAD,UCB_WITHOUT_VAE_UNCERTAINTY,59,Q loss,736,0.001321385963819921
GAS,BAD,UCB_WITHOUT_VAE_UNCERTAINTY,59,Q loss,737,0.0037325837183743715
GAS,BAD,UCB_WITHOUT_VAE_UNCERTAINTY,59,Q loss,738,0.0020051561295986176
GAS,BAD,UCB_WITHOUT_VAE_UNCERTAINTY,59,Q loss,739,0.0011894302442669868
GAS,BAD,UCB_WITHOUT_VAE_UNCERTAINTY,59,Q loss,740,0.0012565823271870613
GAS,BAD,UCB_WITHOUT_VAE_UNCERTAINTY,59,Q loss,741,0.0026534220669418573
GAS,BAD,UCB_WITHOUT_VAE_UNCERTAINTY,59,Q loss,742,0.0021510664373636246
GAS,BAD,UCB_WITHOUT_VAE_UNCERTAINTY,59,Q loss,743,0.00241747684776783
GAS,BAD,UCB_WITHOUT_VAE_UNCERTAINTY,59,Q loss,744,0.0007110045989975333
GAS,BAD,UCB_WITHOUT_VAE_UNCERTAINTY,59,Q loss,745,0.004060401581227779
GAS,BAD,UCB_WITHOUT_VAE_UNCERTAINTY,59,Q loss,746,0.003658240893855691
GAS,BAD,UCB_WITHOUT_VAE_UNCERTAINTY,59,Q loss,747,0.0009617163450457156
GAS,BAD,UCB_WITHOUT_VAE_UNCERTAINTY,59,Q loss,748,0.0012961954344063997
GAS,BAD,UCB_WITHOUT_VAE_UNCERTAINTY,59,Q loss,749,0.0015022868756204844
GAS,BAD,UCB_WITHOUT_VAE_UNCERTAINTY,59,Q loss,750,0.001683617476373911
GAS,BAD,UCB_WITHOUT_VAE_UNCERTAINTY,59,Q loss,751,0.003146752715110779
GAS,BAD,UCB_WITHOUT_VAE_UNCERTAINTY,59,Q loss,752,0.0019690459594130516
GAS,BAD,UCB_WITHOUT_VAE_UNCERTAINTY,59,Q loss,753,0.0006607873947359622
GAS,BAD,UCB_WITHOUT_VAE_UNCERTAINTY,59,Q loss,754,0.0024559039156883955
GAS,BAD,UCB_WITHOUT_VAE_UNCERTAINTY,59,Q loss,755,0.0016994676552712917
GAS,BAD,UCB_WITHOUT_VAE_UNCERTAINTY,59,Q loss,756,0.0026740748435258865
GAS,BAD,UCB_WITHOUT_VAE_UNCERTAINTY,59,Q loss,757,0.0019069213885813951
GAS,BAD,UCB_WITHOUT_VAE_UNCERTAINTY,59,Q loss,758,0.00143438798841089
GAS,BAD,UCB_WITHOUT_VAE_UNCERTAINTY,59,Q loss,759,0.0029627904295921326
GAS,BAD,UCB_WITHOUT_VAE_UNCERTAINTY,59,Q loss,760,0.003994387574493885
GAS,BAD,UCB_WITHOUT_VAE_UNCERTAINTY,59,Q loss,761,0.0022782194428145885
GAS,BAD,UCB_WITHOUT_VAE_UNCERTAINTY,59,Q loss,762,0.0009406866156496108
GAS,BAD,UCB_WITHOUT_VAE_UNCERTAINTY,59,Q loss,763,0.0007320567965507507
GAS,BAD,UCB_WITHOUT_VAE_UNCERTAINTY,59,Q loss,764,0.0010618648957461119
GAS,BAD,UCB_WITHOUT_VAE_UNCERTAINTY,59,Q loss,765,0.000668391352519393
GAS,BAD,UCB_WITHOUT_VAE_UNCERTAINTY,59,Q loss,766,0.002604804467409849
GAS,BAD,UCB_WITHOUT_VAE_UNCERTAINTY,59,Q loss,767,0.0015055963303893805
GAS,BAD,UCB_WITHOUT_VAE_UNCERTAINTY,59,Q loss,768,0.0013474225997924805
GAS,BAD,UCB_WITHOUT_VAE_UNCERTAINTY,59,Q loss,769,0.0017347424291074276
GAS,BAD,UCB_WITHOUT_VAE_UNCERTAINTY,59,Q loss,770,0.0024886704050004482
GAS,BAD,UCB_WITHOUT_VAE_UNCERTAINTY,59,Q loss,771,0.0011594448005780578
GAS,BAD,UCB_WITHOUT_VAE_UNCERTAINTY,59,Q loss,772,0.0016716707032173872
GAS,BAD,UCB_WITHOUT_VAE_UNCERTAINTY,59,Q loss,773,0.0011417049681767821
GAS,BAD,UCB_WITHOUT_VAE_UNCERTAINTY,59,Q loss,774,0.0012917990097776055
GAS,BAD,UCB_WITHOUT_VAE_UNCERTAINTY,59,Q loss,775,0.0021017463877797127
GAS,BAD,UCB_WITHOUT_VAE_UNCERTAINTY,59,Q loss,776,0.001270974986255169
GAS,BAD,UCB_WITHOUT_VAE_UNCERTAINTY,59,Q loss,777,0.0019129619468003511
GAS,BAD,UCB_WITHOUT_VAE_UNCERTAINTY,59,Q loss,778,0.0039791809394955635
GAS,BAD,UCB_WITHOUT_VAE_UNCERTAINTY,59,Q loss,779,0.0011824078392237425
GAS,BAD,UCB_WITHOUT_VAE_UNCERTAINTY,59,Q loss,780,0.0020409629214555025
GAS,BAD,UCB_WITHOUT_VAE_UNCERTAINTY,59,Q loss,781,0.0020836081821471453
GAS,BAD,UCB_WITHOUT_VAE_UNCERTAINTY,59,Q loss,782,0.0016909691039472818
GAS,BAD,UCB_WITHOUT_VAE_UNCERTAINTY,59,Q loss,783,0.003859330900013447
GAS,BAD,UCB_WITHOUT_VAE_UNCERTAINTY,59,Q loss,784,0.0011754303704947233
GAS,BAD,UCB_WITHOUT_VAE_UNCERTAINTY,59,Q loss,785,0.000719475734513253
GAS,BAD,UCB_WITHOUT_VAE_UNCERTAINTY,59,Q loss,786,0.001005647936835885
GAS,BAD,UCB_WITHOUT_VAE_UNCERTAINTY,59,Q loss,787,0.0035275276750326157
GAS,BAD,UCB_WITHOUT_VAE_UNCERTAINTY,59,Q loss,788,0.0019276876701042056
GAS,BAD,UCB_WITHOUT_VAE_UNCERTAINTY,59,Q loss,789,0.002432358218356967
GAS,BAD,UCB_WITHOUT_VAE_UNCERTAINTY,59,Q loss,790,0.0019088225672021508
GAS,BAD,UCB_WITHOUT_VAE_UNCERTAINTY,59,Q loss,791,0.0031016997527331114
GAS,BAD,UCB_WITHOUT_VAE_UNCERTAINTY,59,Q loss,792,0.0007673143991269171
GAS,BAD,UCB_WITHOUT_VAE_UNCERTAINTY,59,Q loss,793,0.0027025830931961536
GAS,BAD,UCB_WITHOUT_VAE_UNCERTAINTY,59,Q loss,794,0.0014293808490037918
GAS,BAD,UCB_WITHOUT_VAE_UNCERTAINTY,59,Q loss,795,0.0015131139662116766
GAS,BAD,UCB_WITHOUT_VAE_UNCERTAINTY,59,Q loss,796,0.0003098715387750417
GAS,BAD,UCB_WITHOUT_VAE_UNCERTAINTY,59,Q loss,797,0.008662957698106766
GAS,BAD,UCB_WITHOUT_VAE_UNCERTAINTY,59,Q loss,798,0.002543575130403042
GAS,BAD,UCB_WITHOUT_VAE_UNCERTAINTY,59,Q loss,799,0.0007790511008352041
GAS,BAD,UCB_WITHOUT_VAE_UNCERTAINTY,59,Q loss,800,0.0014772554859519005
GAS,BAD,UCB_WITHOUT_VAE_UNCERTAINTY,59,Q loss,801,0.0021700100041925907
GAS,BAD,UCB_WITHOUT_VAE_UNCERTAINTY,59,Q loss,802,0.0016066646203398705
GAS,BAD,UCB_WITHOUT_VAE_UNCERTAINTY,59,Q loss,803,0.0005679652676917613
GAS,BAD,UCB_WITHOUT_VAE_UNCERTAINTY,59,Q loss,804,0.0009118232410401106
GAS,BAD,UCB_WITHOUT_VAE_UNCERTAINTY,59,Q loss,805,0.0007663883734494448
GAS,BAD,UCB_WITHOUT_VAE_UNCERTAINTY,59,Q loss,806,0.003038294380530715
GAS,BAD,UCB_WITHOUT_VAE_UNCERTAINTY,59,Q loss,807,0.0014110207557678223
GAS,BAD,UCB_WITHOUT_VAE_UNCERTAINTY,59,Q loss,808,0.0016706016613170505
GAS,BAD,UCB_WITHOUT_VAE_UNCERTAINTY,59,Q loss,809,0.0066275824792683125
GAS,BAD,UCB_WITHOUT_VAE_UNCERTAINTY,59,Cost loss,0,0.09443119168281555
GAS,BAD,UCB_WITHOUT_VAE_UNCERTAINTY,59,Cost loss,1,0.09270196408033371
GAS,BAD,UCB_WITHOUT_VAE_UNCERTAINTY,59,Cost loss,2,0.09331431239843369
GAS,BAD,UCB_WITHOUT_VAE_UNCERTAINTY,59,Cost loss,3,0.09067872166633606
GAS,BAD,UCB_WITHOUT_VAE_UNCERTAINTY,59,Cost loss,4,0.08938568830490112
GAS,BAD,UCB_WITHOUT_VAE_UNCERTAINTY,59,Cost loss,5,0.08849158883094788
GAS,BAD,UCB_WITHOUT_VAE_UNCERTAINTY,59,Cost loss,6,0.08776119351387024
GAS,BAD,UCB_WITHOUT_VAE_UNCERTAINTY,59,Cost loss,7,0.08709950745105743
GAS,BAD,UCB_WITHOUT_VAE_UNCERTAINTY,59,Cost loss,8,0.08621785044670105
GAS,BAD,UCB_WITHOUT_VAE_UNCERTAINTY,59,Cost loss,9,0.08597620576620102
GAS,BAD,UCB_WITHOUT_VAE_UNCERTAINTY,59,Cost loss,10,0.08339783549308777
GAS,BAD,UCB_WITHOUT_VAE_UNCERTAINTY,59,Cost loss,11,0.08160384744405746
GAS,BAD,UCB_WITHOUT_VAE_UNCERTAINTY,59,Cost loss,12,0.07893262803554535
GAS,BAD,UCB_WITHOUT_VAE_UNCERTAINTY,59,Cost loss,13,0.07941849529743195
GAS,BAD,UCB_WITHOUT_VAE_UNCERTAINTY,59,Cost loss,14,0.07656805217266083
GAS,BAD,UCB_WITHOUT_VAE_UNCERTAINTY,59,Cost loss,15,0.07709704339504242
GAS,BAD,UCB_WITHOUT_VAE_UNCERTAINTY,59,Cost loss,16,0.07850590348243713
GAS,BAD,UCB_WITHOUT_VAE_UNCERTAINTY,59,Cost loss,17,0.07623396813869476
GAS,BAD,UCB_WITHOUT_VAE_UNCERTAINTY,59,Cost loss,18,0.07326510548591614
GAS,BAD,UCB_WITHOUT_VAE_UNCERTAINTY,59,Cost loss,19,0.07409323751926422
GAS,BAD,UCB_WITHOUT_VAE_UNCERTAINTY,59,Cost loss,20,0.07176811993122101
GAS,BAD,UCB_WITHOUT_VAE_UNCERTAINTY,59,Cost loss,21,0.07214125990867615
GAS,BAD,UCB_WITHOUT_VAE_UNCERTAINTY,59,Cost loss,22,0.0704377219080925
GAS,BAD,UCB_WITHOUT_VAE_UNCERTAINTY,59,Cost loss,23,0.07042770087718964
GAS,BAD,UCB_WITHOUT_VAE_UNCERTAINTY,59,Cost loss,24,0.06923599541187286
GAS,BAD,UCB_WITHOUT_VAE_UNCERTAINTY,59,Cost loss,25,0.06727636605501175
GAS,BAD,UCB_WITHOUT_VAE_UNCERTAINTY,59,Cost loss,26,0.06574223935604095
GAS,BAD,UCB_WITHOUT_VAE_UNCERTAINTY,59,Cost loss,27,0.06423597782850266
GAS,BAD,UCB_WITHOUT_VAE_UNCERTAINTY,59,Cost loss,28,0.06564648449420929
GAS,BAD,UCB_WITHOUT_VAE_UNCERTAINTY,59,Cost loss,29,0.06466241180896759
GAS,BAD,UCB_WITHOUT_VAE_UNCERTAINTY,59,Cost loss,30,0.06465746462345123
GAS,BAD,UCB_WITHOUT_VAE_UNCERTAINTY,59,Cost loss,31,0.06194155290722847
GAS,BAD,UCB_WITHOUT_VAE_UNCERTAINTY,59,Cost loss,32,0.060997605323791504
GAS,BAD,UCB_WITHOUT_VAE_UNCERTAINTY,59,Cost loss,33,0.06011824682354927
GAS,BAD,UCB_WITHOUT_VAE_UNCERTAINTY,59,Cost loss,34,0.057653117924928665
GAS,BAD,UCB_WITHOUT_VAE_UNCERTAINTY,59,Cost loss,35,0.05782139673829079
GAS,BAD,UCB_WITHOUT_VAE_UNCERTAINTY,59,Cost loss,36,0.05840696766972542
GAS,BAD,UCB_WITHOUT_VAE_UNCERTAINTY,59,Cost loss,37,0.05829913169145584
GAS,BAD,UCB_WITHOUT_VAE_UNCERTAINTY,59,Cost loss,38,0.055707141757011414
GAS,BAD,UCB_WITHOUT_VAE_UNCERTAINTY,59,Cost loss,39,0.05220554769039154
GAS,BAD,UCB_WITHOUT_VAE_UNCERTAINTY,59,Cost loss,40,0.053656645119190216
GAS,BAD,UCB_WITHOUT_VAE_UNCERTAINTY,59,Cost loss,41,0.05239524692296982
GAS,BAD,UCB_WITHOUT_VAE_UNCERTAINTY,59,Cost loss,42,0.050196822732686996
GAS,BAD,UCB_WITHOUT_VAE_UNCERTAINTY,59,Cost loss,43,0.0498187318444252
GAS,BAD,UCB_WITHOUT_VAE_UNCERTAINTY,59,Cost loss,44,0.0489126481115818
GAS,BAD,UCB_WITHOUT_VAE_UNCERTAINTY,59,Cost loss,45,0.05032995715737343
GAS,BAD,UCB_WITHOUT_VAE_UNCERTAINTY,59,Cost loss,46,0.04857686161994934
GAS,BAD,UCB_WITHOUT_VAE_UNCERTAINTY,59,Cost loss,47,0.04554056003689766
GAS,BAD,UCB_WITHOUT_VAE_UNCERTAINTY,59,Cost loss,48,0.04666857048869133
GAS,BAD,UCB_WITHOUT_VAE_UNCERTAINTY,59,Cost loss,49,0.04551180079579353
GAS,BAD,UCB_WITHOUT_VAE_UNCERTAINTY,59,Cost loss,50,0.045007526874542236
GAS,BAD,UCB_WITHOUT_VAE_UNCERTAINTY,59,Cost loss,51,0.043000634759664536
GAS,BAD,UCB_WITHOUT_VAE_UNCERTAINTY,59,Cost loss,52,0.04486245661973953
GAS,BAD,UCB_WITHOUT_VAE_UNCERTAINTY,59,Cost loss,53,0.04236855357885361
GAS,BAD,UCB_WITHOUT_VAE_UNCERTAINTY,59,Cost loss,54,0.04136403650045395
GAS,BAD,UCB_WITHOUT_VAE_UNCERTAINTY,59,Cost loss,55,0.04091493785381317
GAS,BAD,UCB_WITHOUT_VAE_UNCERTAINTY,59,Cost loss,56,0.0408964529633522
GAS,BAD,UCB_WITHOUT_VAE_UNCERTAINTY,59,Cost loss,57,0.03910914808511734
GAS,BAD,UCB_WITHOUT_VAE_UNCERTAINTY,59,Cost loss,58,0.036945998668670654
GAS,BAD,UCB_WITHOUT_VAE_UNCERTAINTY,59,Cost loss,59,0.03920166194438934
GAS,BAD,UCB_WITHOUT_VAE_UNCERTAINTY,59,Cost loss,60,0.03669136390089989
GAS,BAD,UCB_WITHOUT_VAE_UNCERTAINTY,59,Cost loss,61,0.0376315601170063
GAS,BAD,UCB_WITHOUT_VAE_UNCERTAINTY,59,Cost loss,62,0.03459535166621208
GAS,BAD,UCB_WITHOUT_VAE_UNCERTAINTY,59,Cost loss,63,0.03638756647706032
GAS,BAD,UCB_WITHOUT_VAE_UNCERTAINTY,59,Cost loss,64,0.036166056990623474
GAS,BAD,UCB_WITHOUT_VAE_UNCERTAINTY,59,Cost loss,65,0.03533923625946045
GAS,BAD,UCB_WITHOUT_VAE_UNCERTAINTY,59,Cost loss,66,0.034001048654317856
GAS,BAD,UCB_WITHOUT_VAE_UNCERTAINTY,59,Cost loss,67,0.03435469791293144
GAS,BAD,UCB_WITHOUT_VAE_UNCERTAINTY,59,Cost loss,68,0.03322061896324158
GAS,BAD,UCB_WITHOUT_VAE_UNCERTAINTY,59,Cost loss,69,0.03313160687685013
GAS,BAD,UCB_WITHOUT_VAE_UNCERTAINTY,59,Cost loss,70,0.031035717576742172
GAS,BAD,UCB_WITHOUT_VAE_UNCERTAINTY,59,Cost loss,71,0.029809024184942245
GAS,BAD,UCB_WITHOUT_VAE_UNCERTAINTY,59,Cost loss,72,0.031434498727321625
GAS,BAD,UCB_WITHOUT_VAE_UNCERTAINTY,59,Cost loss,73,0.029561873525381088
GAS,BAD,UCB_WITHOUT_VAE_UNCERTAINTY,59,Cost loss,74,0.029346831142902374
GAS,BAD,UCB_WITHOUT_VAE_UNCERTAINTY,59,Cost loss,75,0.028619548305869102
GAS,BAD,UCB_WITHOUT_VAE_UNCERTAINTY,59,Cost loss,76,0.026113087311387062
GAS,BAD,UCB_WITHOUT_VAE_UNCERTAINTY,59,Cost loss,77,0.026657214388251305
GAS,BAD,UCB_WITHOUT_VAE_UNCERTAINTY,59,Cost loss,78,0.026803256943821907
GAS,BAD,UCB_WITHOUT_VAE_UNCERTAINTY,59,Cost loss,79,0.026310570538043976
GAS,BAD,UCB_WITHOUT_VAE_UNCERTAINTY,59,Cost loss,80,0.024826524779200554
GAS,BAD,UCB_WITHOUT_VAE_UNCERTAINTY,59,Cost loss,81,0.02463916502892971
GAS,BAD,UCB_WITHOUT_VAE_UNCERTAINTY,59,Cost loss,82,0.0248030386865139
GAS,BAD,UCB_WITHOUT_VAE_UNCERTAINTY,59,Cost loss,83,0.02402413636445999
GAS,BAD,UCB_WITHOUT_VAE_UNCERTAINTY,59,Cost loss,84,0.024010151624679565
GAS,BAD,UCB_WITHOUT_VAE_UNCERTAINTY,59,Cost loss,85,0.02238227054476738
GAS,BAD,UCB_WITHOUT_VAE_UNCERTAINTY,59,Cost loss,86,0.023149974644184113
GAS,BAD,UCB_WITHOUT_VAE_UNCERTAINTY,59,Cost loss,87,0.021962299942970276
GAS,BAD,UCB_WITHOUT_VAE_UNCERTAINTY,59,Cost loss,88,0.021664638072252274
GAS,BAD,UCB_WITHOUT_VAE_UNCERTAINTY,59,Cost loss,89,0.02142736129462719
GAS,BAD,UCB_WITHOUT_VAE_UNCERTAINTY,59,Cost loss,90,0.021549556404352188
GAS,BAD,UCB_WITHOUT_VAE_UNCERTAINTY,59,Cost loss,91,0.01969209313392639
GAS,BAD,UCB_WITHOUT_VAE_UNCERTAINTY,59,Cost loss,92,0.019201651215553284
GAS,BAD,UCB_WITHOUT_VAE_UNCERTAINTY,59,Cost loss,93,0.018596816807985306
GAS,BAD,UCB_WITHOUT_VAE_UNCERTAINTY,59,Cost loss,94,0.019881978631019592
GAS,BAD,UCB_WITHOUT_VAE_UNCERTAINTY,59,Cost loss,95,0.01936960592865944
GAS,BAD,UCB_WITHOUT_VAE_UNCERTAINTY,59,Cost loss,96,0.01817604899406433
GAS,BAD,UCB_WITHOUT_VAE_UNCERTAINTY,59,Cost loss,97,0.017216593027114868
GAS,BAD,UCB_WITHOUT_VAE_UNCERTAINTY,59,Cost loss,98,0.01774648204445839
GAS,BAD,UCB_WITHOUT_VAE_UNCERTAINTY,59,Cost loss,99,0.018307404592633247
GAS,BAD,UCB_WITHOUT_VAE_UNCERTAINTY,59,Cost loss,100,0.017344869673252106
GAS,BAD,UCB_WITHOUT_VAE_UNCERTAINTY,59,Cost loss,101,0.01710522547364235
GAS,BAD,UCB_WITHOUT_VAE_UNCERTAINTY,59,Cost loss,102,0.01625891588628292
GAS,BAD,UCB_WITHOUT_VAE_UNCERTAINTY,59,Cost loss,103,0.015963025391101837
GAS,BAD,UCB_WITHOUT_VAE_UNCERTAINTY,59,Cost loss,104,0.01543225534260273
GAS,BAD,UCB_WITHOUT_VAE_UNCERTAINTY,59,Cost loss,105,0.015261796303093433
GAS,BAD,UCB_WITHOUT_VAE_UNCERTAINTY,59,Cost loss,106,0.015224287286400795
GAS,BAD,UCB_WITHOUT_VAE_UNCERTAINTY,59,Cost loss,107,0.01571517065167427
GAS,BAD,UCB_WITHOUT_VAE_UNCERTAINTY,59,Cost loss,108,0.015257591381669044
GAS,BAD,UCB_WITHOUT_VAE_UNCERTAINTY,59,Cost loss,109,0.01451929658651352
GAS,BAD,UCB_WITHOUT_VAE_UNCERTAINTY,59,Cost loss,110,0.014302019029855728
GAS,BAD,UCB_WITHOUT_VAE_UNCERTAINTY,59,Cost loss,111,0.014404678717255592
GAS,BAD,UCB_WITHOUT_VAE_UNCERTAINTY,59,Cost loss,112,0.014117628335952759
GAS,BAD,UCB_WITHOUT_VAE_UNCERTAINTY,59,Cost loss,113,0.01301972009241581
GAS,BAD,UCB_WITHOUT_VAE_UNCERTAINTY,59,Cost loss,114,0.013850115239620209
GAS,BAD,UCB_WITHOUT_VAE_UNCERTAINTY,59,Cost loss,115,0.013072993606328964
GAS,BAD,UCB_WITHOUT_VAE_UNCERTAINTY,59,Cost loss,116,0.012600529938936234
GAS,BAD,UCB_WITHOUT_VAE_UNCERTAINTY,59,Cost loss,117,0.012402732856571674
GAS,BAD,UCB_WITHOUT_VAE_UNCERTAINTY,59,Cost loss,118,0.011835499666631222
GAS,BAD,UCB_WITHOUT_VAE_UNCERTAINTY,59,Cost loss,119,0.012102743610739708
GAS,BAD,UCB_WITHOUT_VAE_UNCERTAINTY,59,Cost loss,120,0.011406920850276947
GAS,BAD,UCB_WITHOUT_VAE_UNCERTAINTY,59,Cost loss,121,0.010982047766447067
GAS,BAD,UCB_WITHOUT_VAE_UNCERTAINTY,59,Cost loss,122,0.01134428195655346
GAS,BAD,UCB_WITHOUT_VAE_UNCERTAINTY,59,Cost loss,123,0.010959143750369549
GAS,BAD,UCB_WITHOUT_VAE_UNCERTAINTY,59,Cost loss,124,0.010350976139307022
GAS,BAD,UCB_WITHOUT_VAE_UNCERTAINTY,59,Cost loss,125,0.009607445448637009
GAS,BAD,UCB_WITHOUT_VAE_UNCERTAINTY,59,Cost loss,126,0.009464714676141739
GAS,BAD,UCB_WITHOUT_VAE_UNCERTAINTY,59,Cost loss,127,0.009140605106949806
GAS,BAD,UCB_WITHOUT_VAE_UNCERTAINTY,59,Cost loss,128,0.008576532825827599
GAS,BAD,UCB_WITHOUT_VAE_UNCERTAINTY,59,Cost loss,129,0.008090137504041195
GAS,BAD,UCB_WITHOUT_VAE_UNCERTAINTY,59,Cost loss,130,0.00879632867872715
GAS,BAD,UCB_WITHOUT_VAE_UNCERTAINTY,59,Cost loss,131,0.0076882680878043175
GAS,BAD,UCB_WITHOUT_VAE_UNCERTAINTY,59,Cost loss,132,0.00784328579902649
GAS,BAD,UCB_WITHOUT_VAE_UNCERTAINTY,59,Cost loss,133,0.007596924901008606
GAS,BAD,UCB_WITHOUT_VAE_UNCERTAINTY,59,Cost loss,134,0.007218732498586178
GAS,BAD,UCB_WITHOUT_VAE_UNCERTAINTY,59,Cost loss,135,0.007364972494542599
GAS,BAD,UCB_WITHOUT_VAE_UNCERTAINTY,59,Cost loss,136,0.006591616198420525
GAS,BAD,UCB_WITHOUT_VAE_UNCERTAINTY,59,Cost loss,137,0.00682890135794878
GAS,BAD,UCB_WITHOUT_VAE_UNCERTAINTY,59,Cost loss,138,0.006827736739069223
GAS,BAD,UCB_WITHOUT_VAE_UNCERTAINTY,59,Cost loss,139,0.0063176946714520454
GAS,BAD,UCB_WITHOUT_VAE_UNCERTAINTY,59,Cost loss,140,0.005955649074167013
GAS,BAD,UCB_WITHOUT_VAE_UNCERTAINTY,59,Cost loss,141,0.00608838489279151
GAS,BAD,UCB_WITHOUT_VAE_UNCERTAINTY,59,Cost loss,142,0.005790965631604195
GAS,BAD,UCB_WITHOUT_VAE_UNCERTAINTY,59,Cost loss,143,0.00546623021364212
GAS,BAD,UCB_WITHOUT_VAE_UNCERTAINTY,59,Cost loss,144,0.005565381608903408
GAS,BAD,UCB_WITHOUT_VAE_UNCERTAINTY,60,Q loss,0,0.023055385798215866
GAS,BAD,UCB_WITHOUT_VAE_UNCERTAINTY,60,Q loss,1,0.018705368041992188
GAS,BAD,UCB_WITHOUT_VAE_UNCERTAINTY,60,Q loss,2,0.03984968364238739
GAS,BAD,UCB_WITHOUT_VAE_UNCERTAINTY,60,Q loss,3,0.02405015006661415
GAS,BAD,UCB_WITHOUT_VAE_UNCERTAINTY,60,Q loss,4,0.02110912650823593
GAS,BAD,UCB_WITHOUT_VAE_UNCERTAINTY,60,Q loss,5,0.016490653157234192
GAS,BAD,UCB_WITHOUT_VAE_UNCERTAINTY,60,Q loss,6,0.028911108151078224
GAS,BAD,UCB_WITHOUT_VAE_UNCERTAINTY,60,Q loss,7,0.016138577833771706
GAS,BAD,UCB_WITHOUT_VAE_UNCERTAINTY,60,Q loss,8,0.025121716782450676
GAS,BAD,UCB_WITHOUT_VAE_UNCERTAINTY,60,Q loss,9,0.03717303276062012
GAS,BAD,UCB_WITHOUT_VAE_UNCERTAINTY,60,Q loss,10,0.04366351664066315
GAS,BAD,UCB_WITHOUT_VAE_UNCERTAINTY,60,Q loss,11,0.04507508873939514
GAS,BAD,UCB_WITHOUT_VAE_UNCERTAINTY,60,Q loss,12,0.026052793487906456
GAS,BAD,UCB_WITHOUT_VAE_UNCERTAINTY,60,Q loss,13,0.018964163959026337
GAS,BAD,UCB_WITHOUT_VAE_UNCERTAINTY,60,Q loss,14,0.027193911373615265
GAS,BAD,UCB_WITHOUT_VAE_UNCERTAINTY,60,Q loss,15,0.035450972616672516
GAS,BAD,UCB_WITHOUT_VAE_UNCERTAINTY,60,Q loss,16,0.019898321479558945
GAS,BAD,UCB_WITHOUT_VAE_UNCERTAINTY,60,Q loss,17,0.05423836410045624
GAS,BAD,UCB_WITHOUT_VAE_UNCERTAINTY,60,Q loss,18,0.03324262052774429
GAS,BAD,UCB_WITHOUT_VAE_UNCERTAINTY,60,Q loss,19,0.019619300961494446
GAS,BAD,UCB_WITHOUT_VAE_UNCERTAINTY,60,Q loss,20,0.0285636093467474
GAS,BAD,UCB_WITHOUT_VAE_UNCERTAINTY,60,Q loss,21,0.02157340571284294
GAS,BAD,UCB_WITHOUT_VAE_UNCERTAINTY,60,Q loss,22,0.010680267587304115
GAS,BAD,UCB_WITHOUT_VAE_UNCERTAINTY,60,Q loss,23,0.021746575832366943
GAS,BAD,UCB_WITHOUT_VAE_UNCERTAINTY,60,Q loss,24,0.027185026556253433
GAS,BAD,UCB_WITHOUT_VAE_UNCERTAINTY,60,Q loss,25,0.017758822068572044
GAS,BAD,UCB_WITHOUT_VAE_UNCERTAINTY,60,Q loss,26,0.0208892822265625
GAS,BAD,UCB_WITHOUT_VAE_UNCERTAINTY,60,Q loss,27,0.03766689822077751
GAS,BAD,UCB_WITHOUT_VAE_UNCERTAINTY,60,Q loss,28,0.04380138963460922
GAS,BAD,UCB_WITHOUT_VAE_UNCERTAINTY,60,Q loss,29,0.0397951677441597
GAS,BAD,UCB_WITHOUT_VAE_UNCERTAINTY,60,Q loss,30,0.02512201853096485
GAS,BAD,UCB_WITHOUT_VAE_UNCERTAINTY,60,Q loss,31,0.01908242329955101
GAS,BAD,UCB_WITHOUT_VAE_UNCERTAINTY,60,Q loss,32,0.030220184475183487
GAS,BAD,UCB_WITHOUT_VAE_UNCERTAINTY,60,Q loss,33,0.03158550336956978
GAS,BAD,UCB_WITHOUT_VAE_UNCERTAINTY,60,Q loss,34,0.024668850004673004
GAS,BAD,UCB_WITHOUT_VAE_UNCERTAINTY,60,Q loss,35,0.07560126483440399
GAS,BAD,UCB_WITHOUT_VAE_UNCERTAINTY,60,Q loss,36,0.0215989388525486
GAS,BAD,UCB_WITHOUT_VAE_UNCERTAINTY,60,Q loss,37,0.025324806571006775
GAS,BAD,UCB_WITHOUT_VAE_UNCERTAINTY,60,Q loss,38,0.03369702026247978
GAS,BAD,UCB_WITHOUT_VAE_UNCERTAINTY,60,Q loss,39,0.01977044716477394
GAS,BAD,UCB_WITHOUT_VAE_UNCERTAINTY,60,Q loss,40,0.016297832131385803
GAS,BAD,UCB_WITHOUT_VAE_UNCERTAINTY,60,Q loss,41,0.01363484375178814
GAS,BAD,UCB_WITHOUT_VAE_UNCERTAINTY,60,Q loss,42,0.03078453801572323
GAS,BAD,UCB_WITHOUT_VAE_UNCERTAINTY,60,Q loss,43,0.019047006964683533
GAS,BAD,UCB_WITHOUT_VAE_UNCERTAINTY,60,Q loss,44,0.017109878361225128
GAS,BAD,UCB_WITHOUT_VAE_UNCERTAINTY,60,Q loss,45,0.03763478249311447
GAS,BAD,UCB_WITHOUT_VAE_UNCERTAINTY,60,Q loss,46,0.04868184030056
GAS,BAD,UCB_WITHOUT_VAE_UNCERTAINTY,60,Q loss,47,0.030830442905426025
GAS,BAD,UCB_WITHOUT_VAE_UNCERTAINTY,60,Q loss,48,0.031777799129486084
GAS,BAD,UCB_WITHOUT_VAE_UNCERTAINTY,60,Q loss,49,0.01777380146086216
GAS,BAD,UCB_WITHOUT_VAE_UNCERTAINTY,60,Q loss,50,0.03224804624915123
GAS,BAD,UCB_WITHOUT_VAE_UNCERTAINTY,60,Q loss,51,0.030963024124503136
GAS,BAD,UCB_WITHOUT_VAE_UNCERTAINTY,60,Q loss,52,0.03810441866517067
GAS,BAD,UCB_WITHOUT_VAE_UNCERTAINTY,60,Q loss,53,0.05395130440592766
GAS,BAD,UCB_WITHOUT_VAE_UNCERTAINTY,60,Q loss,54,0.0267636775970459
GAS,BAD,UCB_WITHOUT_VAE_UNCERTAINTY,60,Q loss,55,0.016410885378718376
GAS,BAD,UCB_WITHOUT_VAE_UNCERTAINTY,60,Q loss,56,0.026682866737246513
GAS,BAD,UCB_WITHOUT_VAE_UNCERTAINTY,60,Q loss,57,0.031022317707538605
GAS,BAD,UCB_WITHOUT_VAE_UNCERTAINTY,60,Q loss,58,0.016465945169329643
GAS,BAD,UCB_WITHOUT_VAE_UNCERTAINTY,60,Q loss,59,0.013622405007481575
GAS,BAD,UCB_WITHOUT_VAE_UNCERTAINTY,60,Q loss,60,0.029317185282707214
GAS,BAD,UCB_WITHOUT_VAE_UNCERTAINTY,60,Q loss,61,0.014660036191344261
GAS,BAD,UCB_WITHOUT_VAE_UNCERTAINTY,60,Q loss,62,0.016193820163607597
GAS,BAD,UCB_WITHOUT_VAE_UNCERTAINTY,60,Q loss,63,0.0260525681078434
GAS,BAD,UCB_WITHOUT_VAE_UNCERTAINTY,60,Q loss,64,0.04763523489236832
GAS,BAD,UCB_WITHOUT_VAE_UNCERTAINTY,60,Q loss,65,0.031112754717469215
GAS,BAD,UCB_WITHOUT_VAE_UNCERTAINTY,60,Q loss,66,0.026893705129623413
GAS,BAD,UCB_WITHOUT_VAE_UNCERTAINTY,60,Q loss,67,0.020478157326579094
GAS,BAD,UCB_WITHOUT_VAE_UNCERTAINTY,60,Q loss,68,0.028369391337037086
GAS,BAD,UCB_WITHOUT_VAE_UNCERTAINTY,60,Q loss,69,0.03771588206291199
GAS,BAD,UCB_WITHOUT_VAE_UNCERTAINTY,60,Q loss,70,0.031976502388715744
GAS,BAD,UCB_WITHOUT_VAE_UNCERTAINTY,60,Q loss,71,0.06566663086414337
GAS,BAD,UCB_WITHOUT_VAE_UNCERTAINTY,60,Q loss,72,0.02256985753774643
GAS,BAD,UCB_WITHOUT_VAE_UNCERTAINTY,60,Q loss,73,0.02571898326277733
GAS,BAD,UCB_WITHOUT_VAE_UNCERTAINTY,60,Q loss,74,0.027508726343512535
GAS,BAD,UCB_WITHOUT_VAE_UNCERTAINTY,60,Q loss,75,0.01565186306834221
GAS,BAD,UCB_WITHOUT_VAE_UNCERTAINTY,60,Q loss,76,0.014421852305531502
GAS,BAD,UCB_WITHOUT_VAE_UNCERTAINTY,60,Q loss,77,0.01350000873208046
GAS,BAD,UCB_WITHOUT_VAE_UNCERTAINTY,60,Q loss,78,0.02983967773616314
GAS,BAD,UCB_WITHOUT_VAE_UNCERTAINTY,60,Q loss,79,0.013177463784813881
GAS,BAD,UCB_WITHOUT_VAE_UNCERTAINTY,60,Q loss,80,0.015392021276056767
GAS,BAD,UCB_WITHOUT_VAE_UNCERTAINTY,60,Q loss,81,0.03707236796617508
GAS,BAD,UCB_WITHOUT_VAE_UNCERTAINTY,60,Q loss,82,0.021265869960188866
GAS,BAD,UCB_WITHOUT_VAE_UNCERTAINTY,60,Q loss,83,0.03483416140079498
GAS,BAD,UCB_WITHOUT_VAE_UNCERTAINTY,60,Q loss,84,0.0238870270550251
GAS,BAD,UCB_WITHOUT_VAE_UNCERTAINTY,60,Q loss,85,0.01481943391263485
GAS,BAD,UCB_WITHOUT_VAE_UNCERTAINTY,60,Q loss,86,0.028982389718294144
GAS,BAD,UCB_WITHOUT_VAE_UNCERTAINTY,60,Q loss,87,0.025271965190768242
GAS,BAD,UCB_WITHOUT_VAE_UNCERTAINTY,60,Q loss,88,0.01940086856484413
GAS,BAD,UCB_WITHOUT_VAE_UNCERTAINTY,60,Q loss,89,0.04733423516154289
GAS,BAD,UCB_WITHOUT_VAE_UNCERTAINTY,60,Q loss,90,0.02630503475666046
GAS,BAD,UCB_WITHOUT_VAE_UNCERTAINTY,60,Q loss,91,0.017701096832752228
GAS,BAD,UCB_WITHOUT_VAE_UNCERTAINTY,60,Q loss,92,0.03160782903432846
GAS,BAD,UCB_WITHOUT_VAE_UNCERTAINTY,60,Q loss,93,0.019250139594078064
GAS,BAD,UCB_WITHOUT_VAE_UNCERTAINTY,60,Q loss,94,0.010719237849116325
GAS,BAD,UCB_WITHOUT_VAE_UNCERTAINTY,60,Q loss,95,0.011981645599007607
GAS,BAD,UCB_WITHOUT_VAE_UNCERTAINTY,60,Q loss,96,0.022460591048002243
GAS,BAD,UCB_WITHOUT_VAE_UNCERTAINTY,60,Q loss,97,0.008530394174158573
GAS,BAD,UCB_WITHOUT_VAE_UNCERTAINTY,60,Q loss,98,0.01186825055629015
GAS,BAD,UCB_WITHOUT_VAE_UNCERTAINTY,60,Q loss,99,0.041809868067502975
GAS,BAD,UCB_WITHOUT_VAE_UNCERTAINTY,60,Q loss,100,0.030062329024076462
GAS,BAD,UCB_WITHOUT_VAE_UNCERTAINTY,60,Q loss,101,0.020636729896068573
GAS,BAD,UCB_WITHOUT_VAE_UNCERTAINTY,60,Q loss,102,0.020509740337729454
GAS,BAD,UCB_WITHOUT_VAE_UNCERTAINTY,60,Q loss,103,0.01992832124233246
GAS,BAD,UCB_WITHOUT_VAE_UNCERTAINTY,60,Q loss,104,0.013472644612193108
GAS,BAD,UCB_WITHOUT_VAE_UNCERTAINTY,60,Q loss,105,0.014244306832551956
GAS,BAD,UCB_WITHOUT_VAE_UNCERTAINTY,60,Q loss,106,0.03086039237678051
GAS,BAD,UCB_WITHOUT_VAE_UNCERTAINTY,60,Q loss,107,0.05630204454064369
GAS,BAD,UCB_WITHOUT_VAE_UNCERTAINTY,60,Q loss,108,0.023554744198918343
GAS,BAD,UCB_WITHOUT_VAE_UNCERTAINTY,60,Q loss,109,0.012405170127749443
GAS,BAD,UCB_WITHOUT_VAE_UNCERTAINTY,60,Q loss,110,0.017792098224163055
GAS,BAD,UCB_WITHOUT_VAE_UNCERTAINTY,60,Q loss,111,0.013177616521716118
GAS,BAD,UCB_WITHOUT_VAE_UNCERTAINTY,60,Q loss,112,0.007980061694979668
GAS,BAD,UCB_WITHOUT_VAE_UNCERTAINTY,60,Q loss,113,0.00548940384760499
GAS,BAD,UCB_WITHOUT_VAE_UNCERTAINTY,60,Q loss,114,0.022684376686811447
GAS,BAD,UCB_WITHOUT_VAE_UNCERTAINTY,60,Q loss,115,0.009338341653347015
GAS,BAD,UCB_WITHOUT_VAE_UNCERTAINTY,60,Q loss,116,0.008605808950960636
GAS,BAD,UCB_WITHOUT_VAE_UNCERTAINTY,60,Q loss,117,0.02130175568163395
GAS,BAD,UCB_WITHOUT_VAE_UNCERTAINTY,60,Q loss,118,0.015419885516166687
GAS,BAD,UCB_WITHOUT_VAE_UNCERTAINTY,60,Q loss,119,0.019056305289268494
GAS,BAD,UCB_WITHOUT_VAE_UNCERTAINTY,60,Q loss,120,0.022564079612493515
GAS,BAD,UCB_WITHOUT_VAE_UNCERTAINTY,60,Q loss,121,0.01567545346915722
GAS,BAD,UCB_WITHOUT_VAE_UNCERTAINTY,60,Q loss,122,0.013746095821261406
GAS,BAD,UCB_WITHOUT_VAE_UNCERTAINTY,60,Q loss,123,0.027394313365221024
GAS,BAD,UCB_WITHOUT_VAE_UNCERTAINTY,60,Q loss,124,0.01846613548696041
GAS,BAD,UCB_WITHOUT_VAE_UNCERTAINTY,60,Q loss,125,0.0619310699403286
GAS,BAD,UCB_WITHOUT_VAE_UNCERTAINTY,60,Q loss,126,0.014397824183106422
GAS,BAD,UCB_WITHOUT_VAE_UNCERTAINTY,60,Q loss,127,0.00496537983417511
GAS,BAD,UCB_WITHOUT_VAE_UNCERTAINTY,60,Q loss,128,0.014470777474343777
GAS,BAD,UCB_WITHOUT_VAE_UNCERTAINTY,60,Q loss,129,0.008608612231910229
GAS,BAD,UCB_WITHOUT_VAE_UNCERTAINTY,60,Q loss,130,0.006248875055462122
GAS,BAD,UCB_WITHOUT_VAE_UNCERTAINTY,60,Q loss,131,0.006109829992055893
GAS,BAD,UCB_WITHOUT_VAE_UNCERTAINTY,60,Q loss,132,0.020606476813554764
GAS,BAD,UCB_WITHOUT_VAE_UNCERTAINTY,60,Q loss,133,0.004408787935972214
GAS,BAD,UCB_WITHOUT_VAE_UNCERTAINTY,60,Q loss,134,0.009965362958610058
GAS,BAD,UCB_WITHOUT_VAE_UNCERTAINTY,60,Q loss,135,0.016050662845373154
GAS,BAD,UCB_WITHOUT_VAE_UNCERTAINTY,60,Q loss,136,0.03127487003803253
GAS,BAD,UCB_WITHOUT_VAE_UNCERTAINTY,60,Q loss,137,0.015740176662802696
GAS,BAD,UCB_WITHOUT_VAE_UNCERTAINTY,60,Q loss,138,0.014794213697314262
GAS,BAD,UCB_WITHOUT_VAE_UNCERTAINTY,60,Q loss,139,0.01497715711593628
GAS,BAD,UCB_WITHOUT_VAE_UNCERTAINTY,60,Q loss,140,0.010848941281437874
GAS,BAD,UCB_WITHOUT_VAE_UNCERTAINTY,60,Q loss,141,0.017236191779375076
GAS,BAD,UCB_WITHOUT_VAE_UNCERTAINTY,60,Q loss,142,0.015608083456754684
GAS,BAD,UCB_WITHOUT_VAE_UNCERTAINTY,60,Q loss,143,0.04516343027353287
GAS,BAD,UCB_WITHOUT_VAE_UNCERTAINTY,60,Q loss,144,0.012674208730459213
GAS,BAD,UCB_WITHOUT_VAE_UNCERTAINTY,60,Q loss,145,0.007683855947107077
GAS,BAD,UCB_WITHOUT_VAE_UNCERTAINTY,60,Q loss,146,0.021618716418743134
GAS,BAD,UCB_WITHOUT_VAE_UNCERTAINTY,60,Q loss,147,0.007554858922958374
GAS,BAD,UCB_WITHOUT_VAE_UNCERTAINTY,60,Q loss,148,0.010307319462299347
GAS,BAD,UCB_WITHOUT_VAE_UNCERTAINTY,60,Q loss,149,0.003931988961994648
GAS,BAD,UCB_WITHOUT_VAE_UNCERTAINTY,60,Q loss,150,0.006210969761013985
GAS,BAD,UCB_WITHOUT_VAE_UNCERTAINTY,60,Q loss,151,0.007619197480380535
GAS,BAD,UCB_WITHOUT_VAE_UNCERTAINTY,60,Q loss,152,0.007124682422727346
GAS,BAD,UCB_WITHOUT_VAE_UNCERTAINTY,60,Q loss,153,0.01447095163166523
GAS,BAD,UCB_WITHOUT_VAE_UNCERTAINTY,60,Q loss,154,0.010158972814679146
GAS,BAD,UCB_WITHOUT_VAE_UNCERTAINTY,60,Q loss,155,0.008929007686674595
GAS,BAD,UCB_WITHOUT_VAE_UNCERTAINTY,60,Q loss,156,0.011119334027171135
GAS,BAD,UCB_WITHOUT_VAE_UNCERTAINTY,60,Q loss,157,0.008528836071491241
GAS,BAD,UCB_WITHOUT_VAE_UNCERTAINTY,60,Q loss,158,0.011384879238903522
GAS,BAD,UCB_WITHOUT_VAE_UNCERTAINTY,60,Q loss,159,0.015852436423301697
GAS,BAD,UCB_WITHOUT_VAE_UNCERTAINTY,60,Q loss,160,0.015033278614282608
GAS,BAD,UCB_WITHOUT_VAE_UNCERTAINTY,60,Q loss,161,0.0208886805921793
GAS,BAD,UCB_WITHOUT_VAE_UNCERTAINTY,60,Q loss,162,0.007486460264772177
GAS,BAD,UCB_WITHOUT_VAE_UNCERTAINTY,60,Q loss,163,0.004776845686137676
GAS,BAD,UCB_WITHOUT_VAE_UNCERTAINTY,60,Q loss,164,0.0195809006690979
GAS,BAD,UCB_WITHOUT_VAE_UNCERTAINTY,60,Q loss,165,0.009357992559671402
GAS,BAD,UCB_WITHOUT_VAE_UNCERTAINTY,60,Q loss,166,0.0035274983383715153
GAS,BAD,UCB_WITHOUT_VAE_UNCERTAINTY,60,Q loss,167,0.0014081448316574097
GAS,BAD,UCB_WITHOUT_VAE_UNCERTAINTY,60,Q loss,168,0.012735257856547832
GAS,BAD,UCB_WITHOUT_VAE_UNCERTAINTY,60,Q loss,169,0.01151338778436184
GAS,BAD,UCB_WITHOUT_VAE_UNCERTAINTY,60,Q loss,170,0.007890483364462852
GAS,BAD,UCB_WITHOUT_VAE_UNCERTAINTY,60,Q loss,171,0.012307167053222656
GAS,BAD,UCB_WITHOUT_VAE_UNCERTAINTY,60,Q loss,172,0.008359485305845737
GAS,BAD,UCB_WITHOUT_VAE_UNCERTAINTY,60,Q loss,173,0.008681457489728928
GAS,BAD,UCB_WITHOUT_VAE_UNCERTAINTY,60,Q loss,174,0.009181570261716843
GAS,BAD,UCB_WITHOUT_VAE_UNCERTAINTY,60,Q loss,175,0.005553439725190401
GAS,BAD,UCB_WITHOUT_VAE_UNCERTAINTY,60,Q loss,176,0.00794133823364973
GAS,BAD,UCB_WITHOUT_VAE_UNCERTAINTY,60,Q loss,177,0.010926690883934498
GAS,BAD,UCB_WITHOUT_VAE_UNCERTAINTY,60,Q loss,178,0.00824850145727396
GAS,BAD,UCB_WITHOUT_VAE_UNCERTAINTY,60,Q loss,179,0.019694289192557335
GAS,BAD,UCB_WITHOUT_VAE_UNCERTAINTY,60,Q loss,180,0.008586423471570015
GAS,BAD,UCB_WITHOUT_VAE_UNCERTAINTY,60,Q loss,181,0.003413553349673748
GAS,BAD,UCB_WITHOUT_VAE_UNCERTAINTY,60,Q loss,182,0.011429850943386555
GAS,BAD,UCB_WITHOUT_VAE_UNCERTAINTY,60,Q loss,183,0.009886441752314568
GAS,BAD,UCB_WITHOUT_VAE_UNCERTAINTY,60,Q loss,184,0.0026340659242123365
GAS,BAD,UCB_WITHOUT_VAE_UNCERTAINTY,60,Q loss,185,0.003681518603116274
GAS,BAD,UCB_WITHOUT_VAE_UNCERTAINTY,60,Q loss,186,0.00831452663987875
GAS,BAD,UCB_WITHOUT_VAE_UNCERTAINTY,60,Q loss,187,0.011173909530043602
GAS,BAD,UCB_WITHOUT_VAE_UNCERTAINTY,60,Q loss,188,0.0049913618713617325
GAS,BAD,UCB_WITHOUT_VAE_UNCERTAINTY,60,Q loss,189,0.015843737870454788
GAS,BAD,UCB_WITHOUT_VAE_UNCERTAINTY,60,Q loss,190,0.009828953072428703
GAS,BAD,UCB_WITHOUT_VAE_UNCERTAINTY,60,Q loss,191,0.011577273719012737
GAS,BAD,UCB_WITHOUT_VAE_UNCERTAINTY,60,Q loss,192,0.0071365442126989365
GAS,BAD,UCB_WITHOUT_VAE_UNCERTAINTY,60,Q loss,193,0.002695848699659109
GAS,BAD,UCB_WITHOUT_VAE_UNCERTAINTY,60,Q loss,194,0.004397203214466572
GAS,BAD,UCB_WITHOUT_VAE_UNCERTAINTY,60,Q loss,195,0.011561418883502483
GAS,BAD,UCB_WITHOUT_VAE_UNCERTAINTY,60,Q loss,196,0.007697872817516327
GAS,BAD,UCB_WITHOUT_VAE_UNCERTAINTY,60,Q loss,197,0.02216583862900734
GAS,BAD,UCB_WITHOUT_VAE_UNCERTAINTY,60,Q loss,198,0.005109753459692001
GAS,BAD,UCB_WITHOUT_VAE_UNCERTAINTY,60,Q loss,199,0.0060462066903710365
GAS,BAD,UCB_WITHOUT_VAE_UNCERTAINTY,60,Q loss,200,0.004732347093522549
GAS,BAD,UCB_WITHOUT_VAE_UNCERTAINTY,60,Q loss,201,0.004679085686802864
GAS,BAD,UCB_WITHOUT_VAE_UNCERTAINTY,60,Q loss,202,0.0016458791214972734
GAS,BAD,UCB_WITHOUT_VAE_UNCERTAINTY,60,Q loss,203,0.002530825324356556
GAS,BAD,UCB_WITHOUT_VAE_UNCERTAINTY,60,Q loss,204,0.010350135155022144
GAS,BAD,UCB_WITHOUT_VAE_UNCERTAINTY,60,Q loss,205,0.0028201155364513397
GAS,BAD,UCB_WITHOUT_VAE_UNCERTAINTY,60,Q loss,206,0.00690776202827692
GAS,BAD,UCB_WITHOUT_VAE_UNCERTAINTY,60,Q loss,207,0.0019236179068684578
GAS,BAD,UCB_WITHOUT_VAE_UNCERTAINTY,60,Q loss,208,0.002675460185855627
GAS,BAD,UCB_WITHOUT_VAE_UNCERTAINTY,60,Q loss,209,0.008593134582042694
GAS,BAD,UCB_WITHOUT_VAE_UNCERTAINTY,60,Q loss,210,0.012163943611085415
GAS,BAD,UCB_WITHOUT_VAE_UNCERTAINTY,60,Q loss,211,0.005912769585847855
GAS,BAD,UCB_WITHOUT_VAE_UNCERTAINTY,60,Q loss,212,0.0054694851860404015
GAS,BAD,UCB_WITHOUT_VAE_UNCERTAINTY,60,Q loss,213,0.011849235743284225
GAS,BAD,UCB_WITHOUT_VAE_UNCERTAINTY,60,Q loss,214,0.00856688991189003
GAS,BAD,UCB_WITHOUT_VAE_UNCERTAINTY,60,Q loss,215,0.01463287603110075
GAS,BAD,UCB_WITHOUT_VAE_UNCERTAINTY,60,Q loss,216,0.0010677061509341002
GAS,BAD,UCB_WITHOUT_VAE_UNCERTAINTY,60,Q loss,217,0.0028829160146415234
GAS,BAD,UCB_WITHOUT_VAE_UNCERTAINTY,60,Q loss,218,0.006834037136286497
GAS,BAD,UCB_WITHOUT_VAE_UNCERTAINTY,60,Q loss,219,0.0035402649082243443
GAS,BAD,UCB_WITHOUT_VAE_UNCERTAINTY,60,Q loss,220,0.004109509289264679
GAS,BAD,UCB_WITHOUT_VAE_UNCERTAINTY,60,Q loss,221,0.003014194779098034
GAS,BAD,UCB_WITHOUT_VAE_UNCERTAINTY,60,Q loss,222,0.006026844494044781
GAS,BAD,UCB_WITHOUT_VAE_UNCERTAINTY,60,Q loss,223,0.005489144008606672
GAS,BAD,UCB_WITHOUT_VAE_UNCERTAINTY,60,Q loss,224,0.003171362215653062
GAS,BAD,UCB_WITHOUT_VAE_UNCERTAINTY,60,Q loss,225,0.0010026677045971155
GAS,BAD,UCB_WITHOUT_VAE_UNCERTAINTY,60,Q loss,226,0.005036163609474897
GAS,BAD,UCB_WITHOUT_VAE_UNCERTAINTY,60,Q loss,227,0.011475920677185059
GAS,BAD,UCB_WITHOUT_VAE_UNCERTAINTY,60,Q loss,228,0.006197397597134113
GAS,BAD,UCB_WITHOUT_VAE_UNCERTAINTY,60,Q loss,229,0.007065944839268923
GAS,BAD,UCB_WITHOUT_VAE_UNCERTAINTY,60,Q loss,230,0.004886831622570753
GAS,BAD,UCB_WITHOUT_VAE_UNCERTAINTY,60,Q loss,231,0.0009652855806052685
GAS,BAD,UCB_WITHOUT_VAE_UNCERTAINTY,60,Q loss,232,0.0067381709814071655
GAS,BAD,UCB_WITHOUT_VAE_UNCERTAINTY,60,Q loss,233,0.02277572639286518
GAS,BAD,UCB_WITHOUT_VAE_UNCERTAINTY,60,Q loss,234,0.002828828524798155
GAS,BAD,UCB_WITHOUT_VAE_UNCERTAINTY,60,Q loss,235,0.0016961093060672283
GAS,BAD,UCB_WITHOUT_VAE_UNCERTAINTY,60,Q loss,236,0.0023165810853242874
GAS,BAD,UCB_WITHOUT_VAE_UNCERTAINTY,60,Q loss,237,0.002857748419046402
GAS,BAD,UCB_WITHOUT_VAE_UNCERTAINTY,60,Q loss,238,0.0035855588503181934
GAS,BAD,UCB_WITHOUT_VAE_UNCERTAINTY,60,Q loss,239,0.002610413357615471
GAS,BAD,UCB_WITHOUT_VAE_UNCERTAINTY,60,Q loss,240,0.0028085564263164997
GAS,BAD,UCB_WITHOUT_VAE_UNCERTAINTY,60,Q loss,241,0.003554514143615961
GAS,BAD,UCB_WITHOUT_VAE_UNCERTAINTY,60,Q loss,242,0.0013598025543615222
GAS,BAD,UCB_WITHOUT_VAE_UNCERTAINTY,60,Q loss,243,0.01099926233291626
GAS,BAD,UCB_WITHOUT_VAE_UNCERTAINTY,60,Q loss,244,0.005489075556397438
GAS,BAD,UCB_WITHOUT_VAE_UNCERTAINTY,60,Q loss,245,0.007131040096282959
GAS,BAD,UCB_WITHOUT_VAE_UNCERTAINTY,60,Q loss,246,0.012168637476861477
GAS,BAD,UCB_WITHOUT_VAE_UNCERTAINTY,60,Q loss,247,0.0035453173331916332
GAS,BAD,UCB_WITHOUT_VAE_UNCERTAINTY,60,Q loss,248,0.004469549283385277
GAS,BAD,UCB_WITHOUT_VAE_UNCERTAINTY,60,Q loss,249,0.0013833828270435333
GAS,BAD,UCB_WITHOUT_VAE_UNCERTAINTY,60,Q loss,250,0.003525996580719948
GAS,BAD,UCB_WITHOUT_VAE_UNCERTAINTY,60,Q loss,251,0.002880685729905963
GAS,BAD,UCB_WITHOUT_VAE_UNCERTAINTY,60,Q loss,252,0.000673360307700932
GAS,BAD,UCB_WITHOUT_VAE_UNCERTAINTY,60,Q loss,253,0.0014636716805398464
GAS,BAD,UCB_WITHOUT_VAE_UNCERTAINTY,60,Q loss,254,0.0035805176012218
GAS,BAD,UCB_WITHOUT_VAE_UNCERTAINTY,60,Q loss,255,0.0031024273484945297
GAS,BAD,UCB_WITHOUT_VAE_UNCERTAINTY,60,Q loss,256,0.0026880952063947916
GAS,BAD,UCB_WITHOUT_VAE_UNCERTAINTY,60,Q loss,257,0.002173365792259574
GAS,BAD,UCB_WITHOUT_VAE_UNCERTAINTY,60,Q loss,258,0.00356381107121706
GAS,BAD,UCB_WITHOUT_VAE_UNCERTAINTY,60,Q loss,259,0.0022510208655148745
GAS,BAD,UCB_WITHOUT_VAE_UNCERTAINTY,60,Q loss,260,0.0010326751507818699
GAS,BAD,UCB_WITHOUT_VAE_UNCERTAINTY,60,Q loss,261,0.007352737709879875
GAS,BAD,UCB_WITHOUT_VAE_UNCERTAINTY,60,Q loss,262,0.00970187596976757
GAS,BAD,UCB_WITHOUT_VAE_UNCERTAINTY,60,Q loss,263,0.01319731306284666
GAS,BAD,UCB_WITHOUT_VAE_UNCERTAINTY,60,Q loss,264,0.00589915132150054
GAS,BAD,UCB_WITHOUT_VAE_UNCERTAINTY,60,Q loss,265,0.004248710349202156
GAS,BAD,UCB_WITHOUT_VAE_UNCERTAINTY,60,Q loss,266,0.0028548073023557663
GAS,BAD,UCB_WITHOUT_VAE_UNCERTAINTY,60,Q loss,267,0.0020184903405606747
GAS,BAD,UCB_WITHOUT_VAE_UNCERTAINTY,60,Q loss,268,0.005678669083863497
GAS,BAD,UCB_WITHOUT_VAE_UNCERTAINTY,60,Q loss,269,0.002406402723863721
GAS,BAD,UCB_WITHOUT_VAE_UNCERTAINTY,60,Q loss,270,0.0011192080564796925
GAS,BAD,UCB_WITHOUT_VAE_UNCERTAINTY,60,Q loss,271,0.0011781826615333557
GAS,BAD,UCB_WITHOUT_VAE_UNCERTAINTY,60,Q loss,272,0.0020896513015031815
GAS,BAD,UCB_WITHOUT_VAE_UNCERTAINTY,60,Q loss,273,0.00220591202378273
GAS,BAD,UCB_WITHOUT_VAE_UNCERTAINTY,60,Q loss,274,0.0008665936184115708
GAS,BAD,UCB_WITHOUT_VAE_UNCERTAINTY,60,Q loss,275,0.0039549581706523895
GAS,BAD,UCB_WITHOUT_VAE_UNCERTAINTY,60,Q loss,276,0.0025456463918089867
GAS,BAD,UCB_WITHOUT_VAE_UNCERTAINTY,60,Q loss,277,0.0028245211578905582
GAS,BAD,UCB_WITHOUT_VAE_UNCERTAINTY,60,Q loss,278,0.003594874171540141
GAS,BAD,UCB_WITHOUT_VAE_UNCERTAINTY,60,Q loss,279,0.00825315248221159
GAS,BAD,UCB_WITHOUT_VAE_UNCERTAINTY,60,Q loss,280,0.0023683682084083557
GAS,BAD,UCB_WITHOUT_VAE_UNCERTAINTY,60,Q loss,281,0.005502281244844198
GAS,BAD,UCB_WITHOUT_VAE_UNCERTAINTY,60,Q loss,282,0.009458227083086967
GAS,BAD,UCB_WITHOUT_VAE_UNCERTAINTY,60,Q loss,283,0.0035664853639900684
GAS,BAD,UCB_WITHOUT_VAE_UNCERTAINTY,60,Q loss,284,0.0035789688117802143
GAS,BAD,UCB_WITHOUT_VAE_UNCERTAINTY,60,Q loss,285,0.006115367170423269
GAS,BAD,UCB_WITHOUT_VAE_UNCERTAINTY,60,Q loss,286,0.013001911342144012
GAS,BAD,UCB_WITHOUT_VAE_UNCERTAINTY,60,Q loss,287,0.015256844460964203
GAS,BAD,UCB_WITHOUT_VAE_UNCERTAINTY,60,Q loss,288,0.007397540379315615
GAS,BAD,UCB_WITHOUT_VAE_UNCERTAINTY,60,Q loss,289,0.0030101179145276546
GAS,BAD,UCB_WITHOUT_VAE_UNCERTAINTY,60,Q loss,290,0.0050344523042440414
GAS,BAD,UCB_WITHOUT_VAE_UNCERTAINTY,60,Q loss,291,0.00399058498442173
GAS,BAD,UCB_WITHOUT_VAE_UNCERTAINTY,60,Q loss,292,0.0027802279219031334
GAS,BAD,UCB_WITHOUT_VAE_UNCERTAINTY,60,Q loss,293,0.004452317021787167
GAS,BAD,UCB_WITHOUT_VAE_UNCERTAINTY,60,Q loss,294,0.0033752028830349445
GAS,BAD,UCB_WITHOUT_VAE_UNCERTAINTY,60,Q loss,295,0.0019482040079310536
GAS,BAD,UCB_WITHOUT_VAE_UNCERTAINTY,60,Q loss,296,0.00220426544547081
GAS,BAD,UCB_WITHOUT_VAE_UNCERTAINTY,60,Q loss,297,0.01255766861140728
GAS,BAD,UCB_WITHOUT_VAE_UNCERTAINTY,60,Q loss,298,0.00774549413472414
GAS,BAD,UCB_WITHOUT_VAE_UNCERTAINTY,60,Q loss,299,0.002822641283273697
GAS,BAD,UCB_WITHOUT_VAE_UNCERTAINTY,60,Q loss,300,0.0027388434391468763
GAS,BAD,UCB_WITHOUT_VAE_UNCERTAINTY,60,Q loss,301,0.006116132717579603
GAS,BAD,UCB_WITHOUT_VAE_UNCERTAINTY,60,Q loss,302,0.0019002621993422508
GAS,BAD,UCB_WITHOUT_VAE_UNCERTAINTY,60,Q loss,303,0.0015497123822569847
GAS,BAD,UCB_WITHOUT_VAE_UNCERTAINTY,60,Q loss,304,0.003192805452272296
GAS,BAD,UCB_WITHOUT_VAE_UNCERTAINTY,60,Q loss,305,0.0018632266437634826
GAS,BAD,UCB_WITHOUT_VAE_UNCERTAINTY,60,Q loss,306,0.002848783740773797
GAS,BAD,UCB_WITHOUT_VAE_UNCERTAINTY,60,Q loss,307,0.0015233783051371574
GAS,BAD,UCB_WITHOUT_VAE_UNCERTAINTY,60,Q loss,308,0.0018625587690621614
GAS,BAD,UCB_WITHOUT_VAE_UNCERTAINTY,60,Q loss,309,0.0032560990657657385
GAS,BAD,UCB_WITHOUT_VAE_UNCERTAINTY,60,Q loss,310,0.001141087501309812
GAS,BAD,UCB_WITHOUT_VAE_UNCERTAINTY,60,Q loss,311,0.002439198549836874
GAS,BAD,UCB_WITHOUT_VAE_UNCERTAINTY,60,Q loss,312,0.005450048949569464
GAS,BAD,UCB_WITHOUT_VAE_UNCERTAINTY,60,Q loss,313,0.0035099887754768133
GAS,BAD,UCB_WITHOUT_VAE_UNCERTAINTY,60,Q loss,314,0.0022490369156003
GAS,BAD,UCB_WITHOUT_VAE_UNCERTAINTY,60,Q loss,315,0.008293859660625458
GAS,BAD,UCB_WITHOUT_VAE_UNCERTAINTY,60,Q loss,316,0.0032053403556346893
GAS,BAD,UCB_WITHOUT_VAE_UNCERTAINTY,60,Q loss,317,0.004017244093120098
GAS,BAD,UCB_WITHOUT_VAE_UNCERTAINTY,60,Q loss,318,0.0034384881146252155
GAS,BAD,UCB_WITHOUT_VAE_UNCERTAINTY,60,Q loss,319,0.002363762818276882
GAS,BAD,UCB_WITHOUT_VAE_UNCERTAINTY,60,Q loss,320,0.002442185301333666
GAS,BAD,UCB_WITHOUT_VAE_UNCERTAINTY,60,Q loss,321,0.0007935726898722351
GAS,BAD,UCB_WITHOUT_VAE_UNCERTAINTY,60,Q loss,322,0.004726678133010864
GAS,BAD,UCB_WITHOUT_VAE_UNCERTAINTY,60,Q loss,323,0.008900190703570843
GAS,BAD,UCB_WITHOUT_VAE_UNCERTAINTY,60,Q loss,324,0.004310723394155502
GAS,BAD,UCB_WITHOUT_VAE_UNCERTAINTY,60,Q loss,325,0.0020851483568549156
GAS,BAD,UCB_WITHOUT_VAE_UNCERTAINTY,60,Q loss,326,0.007755602244287729
GAS,BAD,UCB_WITHOUT_VAE_UNCERTAINTY,60,Q loss,327,0.002033436205238104
GAS,BAD,UCB_WITHOUT_VAE_UNCERTAINTY,60,Q loss,328,0.002553247381001711
GAS,BAD,UCB_WITHOUT_VAE_UNCERTAINTY,60,Q loss,329,0.0019267469178885221
GAS,BAD,UCB_WITHOUT_VAE_UNCERTAINTY,60,Q loss,330,0.00422635767608881
GAS,BAD,UCB_WITHOUT_VAE_UNCERTAINTY,60,Q loss,331,0.001774727599695325
GAS,BAD,UCB_WITHOUT_VAE_UNCERTAINTY,60,Q loss,332,0.006909031420946121
GAS,BAD,UCB_WITHOUT_VAE_UNCERTAINTY,60,Q loss,333,0.009824450127780437
GAS,BAD,UCB_WITHOUT_VAE_UNCERTAINTY,60,Q loss,334,0.00848236121237278
GAS,BAD,UCB_WITHOUT_VAE_UNCERTAINTY,60,Q loss,335,0.004294602200388908
GAS,BAD,UCB_WITHOUT_VAE_UNCERTAINTY,60,Q loss,336,0.005726327653974295
GAS,BAD,UCB_WITHOUT_VAE_UNCERTAINTY,60,Q loss,337,0.004350106697529554
GAS,BAD,UCB_WITHOUT_VAE_UNCERTAINTY,60,Q loss,338,0.00371348368935287
GAS,BAD,UCB_WITHOUT_VAE_UNCERTAINTY,60,Q loss,339,0.003934027161449194
GAS,BAD,UCB_WITHOUT_VAE_UNCERTAINTY,60,Q loss,340,0.0033569380175322294
GAS,BAD,UCB_WITHOUT_VAE_UNCERTAINTY,60,Q loss,341,0.010908616706728935
GAS,BAD,UCB_WITHOUT_VAE_UNCERTAINTY,60,Q loss,342,0.0031727678142488003
GAS,BAD,UCB_WITHOUT_VAE_UNCERTAINTY,60,Q loss,343,0.004211862571537495
GAS,BAD,UCB_WITHOUT_VAE_UNCERTAINTY,60,Q loss,344,0.0008121057180687785
GAS,BAD,UCB_WITHOUT_VAE_UNCERTAINTY,60,Q loss,345,0.004002839792519808
GAS,BAD,UCB_WITHOUT_VAE_UNCERTAINTY,60,Q loss,346,0.0025533754378557205
GAS,BAD,UCB_WITHOUT_VAE_UNCERTAINTY,60,Q loss,347,0.001395941711962223
GAS,BAD,UCB_WITHOUT_VAE_UNCERTAINTY,60,Q loss,348,0.005404545459896326
GAS,BAD,UCB_WITHOUT_VAE_UNCERTAINTY,60,Q loss,349,0.0005904496647417545
GAS,BAD,UCB_WITHOUT_VAE_UNCERTAINTY,60,Q loss,350,0.0007556860218755901
GAS,BAD,UCB_WITHOUT_VAE_UNCERTAINTY,60,Q loss,351,0.00448938924819231
GAS,BAD,UCB_WITHOUT_VAE_UNCERTAINTY,60,Q loss,352,0.004917126148939133
GAS,BAD,UCB_WITHOUT_VAE_UNCERTAINTY,60,Q loss,353,0.004646443761885166
GAS,BAD,UCB_WITHOUT_VAE_UNCERTAINTY,60,Q loss,354,0.00506411399692297
GAS,BAD,UCB_WITHOUT_VAE_UNCERTAINTY,60,Q loss,355,0.0023279711604118347
GAS,BAD,UCB_WITHOUT_VAE_UNCERTAINTY,60,Q loss,356,0.0031142921652644873
GAS,BAD,UCB_WITHOUT_VAE_UNCERTAINTY,60,Q loss,357,0.00314349215477705
GAS,BAD,UCB_WITHOUT_VAE_UNCERTAINTY,60,Q loss,358,0.0019094474846497178
GAS,BAD,UCB_WITHOUT_VAE_UNCERTAINTY,60,Q loss,359,0.0042753941379487514
GAS,BAD,UCB_WITHOUT_VAE_UNCERTAINTY,60,Q loss,360,0.0013452048879116774
GAS,BAD,UCB_WITHOUT_VAE_UNCERTAINTY,60,Q loss,361,0.0031250689644366503
GAS,BAD,UCB_WITHOUT_VAE_UNCERTAINTY,60,Q loss,362,0.004457725211977959
GAS,BAD,UCB_WITHOUT_VAE_UNCERTAINTY,60,Q loss,363,0.0021210499107837677
GAS,BAD,UCB_WITHOUT_VAE_UNCERTAINTY,60,Q loss,364,0.001917617628350854
GAS,BAD,UCB_WITHOUT_VAE_UNCERTAINTY,60,Q loss,365,0.0027315777260810137
GAS,BAD,UCB_WITHOUT_VAE_UNCERTAINTY,60,Q loss,366,0.0010780909797176719
GAS,BAD,UCB_WITHOUT_VAE_UNCERTAINTY,60,Q loss,367,0.0029172305949032307
GAS,BAD,UCB_WITHOUT_VAE_UNCERTAINTY,60,Q loss,368,0.0008871328900568187
GAS,BAD,UCB_WITHOUT_VAE_UNCERTAINTY,60,Q loss,369,0.0028826736379414797
GAS,BAD,UCB_WITHOUT_VAE_UNCERTAINTY,60,Q loss,370,0.010773434303700924
GAS,BAD,UCB_WITHOUT_VAE_UNCERTAINTY,60,Q loss,371,0.00515912426635623
GAS,BAD,UCB_WITHOUT_VAE_UNCERTAINTY,60,Q loss,372,0.004488196223974228
GAS,BAD,UCB_WITHOUT_VAE_UNCERTAINTY,60,Q loss,373,0.0017780063208192587
GAS,BAD,UCB_WITHOUT_VAE_UNCERTAINTY,60,Q loss,374,0.005322427488863468
GAS,BAD,UCB_WITHOUT_VAE_UNCERTAINTY,60,Q loss,375,0.006085800938308239
GAS,BAD,UCB_WITHOUT_VAE_UNCERTAINTY,60,Q loss,376,0.0032150628976523876
GAS,BAD,UCB_WITHOUT_VAE_UNCERTAINTY,60,Q loss,377,0.005371570587158203
GAS,BAD,UCB_WITHOUT_VAE_UNCERTAINTY,60,Q loss,378,0.0014316827291622758
GAS,BAD,UCB_WITHOUT_VAE_UNCERTAINTY,60,Q loss,379,0.0009918538853526115
GAS,BAD,UCB_WITHOUT_VAE_UNCERTAINTY,60,Q loss,380,0.000770192127674818
GAS,BAD,UCB_WITHOUT_VAE_UNCERTAINTY,60,Q loss,381,0.004787427838891745
GAS,BAD,UCB_WITHOUT_VAE_UNCERTAINTY,60,Q loss,382,0.003223164938390255
GAS,BAD,UCB_WITHOUT_VAE_UNCERTAINTY,60,Q loss,383,0.0024707915727049112
GAS,BAD,UCB_WITHOUT_VAE_UNCERTAINTY,60,Q loss,384,0.002708355663344264
GAS,BAD,UCB_WITHOUT_VAE_UNCERTAINTY,60,Q loss,385,0.0013197235530242324
GAS,BAD,UCB_WITHOUT_VAE_UNCERTAINTY,60,Q loss,386,0.0015707786660641432
GAS,BAD,UCB_WITHOUT_VAE_UNCERTAINTY,60,Q loss,387,0.005957563873380423
GAS,BAD,UCB_WITHOUT_VAE_UNCERTAINTY,60,Q loss,388,0.004494562745094299
GAS,BAD,UCB_WITHOUT_VAE_UNCERTAINTY,60,Q loss,389,0.0021287035197019577
GAS,BAD,UCB_WITHOUT_VAE_UNCERTAINTY,60,Q loss,390,0.005419626832008362
GAS,BAD,UCB_WITHOUT_VAE_UNCERTAINTY,60,Q loss,391,0.003162314649671316
GAS,BAD,UCB_WITHOUT_VAE_UNCERTAINTY,60,Q loss,392,0.005148087162524462
GAS,BAD,UCB_WITHOUT_VAE_UNCERTAINTY,60,Q loss,393,0.0013569399015977979
GAS,BAD,UCB_WITHOUT_VAE_UNCERTAINTY,60,Q loss,394,0.009773485362529755
GAS,BAD,UCB_WITHOUT_VAE_UNCERTAINTY,60,Q loss,395,0.010386008769273758
GAS,BAD,UCB_WITHOUT_VAE_UNCERTAINTY,60,Q loss,396,0.0027460940182209015
GAS,BAD,UCB_WITHOUT_VAE_UNCERTAINTY,60,Q loss,397,0.004723485559225082
GAS,BAD,UCB_WITHOUT_VAE_UNCERTAINTY,60,Q loss,398,0.003108271164819598
GAS,BAD,UCB_WITHOUT_VAE_UNCERTAINTY,60,Q loss,399,0.0032167290337383747
GAS,BAD,UCB_WITHOUT_VAE_UNCERTAINTY,60,Q loss,400,0.003723488189280033
GAS,BAD,UCB_WITHOUT_VAE_UNCERTAINTY,60,Q loss,401,0.0017829608405008912
GAS,BAD,UCB_WITHOUT_VAE_UNCERTAINTY,60,Q loss,402,0.0019058804027736187
GAS,BAD,UCB_WITHOUT_VAE_UNCERTAINTY,60,Q loss,403,0.0015948083018884063
GAS,BAD,UCB_WITHOUT_VAE_UNCERTAINTY,60,Q loss,404,0.0032080961391329765
GAS,BAD,UCB_WITHOUT_VAE_UNCERTAINTY,60,Q loss,405,0.003054514992982149
GAS,BAD,UCB_WITHOUT_VAE_UNCERTAINTY,60,Q loss,406,0.005177594255656004
GAS,BAD,UCB_WITHOUT_VAE_UNCERTAINTY,60,Q loss,407,0.0026969625614583492
GAS,BAD,UCB_WITHOUT_VAE_UNCERTAINTY,60,Q loss,408,0.004571173805743456
GAS,BAD,UCB_WITHOUT_VAE_UNCERTAINTY,60,Q loss,409,0.0024167022202163935
GAS,BAD,UCB_WITHOUT_VAE_UNCERTAINTY,60,Q loss,410,0.0021962090395390987
GAS,BAD,UCB_WITHOUT_VAE_UNCERTAINTY,60,Q loss,411,0.004540984518826008
GAS,BAD,UCB_WITHOUT_VAE_UNCERTAINTY,60,Q loss,412,0.00460442341864109
GAS,BAD,UCB_WITHOUT_VAE_UNCERTAINTY,60,Q loss,413,0.0013984407996758819
GAS,BAD,UCB_WITHOUT_VAE_UNCERTAINTY,60,Q loss,414,0.007301788777112961
GAS,BAD,UCB_WITHOUT_VAE_UNCERTAINTY,60,Q loss,415,0.0018086453201249242
GAS,BAD,UCB_WITHOUT_VAE_UNCERTAINTY,60,Q loss,416,0.00337229878641665
GAS,BAD,UCB_WITHOUT_VAE_UNCERTAINTY,60,Q loss,417,0.0029869084246456623
GAS,BAD,UCB_WITHOUT_VAE_UNCERTAINTY,60,Q loss,418,0.003984322305768728
GAS,BAD,UCB_WITHOUT_VAE_UNCERTAINTY,60,Q loss,419,0.0009525394416414201
GAS,BAD,UCB_WITHOUT_VAE_UNCERTAINTY,60,Q loss,420,0.009517407044768333
GAS,BAD,UCB_WITHOUT_VAE_UNCERTAINTY,60,Q loss,421,0.0016527617117390037
GAS,BAD,UCB_WITHOUT_VAE_UNCERTAINTY,60,Q loss,422,0.0010533336317166686
GAS,BAD,UCB_WITHOUT_VAE_UNCERTAINTY,60,Q loss,423,0.004165536258369684
GAS,BAD,UCB_WITHOUT_VAE_UNCERTAINTY,60,Q loss,424,0.0026902214158326387
GAS,BAD,UCB_WITHOUT_VAE_UNCERTAINTY,60,Q loss,425,0.005904774647206068
GAS,BAD,UCB_WITHOUT_VAE_UNCERTAINTY,60,Q loss,426,0.0034466555807739496
GAS,BAD,UCB_WITHOUT_VAE_UNCERTAINTY,60,Q loss,427,0.002601883141323924
GAS,BAD,UCB_WITHOUT_VAE_UNCERTAINTY,60,Q loss,428,0.0037439540028572083
GAS,BAD,UCB_WITHOUT_VAE_UNCERTAINTY,60,Q loss,429,0.004592791199684143
GAS,BAD,UCB_WITHOUT_VAE_UNCERTAINTY,60,Q loss,430,0.004594174213707447
GAS,BAD,UCB_WITHOUT_VAE_UNCERTAINTY,60,Q loss,431,0.026545275002717972
GAS,BAD,UCB_WITHOUT_VAE_UNCERTAINTY,60,Q loss,432,0.0033929026685655117
GAS,BAD,UCB_WITHOUT_VAE_UNCERTAINTY,60,Q loss,433,0.002429473912343383
GAS,BAD,UCB_WITHOUT_VAE_UNCERTAINTY,60,Q loss,434,0.0037288914900273085
GAS,BAD,UCB_WITHOUT_VAE_UNCERTAINTY,60,Q loss,435,0.006629644893109798
GAS,BAD,UCB_WITHOUT_VAE_UNCERTAINTY,60,Q loss,436,0.0029319061432033777
GAS,BAD,UCB_WITHOUT_VAE_UNCERTAINTY,60,Q loss,437,0.0017147529870271683
GAS,BAD,UCB_WITHOUT_VAE_UNCERTAINTY,60,Q loss,438,0.0024977284483611584
GAS,BAD,UCB_WITHOUT_VAE_UNCERTAINTY,60,Q loss,439,0.0016014580614864826
GAS,BAD,UCB_WITHOUT_VAE_UNCERTAINTY,60,Q loss,440,0.0038255639374256134
GAS,BAD,UCB_WITHOUT_VAE_UNCERTAINTY,60,Q loss,441,0.004629285074770451
GAS,BAD,UCB_WITHOUT_VAE_UNCERTAINTY,60,Q loss,442,0.004030101932585239
GAS,BAD,UCB_WITHOUT_VAE_UNCERTAINTY,60,Q loss,443,0.004131111782044172
GAS,BAD,UCB_WITHOUT_VAE_UNCERTAINTY,60,Q loss,444,0.0028098993934690952
GAS,BAD,UCB_WITHOUT_VAE_UNCERTAINTY,60,Q loss,445,0.005088493227958679
GAS,BAD,UCB_WITHOUT_VAE_UNCERTAINTY,60,Q loss,446,0.0019038484897464514
GAS,BAD,UCB_WITHOUT_VAE_UNCERTAINTY,60,Q loss,447,0.001973087666556239
GAS,BAD,UCB_WITHOUT_VAE_UNCERTAINTY,60,Q loss,448,0.006775480229407549
GAS,BAD,UCB_WITHOUT_VAE_UNCERTAINTY,60,Q loss,449,0.00855873990803957
GAS,BAD,UCB_WITHOUT_VAE_UNCERTAINTY,60,Q loss,450,0.0022070955019444227
GAS,BAD,UCB_WITHOUT_VAE_UNCERTAINTY,60,Q loss,451,0.0028682337142527103
GAS,BAD,UCB_WITHOUT_VAE_UNCERTAINTY,60,Q loss,452,0.0013554644538089633
GAS,BAD,UCB_WITHOUT_VAE_UNCERTAINTY,60,Q loss,453,0.0026626046746969223
GAS,BAD,UCB_WITHOUT_VAE_UNCERTAINTY,60,Q loss,454,0.0006519000162370503
GAS,BAD,UCB_WITHOUT_VAE_UNCERTAINTY,60,Q loss,455,0.002026640810072422
GAS,BAD,UCB_WITHOUT_VAE_UNCERTAINTY,60,Q loss,456,0.0023785270750522614
GAS,BAD,UCB_WITHOUT_VAE_UNCERTAINTY,60,Q loss,457,0.0009997966699302197
GAS,BAD,UCB_WITHOUT_VAE_UNCERTAINTY,60,Q loss,458,0.0017616318073123693
GAS,BAD,UCB_WITHOUT_VAE_UNCERTAINTY,60,Q loss,459,0.001367026474326849
GAS,BAD,UCB_WITHOUT_VAE_UNCERTAINTY,60,Q loss,460,0.0043282415717840195
GAS,BAD,UCB_WITHOUT_VAE_UNCERTAINTY,60,Q loss,461,0.0017207801574841142
GAS,BAD,UCB_WITHOUT_VAE_UNCERTAINTY,60,Q loss,462,0.005052278749644756
GAS,BAD,UCB_WITHOUT_VAE_UNCERTAINTY,60,Q loss,463,0.0023493384942412376
GAS,BAD,UCB_WITHOUT_VAE_UNCERTAINTY,60,Q loss,464,0.0024864994920790195
GAS,BAD,UCB_WITHOUT_VAE_UNCERTAINTY,60,Q loss,465,0.00723311398178339
GAS,BAD,UCB_WITHOUT_VAE_UNCERTAINTY,60,Q loss,466,0.003763600718230009
GAS,BAD,UCB_WITHOUT_VAE_UNCERTAINTY,60,Q loss,467,0.018832799047231674
GAS,BAD,UCB_WITHOUT_VAE_UNCERTAINTY,60,Q loss,468,0.0014757669996470213
GAS,BAD,UCB_WITHOUT_VAE_UNCERTAINTY,60,Q loss,469,0.0017466979334130883
GAS,BAD,UCB_WITHOUT_VAE_UNCERTAINTY,60,Q loss,470,0.0018553829286247492
GAS,BAD,UCB_WITHOUT_VAE_UNCERTAINTY,60,Q loss,471,0.0022587149869650602
GAS,BAD,UCB_WITHOUT_VAE_UNCERTAINTY,60,Q loss,472,0.001985137118026614
GAS,BAD,UCB_WITHOUT_VAE_UNCERTAINTY,60,Q loss,473,0.0030678031034767628
GAS,BAD,UCB_WITHOUT_VAE_UNCERTAINTY,60,Q loss,474,0.0021401257254183292
GAS,BAD,UCB_WITHOUT_VAE_UNCERTAINTY,60,Q loss,475,0.0020613172091543674
GAS,BAD,UCB_WITHOUT_VAE_UNCERTAINTY,60,Q loss,476,0.000900183105841279
GAS,BAD,UCB_WITHOUT_VAE_UNCERTAINTY,60,Q loss,477,0.008159161545336246
GAS,BAD,UCB_WITHOUT_VAE_UNCERTAINTY,60,Q loss,478,0.0019183160038664937
GAS,BAD,UCB_WITHOUT_VAE_UNCERTAINTY,60,Q loss,479,0.001542125130072236
GAS,BAD,UCB_WITHOUT_VAE_UNCERTAINTY,60,Q loss,480,0.004894810263067484
GAS,BAD,UCB_WITHOUT_VAE_UNCERTAINTY,60,Q loss,481,0.004689214751124382
GAS,BAD,UCB_WITHOUT_VAE_UNCERTAINTY,60,Q loss,482,0.0023127456661313772
GAS,BAD,UCB_WITHOUT_VAE_UNCERTAINTY,60,Q loss,483,0.0037579191848635674
GAS,BAD,UCB_WITHOUT_VAE_UNCERTAINTY,60,Q loss,484,0.004486145917326212
GAS,BAD,UCB_WITHOUT_VAE_UNCERTAINTY,60,Q loss,485,0.0014528378378599882
GAS,BAD,UCB_WITHOUT_VAE_UNCERTAINTY,60,Q loss,486,0.0034978946205228567
GAS,BAD,UCB_WITHOUT_VAE_UNCERTAINTY,60,Q loss,487,0.00096144899725914
GAS,BAD,UCB_WITHOUT_VAE_UNCERTAINTY,60,Q loss,488,0.0016270445194095373
GAS,BAD,UCB_WITHOUT_VAE_UNCERTAINTY,60,Q loss,489,0.0036672460846602917
GAS,BAD,UCB_WITHOUT_VAE_UNCERTAINTY,60,Q loss,490,0.001921116141602397
GAS,BAD,UCB_WITHOUT_VAE_UNCERTAINTY,60,Q loss,491,0.0027971535455435514
GAS,BAD,UCB_WITHOUT_VAE_UNCERTAINTY,60,Q loss,492,0.0018311503808945417
GAS,BAD,UCB_WITHOUT_VAE_UNCERTAINTY,60,Q loss,493,0.0009308242588303983
GAS,BAD,UCB_WITHOUT_VAE_UNCERTAINTY,60,Q loss,494,0.002525641117244959
GAS,BAD,UCB_WITHOUT_VAE_UNCERTAINTY,60,Q loss,495,0.005374956876039505
GAS,BAD,UCB_WITHOUT_VAE_UNCERTAINTY,60,Q loss,496,0.0065103149972856045
GAS,BAD,UCB_WITHOUT_VAE_UNCERTAINTY,60,Q loss,497,0.006033717654645443
GAS,BAD,UCB_WITHOUT_VAE_UNCERTAINTY,60,Q loss,498,0.0037341180723160505
GAS,BAD,UCB_WITHOUT_VAE_UNCERTAINTY,60,Q loss,499,0.0033444524742662907
GAS,BAD,UCB_WITHOUT_VAE_UNCERTAINTY,60,Q loss,500,0.003127839881926775
GAS,BAD,UCB_WITHOUT_VAE_UNCERTAINTY,60,Q loss,501,0.0016448614187538624
GAS,BAD,UCB_WITHOUT_VAE_UNCERTAINTY,60,Q loss,502,0.002761919517070055
GAS,BAD,UCB_WITHOUT_VAE_UNCERTAINTY,60,Q loss,503,0.004587785340845585
GAS,BAD,UCB_WITHOUT_VAE_UNCERTAINTY,60,Q loss,504,0.002250571735203266
GAS,BAD,UCB_WITHOUT_VAE_UNCERTAINTY,60,Q loss,505,0.002526172436773777
GAS,BAD,UCB_WITHOUT_VAE_UNCERTAINTY,60,Q loss,506,0.0034301248379051685
GAS,BAD,UCB_WITHOUT_VAE_UNCERTAINTY,60,Q loss,507,0.0018575119320303202
GAS,BAD,UCB_WITHOUT_VAE_UNCERTAINTY,60,Q loss,508,0.0007381330942735076
GAS,BAD,UCB_WITHOUT_VAE_UNCERTAINTY,60,Q loss,509,0.00523297768086195
GAS,BAD,UCB_WITHOUT_VAE_UNCERTAINTY,60,Q loss,510,0.0022092899307608604
GAS,BAD,UCB_WITHOUT_VAE_UNCERTAINTY,60,Q loss,511,0.0007162073161453009
GAS,BAD,UCB_WITHOUT_VAE_UNCERTAINTY,60,Q loss,512,0.0012819160474464297
GAS,BAD,UCB_WITHOUT_VAE_UNCERTAINTY,60,Q loss,513,0.0014837058261036873
GAS,BAD,UCB_WITHOUT_VAE_UNCERTAINTY,60,Q loss,514,0.006486790720373392
GAS,BAD,UCB_WITHOUT_VAE_UNCERTAINTY,60,Q loss,515,0.006457949988543987
GAS,BAD,UCB_WITHOUT_VAE_UNCERTAINTY,60,Q loss,516,0.0030922354198992252
GAS,BAD,UCB_WITHOUT_VAE_UNCERTAINTY,60,Q loss,517,0.0024736374616622925
GAS,BAD,UCB_WITHOUT_VAE_UNCERTAINTY,60,Q loss,518,0.0016207091975957155
GAS,BAD,UCB_WITHOUT_VAE_UNCERTAINTY,60,Q loss,519,0.003920046612620354
GAS,BAD,UCB_WITHOUT_VAE_UNCERTAINTY,60,Q loss,520,0.0035934285260736942
GAS,BAD,UCB_WITHOUT_VAE_UNCERTAINTY,60,Q loss,521,0.012096921913325787
GAS,BAD,UCB_WITHOUT_VAE_UNCERTAINTY,60,Q loss,522,0.0018836027011275291
GAS,BAD,UCB_WITHOUT_VAE_UNCERTAINTY,60,Q loss,523,0.0006968643283471465
GAS,BAD,UCB_WITHOUT_VAE_UNCERTAINTY,60,Q loss,524,0.0031096567399799824
GAS,BAD,UCB_WITHOUT_VAE_UNCERTAINTY,60,Q loss,525,0.0016519372584298253
GAS,BAD,UCB_WITHOUT_VAE_UNCERTAINTY,60,Q loss,526,0.0016626572469249368
GAS,BAD,UCB_WITHOUT_VAE_UNCERTAINTY,60,Q loss,527,0.0011126911267638206
GAS,BAD,UCB_WITHOUT_VAE_UNCERTAINTY,60,Q loss,528,0.00399114191532135
GAS,BAD,UCB_WITHOUT_VAE_UNCERTAINTY,60,Q loss,529,0.0017422446981072426
GAS,BAD,UCB_WITHOUT_VAE_UNCERTAINTY,60,Q loss,530,0.002687332220375538
GAS,BAD,UCB_WITHOUT_VAE_UNCERTAINTY,60,Q loss,531,0.0009524999768473208
GAS,BAD,UCB_WITHOUT_VAE_UNCERTAINTY,60,Q loss,532,0.00423912238329649
GAS,BAD,UCB_WITHOUT_VAE_UNCERTAINTY,60,Q loss,533,0.0018886529142037034
GAS,BAD,UCB_WITHOUT_VAE_UNCERTAINTY,60,Q loss,534,0.003825046820566058
GAS,BAD,UCB_WITHOUT_VAE_UNCERTAINTY,60,Q loss,535,0.0048541054129600525
GAS,BAD,UCB_WITHOUT_VAE_UNCERTAINTY,60,Q loss,536,0.0011592274531722069
GAS,BAD,UCB_WITHOUT_VAE_UNCERTAINTY,60,Q loss,537,0.0012387726455926895
GAS,BAD,UCB_WITHOUT_VAE_UNCERTAINTY,60,Q loss,538,0.004133773967623711
GAS,BAD,UCB_WITHOUT_VAE_UNCERTAINTY,60,Q loss,539,0.006655286066234112
GAS,BAD,UCB_WITHOUT_VAE_UNCERTAINTY,60,Q loss,540,0.0024828030727803707
GAS,BAD,UCB_WITHOUT_VAE_UNCERTAINTY,60,Q loss,541,0.0012458941200748086
GAS,BAD,UCB_WITHOUT_VAE_UNCERTAINTY,60,Q loss,542,0.0024564904160797596
GAS,BAD,UCB_WITHOUT_VAE_UNCERTAINTY,60,Q loss,543,0.001960449619218707
GAS,BAD,UCB_WITHOUT_VAE_UNCERTAINTY,60,Q loss,544,0.0023332785349339247
GAS,BAD,UCB_WITHOUT_VAE_UNCERTAINTY,60,Q loss,545,0.002477499656379223
GAS,BAD,UCB_WITHOUT_VAE_UNCERTAINTY,60,Q loss,546,0.001651242608204484
GAS,BAD,UCB_WITHOUT_VAE_UNCERTAINTY,60,Q loss,547,0.0026324500795453787
GAS,BAD,UCB_WITHOUT_VAE_UNCERTAINTY,60,Q loss,548,0.0034177047200500965
GAS,BAD,UCB_WITHOUT_VAE_UNCERTAINTY,60,Q loss,549,0.0040879095904529095
GAS,BAD,UCB_WITHOUT_VAE_UNCERTAINTY,60,Q loss,550,0.007080980576574802
GAS,BAD,UCB_WITHOUT_VAE_UNCERTAINTY,60,Q loss,551,0.0047912378795444965
GAS,BAD,UCB_WITHOUT_VAE_UNCERTAINTY,60,Q loss,552,0.00451525766402483
GAS,BAD,UCB_WITHOUT_VAE_UNCERTAINTY,60,Q loss,553,0.0008059333777055144
GAS,BAD,UCB_WITHOUT_VAE_UNCERTAINTY,60,Q loss,554,0.004297094419598579
GAS,BAD,UCB_WITHOUT_VAE_UNCERTAINTY,60,Q loss,555,0.003311982611194253
GAS,BAD,UCB_WITHOUT_VAE_UNCERTAINTY,60,Q loss,556,0.009117565117776394
GAS,BAD,UCB_WITHOUT_VAE_UNCERTAINTY,60,Q loss,557,0.015295919962227345
GAS,BAD,UCB_WITHOUT_VAE_UNCERTAINTY,60,Q loss,558,0.00039750864380039275
GAS,BAD,UCB_WITHOUT_VAE_UNCERTAINTY,60,Q loss,559,0.006021603941917419
GAS,BAD,UCB_WITHOUT_VAE_UNCERTAINTY,60,Q loss,560,0.001351932529360056
GAS,BAD,UCB_WITHOUT_VAE_UNCERTAINTY,60,Q loss,561,0.0009080354357138276
GAS,BAD,UCB_WITHOUT_VAE_UNCERTAINTY,60,Q loss,562,0.0014686734648421407
GAS,BAD,UCB_WITHOUT_VAE_UNCERTAINTY,60,Q loss,563,0.0024182512424886227
GAS,BAD,UCB_WITHOUT_VAE_UNCERTAINTY,60,Q loss,564,0.0009548143134452403
GAS,BAD,UCB_WITHOUT_VAE_UNCERTAINTY,60,Q loss,565,0.002047087298706174
GAS,BAD,UCB_WITHOUT_VAE_UNCERTAINTY,60,Q loss,566,0.0029672393575310707
GAS,BAD,UCB_WITHOUT_VAE_UNCERTAINTY,60,Q loss,567,0.004778746515512466
GAS,BAD,UCB_WITHOUT_VAE_UNCERTAINTY,60,Q loss,568,0.009271595627069473
GAS,BAD,UCB_WITHOUT_VAE_UNCERTAINTY,60,Q loss,569,0.0037393788807094097
GAS,BAD,UCB_WITHOUT_VAE_UNCERTAINTY,60,Q loss,570,0.007013506256043911
GAS,BAD,UCB_WITHOUT_VAE_UNCERTAINTY,60,Q loss,571,0.002851546974852681
GAS,BAD,UCB_WITHOUT_VAE_UNCERTAINTY,60,Q loss,572,0.0039783865213394165
GAS,BAD,UCB_WITHOUT_VAE_UNCERTAINTY,60,Q loss,573,0.0036334129981696606
GAS,BAD,UCB_WITHOUT_VAE_UNCERTAINTY,60,Q loss,574,0.006601476576179266
GAS,BAD,UCB_WITHOUT_VAE_UNCERTAINTY,60,Q loss,575,0.01569606177508831
GAS,BAD,UCB_WITHOUT_VAE_UNCERTAINTY,60,Q loss,576,0.002680061850696802
GAS,BAD,UCB_WITHOUT_VAE_UNCERTAINTY,60,Q loss,577,0.0007081246003508568
GAS,BAD,UCB_WITHOUT_VAE_UNCERTAINTY,60,Q loss,578,0.005930060520768166
GAS,BAD,UCB_WITHOUT_VAE_UNCERTAINTY,60,Q loss,579,0.005194881930947304
GAS,BAD,UCB_WITHOUT_VAE_UNCERTAINTY,60,Q loss,580,0.0014352684374898672
GAS,BAD,UCB_WITHOUT_VAE_UNCERTAINTY,60,Q loss,581,0.002799107227474451
GAS,BAD,UCB_WITHOUT_VAE_UNCERTAINTY,60,Q loss,582,0.007914025336503983
GAS,BAD,UCB_WITHOUT_VAE_UNCERTAINTY,60,Q loss,583,0.000737462192773819
GAS,BAD,UCB_WITHOUT_VAE_UNCERTAINTY,60,Q loss,584,0.0024598627351224422
GAS,BAD,UCB_WITHOUT_VAE_UNCERTAINTY,60,Q loss,585,0.001831058762036264
GAS,BAD,UCB_WITHOUT_VAE_UNCERTAINTY,60,Q loss,586,0.004541169852018356
GAS,BAD,UCB_WITHOUT_VAE_UNCERTAINTY,60,Q loss,587,0.0033994591794908047
GAS,BAD,UCB_WITHOUT_VAE_UNCERTAINTY,60,Q loss,588,0.0017595771932974458
GAS,BAD,UCB_WITHOUT_VAE_UNCERTAINTY,60,Q loss,589,0.003906619735062122
GAS,BAD,UCB_WITHOUT_VAE_UNCERTAINTY,60,Q loss,590,0.0029486967250704765
GAS,BAD,UCB_WITHOUT_VAE_UNCERTAINTY,60,Q loss,591,0.0022558297496289015
GAS,BAD,UCB_WITHOUT_VAE_UNCERTAINTY,60,Q loss,592,0.0030903664883226156
GAS,BAD,UCB_WITHOUT_VAE_UNCERTAINTY,60,Q loss,593,0.010830904357135296
GAS,BAD,UCB_WITHOUT_VAE_UNCERTAINTY,60,Q loss,594,0.0033242767676711082
GAS,BAD,UCB_WITHOUT_VAE_UNCERTAINTY,60,Q loss,595,0.0010495075257495046
GAS,BAD,UCB_WITHOUT_VAE_UNCERTAINTY,60,Q loss,596,0.0020718835294246674
GAS,BAD,UCB_WITHOUT_VAE_UNCERTAINTY,60,Q loss,597,0.002618530299514532
GAS,BAD,UCB_WITHOUT_VAE_UNCERTAINTY,60,Q loss,598,0.002042981330305338
GAS,BAD,UCB_WITHOUT_VAE_UNCERTAINTY,60,Q loss,599,0.002566214418038726
GAS,BAD,UCB_WITHOUT_VAE_UNCERTAINTY,60,Q loss,600,0.004034233279526234
GAS,BAD,UCB_WITHOUT_VAE_UNCERTAINTY,60,Q loss,601,0.0006376386154443026
GAS,BAD,UCB_WITHOUT_VAE_UNCERTAINTY,60,Q loss,602,0.0011300432961434126
GAS,BAD,UCB_WITHOUT_VAE_UNCERTAINTY,60,Q loss,603,0.0035587712191045284
GAS,BAD,UCB_WITHOUT_VAE_UNCERTAINTY,60,Q loss,604,0.006705159321427345
GAS,BAD,UCB_WITHOUT_VAE_UNCERTAINTY,60,Q loss,605,0.0038734804838895798
GAS,BAD,UCB_WITHOUT_VAE_UNCERTAINTY,60,Q loss,606,0.003340322058647871
GAS,BAD,UCB_WITHOUT_VAE_UNCERTAINTY,60,Q loss,607,0.002173856133595109
GAS,BAD,UCB_WITHOUT_VAE_UNCERTAINTY,60,Q loss,608,0.0018331508617848158
GAS,BAD,UCB_WITHOUT_VAE_UNCERTAINTY,60,Q loss,609,0.0027391877956688404
GAS,BAD,UCB_WITHOUT_VAE_UNCERTAINTY,60,Q loss,610,0.0036854599602520466
GAS,BAD,UCB_WITHOUT_VAE_UNCERTAINTY,60,Q loss,611,0.014799218624830246
GAS,BAD,UCB_WITHOUT_VAE_UNCERTAINTY,60,Q loss,612,0.0016728577902540565
GAS,BAD,UCB_WITHOUT_VAE_UNCERTAINTY,60,Q loss,613,0.0022031799890100956
GAS,BAD,UCB_WITHOUT_VAE_UNCERTAINTY,60,Q loss,614,0.001362382317893207
GAS,BAD,UCB_WITHOUT_VAE_UNCERTAINTY,60,Q loss,615,0.0008882317342795432
GAS,BAD,UCB_WITHOUT_VAE_UNCERTAINTY,60,Q loss,616,0.0018941540038213134
GAS,BAD,UCB_WITHOUT_VAE_UNCERTAINTY,60,Q loss,617,0.0013567318674176931
GAS,BAD,UCB_WITHOUT_VAE_UNCERTAINTY,60,Q loss,618,0.002454428467899561
GAS,BAD,UCB_WITHOUT_VAE_UNCERTAINTY,60,Q loss,619,0.001262171659618616
GAS,BAD,UCB_WITHOUT_VAE_UNCERTAINTY,60,Q loss,620,0.0017545409500598907
GAS,BAD,UCB_WITHOUT_VAE_UNCERTAINTY,60,Q loss,621,0.004702875856310129
GAS,BAD,UCB_WITHOUT_VAE_UNCERTAINTY,60,Q loss,622,0.0033912803046405315
GAS,BAD,UCB_WITHOUT_VAE_UNCERTAINTY,60,Q loss,623,0.0019914857111871243
GAS,BAD,UCB_WITHOUT_VAE_UNCERTAINTY,60,Q loss,624,0.004576580133289099
GAS,BAD,UCB_WITHOUT_VAE_UNCERTAINTY,60,Q loss,625,0.0022359732538461685
GAS,BAD,UCB_WITHOUT_VAE_UNCERTAINTY,60,Q loss,626,0.002289507305249572
GAS,BAD,UCB_WITHOUT_VAE_UNCERTAINTY,60,Q loss,627,0.0024507930502295494
GAS,BAD,UCB_WITHOUT_VAE_UNCERTAINTY,60,Q loss,628,0.00429817009717226
GAS,BAD,UCB_WITHOUT_VAE_UNCERTAINTY,60,Q loss,629,0.014973987825214863
GAS,BAD,UCB_WITHOUT_VAE_UNCERTAINTY,60,Q loss,630,0.008638442493975163
GAS,BAD,UCB_WITHOUT_VAE_UNCERTAINTY,60,Q loss,631,0.005385851487517357
GAS,BAD,UCB_WITHOUT_VAE_UNCERTAINTY,60,Q loss,632,0.0022984950337558985
GAS,BAD,UCB_WITHOUT_VAE_UNCERTAINTY,60,Q loss,633,0.0014276490546762943
GAS,BAD,UCB_WITHOUT_VAE_UNCERTAINTY,60,Q loss,634,0.0015067344065755606
GAS,BAD,UCB_WITHOUT_VAE_UNCERTAINTY,60,Q loss,635,0.002122314414009452
GAS,BAD,UCB_WITHOUT_VAE_UNCERTAINTY,60,Q loss,636,0.006129476707428694
GAS,BAD,UCB_WITHOUT_VAE_UNCERTAINTY,60,Q loss,637,0.002344602020457387
GAS,BAD,UCB_WITHOUT_VAE_UNCERTAINTY,60,Q loss,638,0.0007623879355378449
GAS,BAD,UCB_WITHOUT_VAE_UNCERTAINTY,60,Q loss,639,0.0033407132141292095
GAS,BAD,UCB_WITHOUT_VAE_UNCERTAINTY,60,Q loss,640,0.0053923726081848145
GAS,BAD,UCB_WITHOUT_VAE_UNCERTAINTY,60,Q loss,641,0.0031179473735392094
GAS,BAD,UCB_WITHOUT_VAE_UNCERTAINTY,60,Q loss,642,0.003057042835280299
GAS,BAD,UCB_WITHOUT_VAE_UNCERTAINTY,60,Q loss,643,0.0017081784317269921
GAS,BAD,UCB_WITHOUT_VAE_UNCERTAINTY,60,Q loss,644,0.003347568679600954
GAS,BAD,UCB_WITHOUT_VAE_UNCERTAINTY,60,Q loss,645,0.0034159778151661158
GAS,BAD,UCB_WITHOUT_VAE_UNCERTAINTY,60,Q loss,646,0.004316897131502628
GAS,BAD,UCB_WITHOUT_VAE_UNCERTAINTY,60,Q loss,647,0.0014657333958894014
GAS,BAD,UCB_WITHOUT_VAE_UNCERTAINTY,60,Q loss,648,0.0014632400125265121
GAS,BAD,UCB_WITHOUT_VAE_UNCERTAINTY,60,Q loss,649,0.0014389546122401953
GAS,BAD,UCB_WITHOUT_VAE_UNCERTAINTY,60,Q loss,650,0.005436963867396116
GAS,BAD,UCB_WITHOUT_VAE_UNCERTAINTY,60,Q loss,651,0.0033350384328514338
GAS,BAD,UCB_WITHOUT_VAE_UNCERTAINTY,60,Q loss,652,0.0019222131231799722
GAS,BAD,UCB_WITHOUT_VAE_UNCERTAINTY,60,Q loss,653,0.0025318290572613478
GAS,BAD,UCB_WITHOUT_VAE_UNCERTAINTY,60,Q loss,654,0.000827080337330699
GAS,BAD,UCB_WITHOUT_VAE_UNCERTAINTY,60,Q loss,655,0.0012056896230205894
GAS,BAD,UCB_WITHOUT_VAE_UNCERTAINTY,60,Q loss,656,0.0008235966088250279
GAS,BAD,UCB_WITHOUT_VAE_UNCERTAINTY,60,Q loss,657,0.004583005793392658
GAS,BAD,UCB_WITHOUT_VAE_UNCERTAINTY,60,Q loss,658,0.002855823375284672
GAS,BAD,UCB_WITHOUT_VAE_UNCERTAINTY,60,Q loss,659,0.00622748164460063
GAS,BAD,UCB_WITHOUT_VAE_UNCERTAINTY,60,Q loss,660,0.004113726317882538
GAS,BAD,UCB_WITHOUT_VAE_UNCERTAINTY,60,Q loss,661,0.005577506497502327
GAS,BAD,UCB_WITHOUT_VAE_UNCERTAINTY,60,Q loss,662,0.0030623096972703934
GAS,BAD,UCB_WITHOUT_VAE_UNCERTAINTY,60,Q loss,663,0.004795852582901716
GAS,BAD,UCB_WITHOUT_VAE_UNCERTAINTY,60,Q loss,664,0.004600010812282562
GAS,BAD,UCB_WITHOUT_VAE_UNCERTAINTY,60,Q loss,665,0.009214253164827824
GAS,BAD,UCB_WITHOUT_VAE_UNCERTAINTY,60,Q loss,666,0.0019197429064661264
GAS,BAD,UCB_WITHOUT_VAE_UNCERTAINTY,60,Q loss,667,0.0011560068232938647
GAS,BAD,UCB_WITHOUT_VAE_UNCERTAINTY,60,Q loss,668,0.0010542715899646282
GAS,BAD,UCB_WITHOUT_VAE_UNCERTAINTY,60,Q loss,669,0.0014276413712650537
GAS,BAD,UCB_WITHOUT_VAE_UNCERTAINTY,60,Q loss,670,0.0012930231168866158
GAS,BAD,UCB_WITHOUT_VAE_UNCERTAINTY,60,Q loss,671,0.0021767716389149427
GAS,BAD,UCB_WITHOUT_VAE_UNCERTAINTY,60,Q loss,672,0.0018466267501935363
GAS,BAD,UCB_WITHOUT_VAE_UNCERTAINTY,60,Q loss,673,0.000744511024095118
GAS,BAD,UCB_WITHOUT_VAE_UNCERTAINTY,60,Q loss,674,0.0007862240308895707
GAS,BAD,UCB_WITHOUT_VAE_UNCERTAINTY,60,Q loss,675,0.002583481604233384
GAS,BAD,UCB_WITHOUT_VAE_UNCERTAINTY,60,Q loss,676,0.006352831143885851
GAS,BAD,UCB_WITHOUT_VAE_UNCERTAINTY,60,Q loss,677,0.0006376045639626682
GAS,BAD,UCB_WITHOUT_VAE_UNCERTAINTY,60,Q loss,678,0.002341154497116804
GAS,BAD,UCB_WITHOUT_VAE_UNCERTAINTY,60,Q loss,679,0.001961491769179702
GAS,BAD,UCB_WITHOUT_VAE_UNCERTAINTY,60,Q loss,680,0.002127588726580143
GAS,BAD,UCB_WITHOUT_VAE_UNCERTAINTY,60,Q loss,681,0.001814550720155239
GAS,BAD,UCB_WITHOUT_VAE_UNCERTAINTY,60,Q loss,682,0.0016434285789728165
GAS,BAD,UCB_WITHOUT_VAE_UNCERTAINTY,60,Q loss,683,0.0020626778714358807
GAS,BAD,UCB_WITHOUT_VAE_UNCERTAINTY,60,Q loss,684,0.0036022900603711605
GAS,BAD,UCB_WITHOUT_VAE_UNCERTAINTY,60,Q loss,685,0.001973076956346631
GAS,BAD,UCB_WITHOUT_VAE_UNCERTAINTY,60,Q loss,686,0.0032088742591440678
GAS,BAD,UCB_WITHOUT_VAE_UNCERTAINTY,60,Q loss,687,0.001295245485380292
GAS,BAD,UCB_WITHOUT_VAE_UNCERTAINTY,60,Q loss,688,0.002247992902994156
GAS,BAD,UCB_WITHOUT_VAE_UNCERTAINTY,60,Q loss,689,0.0018151677213609219
GAS,BAD,UCB_WITHOUT_VAE_UNCERTAINTY,60,Q loss,690,0.001090104109607637
GAS,BAD,UCB_WITHOUT_VAE_UNCERTAINTY,60,Q loss,691,0.0012147235684096813
GAS,BAD,UCB_WITHOUT_VAE_UNCERTAINTY,60,Q loss,692,0.000690644490532577
GAS,BAD,UCB_WITHOUT_VAE_UNCERTAINTY,60,Q loss,693,0.0015678468625992537
GAS,BAD,UCB_WITHOUT_VAE_UNCERTAINTY,60,Q loss,694,0.0025594180915504694
GAS,BAD,UCB_WITHOUT_VAE_UNCERTAINTY,60,Q loss,695,0.002561389934271574
GAS,BAD,UCB_WITHOUT_VAE_UNCERTAINTY,60,Q loss,696,0.005623294040560722
GAS,BAD,UCB_WITHOUT_VAE_UNCERTAINTY,60,Q loss,697,0.0025618444196879864
GAS,BAD,UCB_WITHOUT_VAE_UNCERTAINTY,60,Q loss,698,0.00193454057443887
GAS,BAD,UCB_WITHOUT_VAE_UNCERTAINTY,60,Q loss,699,0.0029235766269266605
GAS,BAD,UCB_WITHOUT_VAE_UNCERTAINTY,60,Q loss,700,0.00242712814360857
GAS,BAD,UCB_WITHOUT_VAE_UNCERTAINTY,60,Q loss,701,0.0016140103107318282
GAS,BAD,UCB_WITHOUT_VAE_UNCERTAINTY,60,Q loss,702,0.0007232495117932558
GAS,BAD,UCB_WITHOUT_VAE_UNCERTAINTY,60,Q loss,703,0.0012677988270297647
GAS,BAD,UCB_WITHOUT_VAE_UNCERTAINTY,60,Q loss,704,0.002717990195378661
GAS,BAD,UCB_WITHOUT_VAE_UNCERTAINTY,60,Q loss,705,0.0022420440800487995
GAS,BAD,UCB_WITHOUT_VAE_UNCERTAINTY,60,Q loss,706,0.0012337933294475079
GAS,BAD,UCB_WITHOUT_VAE_UNCERTAINTY,60,Q loss,707,0.0019569559954106808
GAS,BAD,UCB_WITHOUT_VAE_UNCERTAINTY,60,Q loss,708,0.0005272376583889127
GAS,BAD,UCB_WITHOUT_VAE_UNCERTAINTY,60,Q loss,709,0.0016966421389952302
GAS,BAD,UCB_WITHOUT_VAE_UNCERTAINTY,60,Q loss,710,0.002312923315912485
GAS,BAD,UCB_WITHOUT_VAE_UNCERTAINTY,60,Q loss,711,0.006208665203303099
GAS,BAD,UCB_WITHOUT_VAE_UNCERTAINTY,60,Q loss,712,0.004417077638208866
GAS,BAD,UCB_WITHOUT_VAE_UNCERTAINTY,60,Q loss,713,0.0018596180016174912
GAS,BAD,UCB_WITHOUT_VAE_UNCERTAINTY,60,Q loss,714,0.00382283260114491
GAS,BAD,UCB_WITHOUT_VAE_UNCERTAINTY,60,Q loss,715,0.0018335147760808468
GAS,BAD,UCB_WITHOUT_VAE_UNCERTAINTY,60,Q loss,716,0.0019869001116603613
GAS,BAD,UCB_WITHOUT_VAE_UNCERTAINTY,60,Q loss,717,0.0019343339372426271
GAS,BAD,UCB_WITHOUT_VAE_UNCERTAINTY,60,Q loss,718,0.005665686912834644
GAS,BAD,UCB_WITHOUT_VAE_UNCERTAINTY,60,Q loss,719,0.001971802907064557
GAS,BAD,UCB_WITHOUT_VAE_UNCERTAINTY,60,Q loss,720,0.0018725120462477207
GAS,BAD,UCB_WITHOUT_VAE_UNCERTAINTY,60,Q loss,721,0.003465059446170926
GAS,BAD,UCB_WITHOUT_VAE_UNCERTAINTY,60,Q loss,722,0.000848541734740138
GAS,BAD,UCB_WITHOUT_VAE_UNCERTAINTY,60,Q loss,723,0.002193391788750887
GAS,BAD,UCB_WITHOUT_VAE_UNCERTAINTY,60,Q loss,724,0.002602608175948262
GAS,BAD,UCB_WITHOUT_VAE_UNCERTAINTY,60,Q loss,725,0.0014103695284575224
GAS,BAD,UCB_WITHOUT_VAE_UNCERTAINTY,60,Q loss,726,0.0022150303702801466
GAS,BAD,UCB_WITHOUT_VAE_UNCERTAINTY,60,Q loss,727,0.0016567051643505692
GAS,BAD,UCB_WITHOUT_VAE_UNCERTAINTY,60,Q loss,728,0.00149391102604568
GAS,BAD,UCB_WITHOUT_VAE_UNCERTAINTY,60,Q loss,729,0.00251051620580256
GAS,BAD,UCB_WITHOUT_VAE_UNCERTAINTY,60,Q loss,730,0.0038536181673407555
GAS,BAD,UCB_WITHOUT_VAE_UNCERTAINTY,60,Q loss,731,0.006066605448722839
GAS,BAD,UCB_WITHOUT_VAE_UNCERTAINTY,60,Q loss,732,0.0039308564737439156
GAS,BAD,UCB_WITHOUT_VAE_UNCERTAINTY,60,Q loss,733,0.002534229774028063
GAS,BAD,UCB_WITHOUT_VAE_UNCERTAINTY,60,Q loss,734,0.002189779654145241
GAS,BAD,UCB_WITHOUT_VAE_UNCERTAINTY,60,Q loss,735,0.0026716352440416813
GAS,BAD,UCB_WITHOUT_VAE_UNCERTAINTY,60,Q loss,736,0.00488327955827117
GAS,BAD,UCB_WITHOUT_VAE_UNCERTAINTY,60,Q loss,737,0.003976269159466028
GAS,BAD,UCB_WITHOUT_VAE_UNCERTAINTY,60,Q loss,738,0.002206123899668455
GAS,BAD,UCB_WITHOUT_VAE_UNCERTAINTY,60,Q loss,739,0.0011207417119294405
GAS,BAD,UCB_WITHOUT_VAE_UNCERTAINTY,60,Q loss,740,0.0008983257575891912
GAS,BAD,UCB_WITHOUT_VAE_UNCERTAINTY,60,Q loss,741,0.0025530015118420124
GAS,BAD,UCB_WITHOUT_VAE_UNCERTAINTY,60,Q loss,742,0.0009763019043020904
GAS,BAD,UCB_WITHOUT_VAE_UNCERTAINTY,60,Q loss,743,0.001478545367717743
GAS,BAD,UCB_WITHOUT_VAE_UNCERTAINTY,60,Q loss,744,0.006029477342963219
GAS,BAD,UCB_WITHOUT_VAE_UNCERTAINTY,60,Q loss,745,0.0016784671461209655
GAS,BAD,UCB_WITHOUT_VAE_UNCERTAINTY,60,Q loss,746,0.002233576262369752
GAS,BAD,UCB_WITHOUT_VAE_UNCERTAINTY,60,Q loss,747,0.002786379074677825
GAS,BAD,UCB_WITHOUT_VAE_UNCERTAINTY,60,Q loss,748,0.0038249660283327103
GAS,BAD,UCB_WITHOUT_VAE_UNCERTAINTY,60,Q loss,749,0.0028617503121495247
GAS,BAD,UCB_WITHOUT_VAE_UNCERTAINTY,60,Q loss,750,0.0031895595602691174
GAS,BAD,UCB_WITHOUT_VAE_UNCERTAINTY,60,Q loss,751,0.0010955124162137508
GAS,BAD,UCB_WITHOUT_VAE_UNCERTAINTY,60,Q loss,752,0.0011862157844007015
GAS,BAD,UCB_WITHOUT_VAE_UNCERTAINTY,60,Q loss,753,0.0035300259478390217
GAS,BAD,UCB_WITHOUT_VAE_UNCERTAINTY,60,Q loss,754,0.0023045807611197233
GAS,BAD,UCB_WITHOUT_VAE_UNCERTAINTY,60,Q loss,755,0.0013201665133237839
GAS,BAD,UCB_WITHOUT_VAE_UNCERTAINTY,60,Q loss,756,0.0027049300260841846
GAS,BAD,UCB_WITHOUT_VAE_UNCERTAINTY,60,Q loss,757,0.0015993930865079165
GAS,BAD,UCB_WITHOUT_VAE_UNCERTAINTY,60,Q loss,758,0.002224299358204007
GAS,BAD,UCB_WITHOUT_VAE_UNCERTAINTY,60,Q loss,759,0.0011293390998616815
GAS,BAD,UCB_WITHOUT_VAE_UNCERTAINTY,60,Q loss,760,0.0010164781706407666
GAS,BAD,UCB_WITHOUT_VAE_UNCERTAINTY,60,Q loss,761,0.0017698194133117795
GAS,BAD,UCB_WITHOUT_VAE_UNCERTAINTY,60,Q loss,762,0.0026646621990948915
GAS,BAD,UCB_WITHOUT_VAE_UNCERTAINTY,60,Q loss,763,0.0012755549978464842
GAS,BAD,UCB_WITHOUT_VAE_UNCERTAINTY,60,Q loss,764,0.0018188547110185027
GAS,BAD,UCB_WITHOUT_VAE_UNCERTAINTY,60,Q loss,765,0.005252945702522993
GAS,BAD,UCB_WITHOUT_VAE_UNCERTAINTY,60,Q loss,766,0.0031122735235840082
GAS,BAD,UCB_WITHOUT_VAE_UNCERTAINTY,60,Q loss,767,0.008499573916196823
GAS,BAD,UCB_WITHOUT_VAE_UNCERTAINTY,60,Q loss,768,0.0013675675727427006
GAS,BAD,UCB_WITHOUT_VAE_UNCERTAINTY,60,Q loss,769,0.0007730812067165971
GAS,BAD,UCB_WITHOUT_VAE_UNCERTAINTY,60,Q loss,770,0.0027737566269934177
GAS,BAD,UCB_WITHOUT_VAE_UNCERTAINTY,60,Q loss,771,0.004808778874576092
GAS,BAD,UCB_WITHOUT_VAE_UNCERTAINTY,60,Q loss,772,0.005358431953936815
GAS,BAD,UCB_WITHOUT_VAE_UNCERTAINTY,60,Q loss,773,0.0037951376289129257
GAS,BAD,UCB_WITHOUT_VAE_UNCERTAINTY,60,Q loss,774,0.0009248782880604267
GAS,BAD,UCB_WITHOUT_VAE_UNCERTAINTY,60,Q loss,775,0.000874012999702245
GAS,BAD,UCB_WITHOUT_VAE_UNCERTAINTY,60,Q loss,776,0.0006728963926434517
GAS,BAD,UCB_WITHOUT_VAE_UNCERTAINTY,60,Q loss,777,0.003815901465713978
GAS,BAD,UCB_WITHOUT_VAE_UNCERTAINTY,60,Q loss,778,0.0021736405324190855
GAS,BAD,UCB_WITHOUT_VAE_UNCERTAINTY,60,Q loss,779,0.0026374123990535736
GAS,BAD,UCB_WITHOUT_VAE_UNCERTAINTY,60,Q loss,780,0.00387126044370234
GAS,BAD,UCB_WITHOUT_VAE_UNCERTAINTY,60,Q loss,781,0.003207600209861994
GAS,BAD,UCB_WITHOUT_VAE_UNCERTAINTY,60,Q loss,782,0.0007813247502781451
GAS,BAD,UCB_WITHOUT_VAE_UNCERTAINTY,60,Q loss,783,0.004038272425532341
GAS,BAD,UCB_WITHOUT_VAE_UNCERTAINTY,60,Q loss,784,0.003783630905672908
GAS,BAD,UCB_WITHOUT_VAE_UNCERTAINTY,60,Q loss,785,0.006649729795753956
GAS,BAD,UCB_WITHOUT_VAE_UNCERTAINTY,60,Q loss,786,0.002601014915853739
GAS,BAD,UCB_WITHOUT_VAE_UNCERTAINTY,60,Q loss,787,0.00375993549823761
GAS,BAD,UCB_WITHOUT_VAE_UNCERTAINTY,60,Q loss,788,0.0024413480423390865
GAS,BAD,UCB_WITHOUT_VAE_UNCERTAINTY,60,Q loss,789,0.0065955473110079765
GAS,BAD,UCB_WITHOUT_VAE_UNCERTAINTY,60,Q loss,790,0.005368908867239952
GAS,BAD,UCB_WITHOUT_VAE_UNCERTAINTY,60,Q loss,791,0.00224425015039742
GAS,BAD,UCB_WITHOUT_VAE_UNCERTAINTY,60,Q loss,792,0.0007873844006098807
GAS,BAD,UCB_WITHOUT_VAE_UNCERTAINTY,60,Q loss,793,0.001063719391822815
GAS,BAD,UCB_WITHOUT_VAE_UNCERTAINTY,60,Q loss,794,0.0009073078399524093
GAS,BAD,UCB_WITHOUT_VAE_UNCERTAINTY,60,Q loss,795,0.002499811816960573
GAS,BAD,UCB_WITHOUT_VAE_UNCERTAINTY,60,Q loss,796,0.0006448570056818426
GAS,BAD,UCB_WITHOUT_VAE_UNCERTAINTY,60,Q loss,797,0.0014159140409901738
GAS,BAD,UCB_WITHOUT_VAE_UNCERTAINTY,60,Q loss,798,0.005624751560389996
GAS,BAD,UCB_WITHOUT_VAE_UNCERTAINTY,60,Q loss,799,0.0008186491904780269
GAS,BAD,UCB_WITHOUT_VAE_UNCERTAINTY,60,Q loss,800,0.0023921492975205183
GAS,BAD,UCB_WITHOUT_VAE_UNCERTAINTY,60,Q loss,801,0.0025528897531330585
GAS,BAD,UCB_WITHOUT_VAE_UNCERTAINTY,60,Q loss,802,0.003723366651684046
GAS,BAD,UCB_WITHOUT_VAE_UNCERTAINTY,60,Q loss,803,0.0021343063563108444
GAS,BAD,UCB_WITHOUT_VAE_UNCERTAINTY,60,Q loss,804,0.0022053862921893597
GAS,BAD,UCB_WITHOUT_VAE_UNCERTAINTY,60,Q loss,805,0.00300736166536808
GAS,BAD,UCB_WITHOUT_VAE_UNCERTAINTY,60,Q loss,806,0.004470414016395807
GAS,BAD,UCB_WITHOUT_VAE_UNCERTAINTY,60,Q loss,807,0.0012397168902680278
GAS,BAD,UCB_WITHOUT_VAE_UNCERTAINTY,60,Q loss,808,0.002069672103971243
GAS,BAD,UCB_WITHOUT_VAE_UNCERTAINTY,60,Q loss,809,0.006573064252734184
GAS,BAD,UCB_WITHOUT_VAE_UNCERTAINTY,60,Cost loss,0,0.10491097718477249
GAS,BAD,UCB_WITHOUT_VAE_UNCERTAINTY,60,Cost loss,1,0.1049816906452179
GAS,BAD,UCB_WITHOUT_VAE_UNCERTAINTY,60,Cost loss,2,0.10195181518793106
GAS,BAD,UCB_WITHOUT_VAE_UNCERTAINTY,60,Cost loss,3,0.10166741162538528
GAS,BAD,UCB_WITHOUT_VAE_UNCERTAINTY,60,Cost loss,4,0.10033069550991058
GAS,BAD,UCB_WITHOUT_VAE_UNCERTAINTY,60,Cost loss,5,0.09770677983760834
GAS,BAD,UCB_WITHOUT_VAE_UNCERTAINTY,60,Cost loss,6,0.09771280735731125
GAS,BAD,UCB_WITHOUT_VAE_UNCERTAINTY,60,Cost loss,7,0.09584205597639084
GAS,BAD,UCB_WITHOUT_VAE_UNCERTAINTY,60,Cost loss,8,0.09491373598575592
GAS,BAD,UCB_WITHOUT_VAE_UNCERTAINTY,60,Cost loss,9,0.09335390478372574
GAS,BAD,UCB_WITHOUT_VAE_UNCERTAINTY,60,Cost loss,10,0.09327021986246109
GAS,BAD,UCB_WITHOUT_VAE_UNCERTAINTY,60,Cost loss,11,0.08982088416814804
GAS,BAD,UCB_WITHOUT_VAE_UNCERTAINTY,60,Cost loss,12,0.08828802406787872
GAS,BAD,UCB_WITHOUT_VAE_UNCERTAINTY,60,Cost loss,13,0.08715632557868958
GAS,BAD,UCB_WITHOUT_VAE_UNCERTAINTY,60,Cost loss,14,0.08830149471759796
GAS,BAD,UCB_WITHOUT_VAE_UNCERTAINTY,60,Cost loss,15,0.08668418973684311
GAS,BAD,UCB_WITHOUT_VAE_UNCERTAINTY,60,Cost loss,16,0.0834030956029892
GAS,BAD,UCB_WITHOUT_VAE_UNCERTAINTY,60,Cost loss,17,0.08204217255115509
GAS,BAD,UCB_WITHOUT_VAE_UNCERTAINTY,60,Cost loss,18,0.08195556700229645
GAS,BAD,UCB_WITHOUT_VAE_UNCERTAINTY,60,Cost loss,19,0.07987700402736664
GAS,BAD,UCB_WITHOUT_VAE_UNCERTAINTY,60,Cost loss,20,0.07985252141952515
GAS,BAD,UCB_WITHOUT_VAE_UNCERTAINTY,60,Cost loss,21,0.07909844815731049
GAS,BAD,UCB_WITHOUT_VAE_UNCERTAINTY,60,Cost loss,22,0.07673051953315735
GAS,BAD,UCB_WITHOUT_VAE_UNCERTAINTY,60,Cost loss,23,0.07479354739189148
GAS,BAD,UCB_WITHOUT_VAE_UNCERTAINTY,60,Cost loss,24,0.07418009638786316
GAS,BAD,UCB_WITHOUT_VAE_UNCERTAINTY,60,Cost loss,25,0.0729207992553711
GAS,BAD,UCB_WITHOUT_VAE_UNCERTAINTY,60,Cost loss,26,0.07289806753396988
GAS,BAD,UCB_WITHOUT_VAE_UNCERTAINTY,60,Cost loss,27,0.06987703591585159
GAS,BAD,UCB_WITHOUT_VAE_UNCERTAINTY,60,Cost loss,28,0.0697682797908783
GAS,BAD,UCB_WITHOUT_VAE_UNCERTAINTY,60,Cost loss,29,0.06830441951751709
GAS,BAD,UCB_WITHOUT_VAE_UNCERTAINTY,60,Cost loss,30,0.06738243997097015
GAS,BAD,UCB_WITHOUT_VAE_UNCERTAINTY,60,Cost loss,31,0.06659606099128723
GAS,BAD,UCB_WITHOUT_VAE_UNCERTAINTY,60,Cost loss,32,0.06451565772294998
GAS,BAD,UCB_WITHOUT_VAE_UNCERTAINTY,60,Cost loss,33,0.06368229538202286
GAS,BAD,UCB_WITHOUT_VAE_UNCERTAINTY,60,Cost loss,34,0.06263957917690277
GAS,BAD,UCB_WITHOUT_VAE_UNCERTAINTY,60,Cost loss,35,0.06291335076093674
GAS,BAD,UCB_WITHOUT_VAE_UNCERTAINTY,60,Cost loss,36,0.0599314421415329
GAS,BAD,UCB_WITHOUT_VAE_UNCERTAINTY,60,Cost loss,37,0.05916189029812813
GAS,BAD,UCB_WITHOUT_VAE_UNCERTAINTY,60,Cost loss,38,0.05849480628967285
GAS,BAD,UCB_WITHOUT_VAE_UNCERTAINTY,60,Cost loss,39,0.057629410177469254
GAS,BAD,UCB_WITHOUT_VAE_UNCERTAINTY,60,Cost loss,40,0.056072309613227844
GAS,BAD,UCB_WITHOUT_VAE_UNCERTAINTY,60,Cost loss,41,0.05644523352384567
GAS,BAD,UCB_WITHOUT_VAE_UNCERTAINTY,60,Cost loss,42,0.05283765867352486
GAS,BAD,UCB_WITHOUT_VAE_UNCERTAINTY,60,Cost loss,43,0.05606856197118759
GAS,BAD,UCB_WITHOUT_VAE_UNCERTAINTY,60,Cost loss,44,0.0529421791434288
GAS,BAD,UCB_WITHOUT_VAE_UNCERTAINTY,60,Cost loss,45,0.052437808364629745
GAS,BAD,UCB_WITHOUT_VAE_UNCERTAINTY,60,Cost loss,46,0.05074947327375412
GAS,BAD,UCB_WITHOUT_VAE_UNCERTAINTY,60,Cost loss,47,0.04919249936938286
GAS,BAD,UCB_WITHOUT_VAE_UNCERTAINTY,60,Cost loss,48,0.049744635820388794
GAS,BAD,UCB_WITHOUT_VAE_UNCERTAINTY,60,Cost loss,49,0.047482769936323166
GAS,BAD,UCB_WITHOUT_VAE_UNCERTAINTY,60,Cost loss,50,0.046755045652389526
GAS,BAD,UCB_WITHOUT_VAE_UNCERTAINTY,60,Cost loss,51,0.046496931463479996
GAS,BAD,UCB_WITHOUT_VAE_UNCERTAINTY,60,Cost loss,52,0.046148933470249176
GAS,BAD,UCB_WITHOUT_VAE_UNCERTAINTY,60,Cost loss,53,0.04543682932853699
GAS,BAD,UCB_WITHOUT_VAE_UNCERTAINTY,60,Cost loss,54,0.04453090578317642
GAS,BAD,UCB_WITHOUT_VAE_UNCERTAINTY,60,Cost loss,55,0.042229585349559784
GAS,BAD,UCB_WITHOUT_VAE_UNCERTAINTY,60,Cost loss,56,0.04354317858815193
GAS,BAD,UCB_WITHOUT_VAE_UNCERTAINTY,60,Cost loss,57,0.04081330820918083
GAS,BAD,UCB_WITHOUT_VAE_UNCERTAINTY,60,Cost loss,58,0.040994904935359955
GAS,BAD,UCB_WITHOUT_VAE_UNCERTAINTY,60,Cost loss,59,0.039961040019989014
GAS,BAD,UCB_WITHOUT_VAE_UNCERTAINTY,60,Cost loss,60,0.03820652514696121
GAS,BAD,UCB_WITHOUT_VAE_UNCERTAINTY,60,Cost loss,61,0.04040558263659477
GAS,BAD,UCB_WITHOUT_VAE_UNCERTAINTY,60,Cost loss,62,0.03846580535173416
GAS,BAD,UCB_WITHOUT_VAE_UNCERTAINTY,60,Cost loss,63,0.038258425891399384
GAS,BAD,UCB_WITHOUT_VAE_UNCERTAINTY,60,Cost loss,64,0.036211952567100525
GAS,BAD,UCB_WITHOUT_VAE_UNCERTAINTY,60,Cost loss,65,0.03585682809352875
GAS,BAD,UCB_WITHOUT_VAE_UNCERTAINTY,60,Cost loss,66,0.03618191182613373
GAS,BAD,UCB_WITHOUT_VAE_UNCERTAINTY,60,Cost loss,67,0.034587591886520386
GAS,BAD,UCB_WITHOUT_VAE_UNCERTAINTY,60,Cost loss,68,0.03388635814189911
GAS,BAD,UCB_WITHOUT_VAE_UNCERTAINTY,60,Cost loss,69,0.03171477094292641
GAS,BAD,UCB_WITHOUT_VAE_UNCERTAINTY,60,Cost loss,70,0.03348756954073906
GAS,BAD,UCB_WITHOUT_VAE_UNCERTAINTY,60,Cost loss,71,0.0316186398267746
GAS,BAD,UCB_WITHOUT_VAE_UNCERTAINTY,60,Cost loss,72,0.03139691427350044
GAS,BAD,UCB_WITHOUT_VAE_UNCERTAINTY,60,Cost loss,73,0.029925988987088203
GAS,BAD,UCB_WITHOUT_VAE_UNCERTAINTY,60,Cost loss,74,0.02974056825041771
GAS,BAD,UCB_WITHOUT_VAE_UNCERTAINTY,60,Cost loss,75,0.02821129560470581
GAS,BAD,UCB_WITHOUT_VAE_UNCERTAINTY,60,Cost loss,76,0.029263213276863098
GAS,BAD,UCB_WITHOUT_VAE_UNCERTAINTY,60,Cost loss,77,0.028455983847379684
GAS,BAD,UCB_WITHOUT_VAE_UNCERTAINTY,60,Cost loss,78,0.027955010533332825
GAS,BAD,UCB_WITHOUT_VAE_UNCERTAINTY,60,Cost loss,79,0.025963494554162025
GAS,BAD,UCB_WITHOUT_VAE_UNCERTAINTY,60,Cost loss,80,0.026025209575891495
GAS,BAD,UCB_WITHOUT_VAE_UNCERTAINTY,60,Cost loss,81,0.025137368589639664
GAS,BAD,UCB_WITHOUT_VAE_UNCERTAINTY,60,Cost loss,82,0.026636887341737747
GAS,BAD,UCB_WITHOUT_VAE_UNCERTAINTY,60,Cost loss,83,0.02412567101418972
GAS,BAD,UCB_WITHOUT_VAE_UNCERTAINTY,60,Cost loss,84,0.02407035231590271
GAS,BAD,UCB_WITHOUT_VAE_UNCERTAINTY,60,Cost loss,85,0.02249021828174591
GAS,BAD,UCB_WITHOUT_VAE_UNCERTAINTY,60,Cost loss,86,0.023443829268217087
GAS,BAD,UCB_WITHOUT_VAE_UNCERTAINTY,60,Cost loss,87,0.0218531284481287
GAS,BAD,UCB_WITHOUT_VAE_UNCERTAINTY,60,Cost loss,88,0.02277391031384468
GAS,BAD,UCB_WITHOUT_VAE_UNCERTAINTY,60,Cost loss,89,0.02185318060219288
GAS,BAD,UCB_WITHOUT_VAE_UNCERTAINTY,60,Cost loss,90,0.021730326116085052
GAS,BAD,UCB_WITHOUT_VAE_UNCERTAINTY,60,Cost loss,91,0.021577343344688416
GAS,BAD,UCB_WITHOUT_VAE_UNCERTAINTY,60,Cost loss,92,0.02009464055299759
GAS,BAD,UCB_WITHOUT_VAE_UNCERTAINTY,60,Cost loss,93,0.0193388219922781
GAS,BAD,UCB_WITHOUT_VAE_UNCERTAINTY,60,Cost loss,94,0.01950579322874546
GAS,BAD,UCB_WITHOUT_VAE_UNCERTAINTY,60,Cost loss,95,0.019058655947446823
GAS,BAD,UCB_WITHOUT_VAE_UNCERTAINTY,60,Cost loss,96,0.019366273656487465
GAS,BAD,UCB_WITHOUT_VAE_UNCERTAINTY,60,Cost loss,97,0.018071642145514488
GAS,BAD,UCB_WITHOUT_VAE_UNCERTAINTY,60,Cost loss,98,0.019034115597605705
GAS,BAD,UCB_WITHOUT_VAE_UNCERTAINTY,60,Cost loss,99,0.017753535881638527
GAS,BAD,UCB_WITHOUT_VAE_UNCERTAINTY,60,Cost loss,100,0.017399735748767853
GAS,BAD,UCB_WITHOUT_VAE_UNCERTAINTY,60,Cost loss,101,0.01700960472226143
GAS,BAD,UCB_WITHOUT_VAE_UNCERTAINTY,60,Cost loss,102,0.018291130661964417
GAS,BAD,UCB_WITHOUT_VAE_UNCERTAINTY,60,Cost loss,103,0.017517562955617905
GAS,BAD,UCB_WITHOUT_VAE_UNCERTAINTY,60,Cost loss,104,0.016327038407325745
GAS,BAD,UCB_WITHOUT_VAE_UNCERTAINTY,60,Cost loss,105,0.01728283427655697
GAS,BAD,UCB_WITHOUT_VAE_UNCERTAINTY,60,Cost loss,106,0.016451390460133553
GAS,BAD,UCB_WITHOUT_VAE_UNCERTAINTY,60,Cost loss,107,0.01678769662976265
GAS,BAD,UCB_WITHOUT_VAE_UNCERTAINTY,60,Cost loss,108,0.017114754766225815
GAS,BAD,UCB_WITHOUT_VAE_UNCERTAINTY,60,Cost loss,109,0.01541593112051487
GAS,BAD,UCB_WITHOUT_VAE_UNCERTAINTY,60,Cost loss,110,0.01672419346868992
GAS,BAD,UCB_WITHOUT_VAE_UNCERTAINTY,60,Cost loss,111,0.01514037512242794
GAS,BAD,UCB_WITHOUT_VAE_UNCERTAINTY,60,Cost loss,112,0.015447529032826424
GAS,BAD,UCB_WITHOUT_VAE_UNCERTAINTY,60,Cost loss,113,0.01456458494067192
GAS,BAD,UCB_WITHOUT_VAE_UNCERTAINTY,60,Cost loss,114,0.014805273152887821
GAS,BAD,UCB_WITHOUT_VAE_UNCERTAINTY,60,Cost loss,115,0.014588744379580021
GAS,BAD,UCB_WITHOUT_VAE_UNCERTAINTY,60,Cost loss,116,0.014709297567605972
GAS,BAD,UCB_WITHOUT_VAE_UNCERTAINTY,60,Cost loss,117,0.01378082949668169
GAS,BAD,UCB_WITHOUT_VAE_UNCERTAINTY,60,Cost loss,118,0.014372574165463448
GAS,BAD,UCB_WITHOUT_VAE_UNCERTAINTY,60,Cost loss,119,0.013147683814167976
GAS,BAD,UCB_WITHOUT_VAE_UNCERTAINTY,60,Cost loss,120,0.014171985909342766
GAS,BAD,UCB_WITHOUT_VAE_UNCERTAINTY,60,Cost loss,121,0.012895649299025536
GAS,BAD,UCB_WITHOUT_VAE_UNCERTAINTY,60,Cost loss,122,0.012892493978142738
GAS,BAD,UCB_WITHOUT_VAE_UNCERTAINTY,60,Cost loss,123,0.012353986501693726
GAS,BAD,UCB_WITHOUT_VAE_UNCERTAINTY,60,Cost loss,124,0.013185089454054832
GAS,BAD,UCB_WITHOUT_VAE_UNCERTAINTY,60,Cost loss,125,0.012639627791941166
GAS,BAD,UCB_WITHOUT_VAE_UNCERTAINTY,60,Cost loss,126,0.012291429564356804
GAS,BAD,UCB_WITHOUT_VAE_UNCERTAINTY,60,Cost loss,127,0.011822263710200787
GAS,BAD,UCB_WITHOUT_VAE_UNCERTAINTY,60,Cost loss,128,0.011835787445306778
GAS,BAD,UCB_WITHOUT_VAE_UNCERTAINTY,60,Cost loss,129,0.011145491153001785
GAS,BAD,UCB_WITHOUT_VAE_UNCERTAINTY,60,Cost loss,130,0.01141989417374134
GAS,BAD,UCB_WITHOUT_VAE_UNCERTAINTY,60,Cost loss,131,0.010500065051019192
GAS,BAD,UCB_WITHOUT_VAE_UNCERTAINTY,60,Cost loss,132,0.01002533733844757
GAS,BAD,UCB_WITHOUT_VAE_UNCERTAINTY,60,Cost loss,133,0.009845697320997715
GAS,BAD,UCB_WITHOUT_VAE_UNCERTAINTY,60,Cost loss,134,0.009996109642088413
GAS,BAD,UCB_WITHOUT_VAE_UNCERTAINTY,60,Cost loss,135,0.009107828140258789
GAS,BAD,UCB_WITHOUT_VAE_UNCERTAINTY,60,Cost loss,136,0.008960232138633728
GAS,BAD,UCB_WITHOUT_VAE_UNCERTAINTY,60,Cost loss,137,0.008802814409136772
GAS,BAD,UCB_WITHOUT_VAE_UNCERTAINTY,60,Cost loss,138,0.008983859792351723
GAS,BAD,UCB_WITHOUT_VAE_UNCERTAINTY,60,Cost loss,139,0.008536875247955322
GAS,BAD,UCB_WITHOUT_VAE_UNCERTAINTY,60,Cost loss,140,0.008823353797197342
GAS,BAD,UCB_WITHOUT_VAE_UNCERTAINTY,60,Cost loss,141,0.00834997370839119
GAS,BAD,UCB_WITHOUT_VAE_UNCERTAINTY,60,Cost loss,142,0.00854653213173151
GAS,BAD,UCB_WITHOUT_VAE_UNCERTAINTY,60,Cost loss,143,0.007908115163445473
GAS,BAD,UCB_WITHOUT_VAE_UNCERTAINTY,60,Cost loss,144,0.00829742755740881
